FinishTime,ArrivalTime,ServiceTime,ID
1.854011409905609e+00,1.265776115787961e+00,5.882352941176471e-01,1489039
2.442246704023256e+00,1.375204194668228e+00,5.882352941176471e-01,1489040
4.206952586376197e+00,2.183389557006908e+00,1.764705882352941e+00,1489041
5.735331951103045e+00,5.147096656985398e+00,5.882352941176471e-01,1489042
6.323567245220692e+00,5.474939429913989e+00,5.882352941176471e-01,1489043
6.911802539338339e+00,5.958519859124002e+00,5.882352941176471e-01,1489044
7.595092158615752e+00,7.006856864498105e+00,5.882352941176471e-01,1489045
8.310301693768578e+00,7.722066399650931e+00,5.882352941176471e-01,1489046
8.898536987886225e+00,8.106818435205008e+00,5.882352941176471e-01,1489047
9.486772282003872e+00,8.534785683978637e+00,5.882352941176471e-01,1489048
1.007500757612152e+01,9.416649191387484e+00,5.882352941176471e-01,1489049
1.125147816435681e+01,9.555375067093881e+00,1.176470588235294e+00,1489050
1.248382296602095e+01,1.189558767190330e+01,5.882352941176471e-01,1489051
1.654992684024046e+01,1.537345625200516e+01,1.176470588235294e+00,1489052
1.793090359203234e+01,1.734266829791469e+01,5.882352941176471e-01,1489053
1.975196533889621e+01,1.798725945654327e+01,1.764705882352941e+00,1489054
2.093071204336306e+01,2.034247674924542e+01,5.882352941176471e-01,1489055
2.167316936345063e+01,2.108493406933298e+01,5.882352941176471e-01,1489056
2.365175626255348e+01,2.306352096843583e+01,5.882352941176471e-01,1489057
2.450507447189157e+01,2.391683917777392e+01,5.882352941176471e-01,1489058
2.509330976600921e+01,2.412644866673474e+01,5.882352941176471e-01,1489059
2.725338687100442e+01,2.548868098865148e+01,1.764705882352941e+00,1489060
2.837137332326692e+01,2.778313802914928e+01,5.882352941176471e-01,1489061
3.049750417336928e+01,2.873279829101634e+01,1.176470588235294e+00,1489062
3.167397476160458e+01,2.934189423843919e+01,1.176470588235294e+00,1489063
3.311601641647617e+01,3.207828872019953e+01,5.882352941176471e-01,1489066
3.409065782268038e+01,3.350242252856273e+01,5.882352941176471e-01,1489067
3.541477524705884e+01,3.482653995294120e+01,5.882352941176471e-01,1489069
3.579162182042811e+01,3.063970530357934e+01,1.764705882352941e+00,1489064
3.696809240866340e+01,3.412312564834386e+01,1.176470588235294e+00,1489068
3.755632770278105e+01,3.193954582824088e+01,1.764705882352941e+00,1489065
3.911475067948037e+01,3.852651538536272e+01,5.882352941176471e-01,1489071
3.932103358513399e+01,3.748844045757596e+01,1.176470588235294e+00,1489070
4.129264093547774e+01,4.070440564136009e+01,5.882352941176471e-01,1489072
4.188087622959538e+01,4.085122188382244e+01,5.882352941176471e-01,1489073
4.441687099967201e+01,4.254232817504476e+01,5.882352941176471e-01,1489076
4.778437567236099e+01,4.711518683223488e+01,5.882352941176471e-01,1489081
4.852455670652174e+01,4.793632141240409e+01,5.882352941176471e-01,1489082
4.954908155471393e+01,4.135390862854707e+01,1.764705882352941e+00,1489074
5.134220472254659e+01,5.021015136818997e+01,5.882352941176471e-01,1489085
5.193044001666424e+01,5.091336888315629e+01,5.882352941176471e-01,1489087
5.264965748002951e+01,4.842444148577898e+01,1.176470588235294e+00,1489083
5.323789277414716e+01,4.538835649633766e+01,1.764705882352941e+00,1489080
5.693547610914462e+01,5.456195795787330e+01,5.882352941176471e-01,1489091
5.752371140326226e+01,5.665670423665857e+01,5.882352941176471e-01,1489096
5.901314731773436e+01,5.842491202361671e+01,5.882352941176471e-01,1489097
5.960138261185200e+01,5.857977441079721e+01,5.882352941176471e-01,1489098
6.018961790596965e+01,5.929691873498624e+01,5.882352941176471e-01,1489099
6.153456999008532e+01,5.000633467958395e+01,1.764705882352941e+00,1489084
6.300968030653041e+01,6.242144501241276e+01,5.882352941176471e-01,1489101
6.388751116655591e+01,5.452115183438293e+01,1.764705882352941e+00,1489090
6.447574646067355e+01,6.386079313205161e+01,5.882352941176471e-01,1489102
6.506398175479120e+01,6.415690862676944e+01,5.882352941176471e-01,1489103
6.596746814320223e+01,6.537923284908458e+01,5.882352941176471e-01,1489104
6.822459885787843e+01,6.160715555177220e+01,1.176470588235294e+00,1489100
6.998930474023137e+01,6.611897921186194e+01,1.176470588235294e+00,1489106
7.069361348048055e+01,7.010537818636290e+01,5.882352941176471e-01,1489109
7.116577532846667e+01,6.538089311422537e+01,1.764705882352941e+00,1489105
7.351871650493725e+01,7.103298018742235e+01,1.176470588235294e+00,1489110
7.410695179905490e+01,7.154229194274606e+01,1.764705882352941e+00,1489111
7.535209870824033e+01,7.417562812000504e+01,1.176470588235294e+00,1489112
8.014991168936345e+01,7.956167639524580e+01,5.882352941176471e-01,1489113
8.307169685108220e+01,8.248346155696456e+01,5.882352941176471e-01,1489114
8.365993214519985e+01,8.266940959552090e+01,5.882352941176471e-01,1489115
8.424816743931750e+01,8.335156176368472e+01,5.882352941176471e-01,1489116
8.733990036216799e+01,8.616342977393269e+01,1.176470588235294e+00,1489117
8.910460624452093e+01,8.722839940397037e+01,1.764705882352941e+00,1489118
8.969284153863858e+01,8.907213540675078e+01,5.882352941176471e-01,1489119
9.035117307370537e+01,8.976293777958773e+01,5.882352941176471e-01,1489120
9.208085194791859e+01,9.149261665380094e+01,5.882352941176471e-01,1489121
9.327228367819606e+01,9.211077423200294e+01,5.882352941176471e-01,1489124
9.393874316445878e+01,9.335050787034113e+01,5.882352941176471e-01,1489125
9.452697845857643e+01,9.338272227400752e+01,5.882352941176471e-01,1489126
9.629168434092937e+01,9.543696320724599e+01,5.882352941176471e-01,1489129
9.689848586801362e+01,9.631025057389597e+01,5.882352941176471e-01,1489130
9.797816603113724e+01,9.184292526650262e+01,1.764705882352941e+00,1489122
9.978045872828172e+01,9.919222343416407e+01,5.882352941176471e-01,1489132
1.007339670569519e+02,9.920950607487093e+01,5.882352941176471e-01,1489133
1.015714894226063e+02,1.005110047973868e+02,5.882352941176471e-01,1489135
1.027479600108416e+02,1.016697329352360e+02,5.882352941176471e-01,1489138
1.033361953049592e+02,1.026896523147840e+02,5.882352941176471e-01,1489139
1.061605351265517e+02,1.049528259776544e+02,5.882352941176471e-01,1489143
1.067487704206693e+02,9.451238141746757e+01,1.764705882352941e+00,1489127
1.079252410089046e+02,1.070637525655340e+02,5.882352941176471e-01,1489145
1.086917095816071e+02,1.081034742874895e+02,5.882352941176471e-01,1489146
1.092799448757248e+02,1.081181470111419e+02,5.882352941176471e-01,1489147
1.110441358338933e+02,1.104559005397756e+02,5.882352941176471e-01,1489148
1.138075939500811e+02,1.046613618844987e+02,1.176470588235294e+00,1489142
1.138075939500811e+02,1.043165794099945e+02,1.176470588235294e+00,1489141
1.138075939500811e+02,1.034177201932376e+02,1.176470588235294e+00,1489140
1.138075939500811e+02,9.831945093534129e+01,1.176470588235294e+00,1489131
1.143958292441987e+02,1.012325412000253e+02,1.764705882352941e+00,1489137
1.149840645383164e+02,1.143488072736784e+02,5.882352941176471e-01,1489150
1.157837201231523e+02,1.151954848290346e+02,5.882352941176471e-01,1489151
1.170080305460939e+02,1.164098183914671e+02,5.882352941176471e-01,1489153
1.175962658402115e+02,1.165165259456797e+02,5.882352941176471e-01,1489154
1.185134763030223e+02,1.178648986960225e+02,5.882352941176471e-01,1489155
1.191017115971399e+02,1.180736461435858e+02,5.882352941176471e-01,1489156
1.202781821853752e+02,1.121025286181497e+02,1.764705882352941e+00,1489149
1.214546527736105e+02,1.203106988267655e+02,5.882352941176471e-01,1489159
1.243958292441987e+02,1.193447049254487e+02,1.176470588235294e+00,1489157
1.249840645383164e+02,1.158315599578586e+02,1.764705882352941e+00,1489152
1.289409058213704e+02,1.282722676393681e+02,5.882352941176471e-01,1489164
1.295291411154881e+02,1.286469137916340e+02,5.882352941176471e-01,1489165
1.301173764096057e+02,1.247235106975084e+02,1.764705882352941e+00,1489161
1.307056117037234e+02,1.298709220971684e+02,5.882352941176471e-01,1489166
1.314666459732256e+02,1.308784106791079e+02,5.882352941176471e-01,1489167
1.325326522197168e+02,1.311354865234192e+02,5.882352941176471e-01,1489168
1.338231538056515e+02,1.332349185115339e+02,5.882352941176471e-01,1489171
1.356800610764496e+02,1.350918257823320e+02,5.882352941176471e-01,1489174
1.369908007261538e+02,1.364025654320362e+02,5.882352941176471e-01,1489176
1.375790360202715e+02,1.366885302003791e+02,5.882352941176471e-01,1489177
1.384150051608933e+02,1.324221878779727e+02,1.764705882352941e+00,1489170
1.401797110432462e+02,1.333199655312890e+02,1.176470588235294e+00,1489173
1.409735233482283e+02,1.403852880541106e+02,5.882352941176471e-01,1489178
1.415617586423459e+02,1.405020418949380e+02,5.882352941176471e-01,1489179
1.421499939364636e+02,1.415445313851806e+02,5.882352941176471e-01,1489180
1.425326522197168e+02,1.333101769454675e+02,1.764705882352941e+00,1489172
1.448855933961874e+02,1.423164710594918e+02,1.176470588235294e+00,1489181
1.473724273950854e+02,1.460711718578433e+02,5.882352941176471e-01,1489187
1.473724273950854e+02,1.460206620786886e+02,5.882352941176471e-01,1489186
1.484150051608933e+02,1.435177985839101e+02,1.176470588235294e+00,1489183
1.484150051608933e+02,1.434593217073071e+02,1.176470588235294e+00,1489182
1.506704558893062e+02,1.494655881338896e+02,5.882352941176471e-01,1489189
1.506704558893062e+02,1.493964948530132e+02,5.882352941176471e-01,1489188
1.512586911834238e+02,1.450194862186148e+02,1.764705882352941e+00,1489184
1.537724170773727e+02,1.514194759009021e+02,1.764705882352941e+00,1489190
1.551146273516407e+02,1.545263920575231e+02,5.882352941176471e-01,1489192
1.555371229597256e+02,1.523965789172437e+02,1.764705882352941e+00,1489191
1.563061166130237e+02,1.557178813189061e+02,5.882352941176471e-01,1489193
1.581872988434885e+02,1.575990635493709e+02,5.882352941176471e-01,1489194
1.592763924590347e+02,1.577083885146968e+02,5.882352941176471e-01,1489195
1.604528630472700e+02,1.597758457244673e+02,5.882352941176471e-01,1489198
1.618248945157937e+02,1.612366592216760e+02,5.882352941176471e-01,1489199
1.624131298099113e+02,1.617459676951680e+02,5.882352941176471e-01,1489200
1.635896003981466e+02,1.620687254978379e+02,5.882352941176471e-01,1489201
1.639822748119758e+02,1.591890154863455e+02,1.764705882352941e+00,1489197
1.648932787934221e+02,1.643050434993044e+02,5.882352941176471e-01,1489203
1.661894710494262e+02,1.656012357553086e+02,5.882352941176471e-01,1489205
1.667777063435439e+02,1.659867007131623e+02,5.882352941176471e-01,1489206
1.675116865766817e+02,1.623081376897768e+02,1.764705882352941e+00,1489202
1.686881571649170e+02,1.649337111471790e+02,1.176470588235294e+00,1489204
1.694068432102307e+02,1.688186079161130e+02,5.882352941176471e-01,1489208
1.704528630472700e+02,1.698085417289608e+02,5.882352941176471e-01,1489209
1.710410983413876e+02,1.703243299060059e+02,5.882352941176471e-01,1489210
1.721680039977988e+02,1.705378821818420e+02,5.882352941176471e-01,1489211
1.727562392919165e+02,1.721184390659747e+02,5.882352941176471e-01,1489213
1.745209451742694e+02,1.729449380771587e+02,5.882352941176471e-01,1489216
1.751091804683870e+02,1.678204173860540e+02,1.764705882352941e+00,1489207
1.768738863507400e+02,1.725459655801420e+02,1.764705882352941e+00,1489214
1.789124450175725e+02,1.777359744293373e+02,1.176470588235294e+00,1489217
1.795006803116902e+02,1.788806461531095e+02,5.882352941176471e-01,1489218
1.812516917562156e+02,1.806497620242704e+02,5.882352941176471e-01,1489221
1.824281623444509e+02,1.793409429683257e+02,1.764705882352941e+00,1489219
1.835434262949203e+02,1.829551910008027e+02,5.882352941176471e-01,1489222
1.859301140719295e+02,1.847961616764591e+02,5.882352941176471e-01,1489226
1.876948199542824e+02,1.845212996816530e+02,1.176470588235294e+00,1489225
1.882830552484001e+02,1.835771728954589e+02,1.764705882352941e+00,1489223
1.913928052775273e+02,1.908045699834096e+02,5.882352941176471e-01,1489227
1.932030452495823e+02,1.924168260828009e+02,5.882352941176471e-01,1489229
1.939447018713116e+02,1.933564665771940e+02,5.882352941176471e-01,1489230
1.946925084767929e+02,1.941042731826753e+02,5.882352941176471e-01,1489231
1.974937441200310e+02,1.969055088259133e+02,5.882352941176471e-01,1489235
1.984971628966412e+02,1.920265746613470e+02,1.764705882352941e+00,1489228
2.032030452495823e+02,1.944753763481232e+02,1.764705882352941e+00,1489232
2.037912805437000e+02,2.031324593006766e+02,5.882352941176471e-01,1489240
2.051708012963670e+02,2.045439572669472e+02,5.882352941176471e-01,1489242
2.061675483164261e+02,2.055793130223084e+02,5.882352941176471e-01,1489243
2.070667617651716e+02,2.057258361019227e+02,5.882352941176471e-01,1489244
2.100067200372434e+02,2.089424578899740e+02,5.882352941176471e-01,1489248
2.105728469336220e+02,2.001556716473831e+02,1.764705882352941e+00,1489237
2.123375528159749e+02,2.088302494490081e+02,1.176470588235294e+00,1489247
2.129257881100926e+02,2.039943307081317e+02,1.764705882352941e+00,1489241
2.137955002015552e+02,2.132072649074375e+02,5.882352941176471e-01,1489249
2.143837354956728e+02,2.132729124943091e+02,5.882352941176471e-01,1489250
2.186904959116420e+02,2.169257900292891e+02,1.764705882352941e+00,1489251
2.195857228912484e+02,2.189974875971307e+02,5.882352941176471e-01,1489252
2.213504287736013e+02,2.195340852324531e+02,5.882352941176471e-01,1489255
2.213504287736013e+02,2.193613468594530e+02,5.882352941176471e-01,1489254
2.213504287736013e+02,2.191191706105621e+02,5.882352941176471e-01,1489253
2.236304644096184e+02,2.230422291155008e+02,5.882352941176471e-01,1489257
2.248069349978537e+02,2.238022420899951e+02,5.882352941176471e-01,1489259
2.259356599446578e+02,2.224062481799519e+02,1.764705882352941e+00,1489256
2.273381055369246e+02,2.267498702428070e+02,5.882352941176471e-01,1489260
2.282886011211284e+02,2.235378622640059e+02,1.764705882352941e+00,1489258
2.298050507686247e+02,2.292168154745071e+02,5.882352941176471e-01,1489263
2.312297775917166e+02,2.272371404795539e+02,1.176470588235294e+00,1489261
2.329944834740696e+02,2.285496685337658e+02,1.176470588235294e+00,1489262
2.335827187681872e+02,2.299165941622360e+02,1.764705882352941e+00,1489264
2.362229546594513e+02,2.356019686102232e+02,5.882352941176471e-01,1489267
2.377711107380553e+02,2.369663256401886e+02,5.882352941176471e-01,1489270
2.389475813262905e+02,2.376397173249552e+02,5.882352941176471e-01,1489272
2.389475813262905e+02,2.373605111153210e+02,5.882352941176471e-01,1489271
2.401240519145258e+02,2.350464840712160e+02,1.176470588235294e+00,1489266
2.407122872086435e+02,2.357673560832882e+02,1.764705882352941e+00,1489268
2.427262367542375e+02,2.409615308718846e+02,1.764705882352941e+00,1489273
2.449570397537408e+02,2.443688044596231e+02,5.882352941176471e-01,1489274
2.477784802555750e+02,2.471902449614573e+02,5.882352941176471e-01,1489275
2.488670071984145e+02,2.482787719042969e+02,5.882352941176471e-01,1489276
2.528238854540690e+02,2.522356501599514e+02,5.882352941176471e-01,1489277
2.550584717079449e+02,2.541752245002682e+02,5.882352941176471e-01,1489279
2.557584442885216e+02,2.547378478700732e+02,5.882352941176471e-01,1489280
2.564234447956236e+02,2.552819462808629e+02,5.882352941176471e-01,1489282
2.570116800897413e+02,2.559119747144904e+02,5.882352941176471e-01,1489284
2.581881506779766e+02,2.538820011197096e+02,1.764705882352941e+00,1489278
2.596566034075004e+02,2.590683681133827e+02,5.882352941176471e-01,1489286
2.605410918544471e+02,2.580587030523200e+02,1.764705882352941e+00,1489285
2.613544951911724e+02,2.607662598970548e+02,5.882352941176471e-01,1489287
2.628243134412634e+02,2.622360781471457e+02,5.882352941176471e-01,1489289
2.637338614834069e+02,2.613809203069363e+02,1.764705882352941e+00,1489288
2.652596361587102e+02,2.646714008645925e+02,5.882352941176471e-01,1489291
2.670243420410631e+02,2.652152107165781e+02,5.882352941176471e-01,1489294
2.670243420410631e+02,2.648201756437393e+02,5.882352941176471e-01,1489293
2.681054253870554e+02,2.675171900929377e+02,5.882352941176471e-01,1489295
2.684737296611839e+02,2.637678473082427e+02,1.764705882352941e+00,1489290
2.696502002494192e+02,2.647604138336256e+02,1.764705882352941e+00,1489292
2.702384355435368e+02,2.695920578709174e+02,5.882352941176471e-01,1489296
2.716889320436326e+02,2.705124614553973e+02,1.176470588235294e+00,1489297
2.733853253986006e+02,2.727970901044829e+02,5.882352941176471e-01,1489299
2.756607202318076e+02,2.721313084671017e+02,1.764705882352941e+00,1489298
2.762489555259252e+02,2.755092801271418e+02,5.882352941176471e-01,1489302
2.774254261141605e+02,2.767975009637911e+02,5.882352941176471e-01,1489304
2.786018967023958e+02,2.772004274134199e+02,5.882352941176471e-01,1489306
2.786018967023958e+02,2.771821280246957e+02,5.882352941176471e-01,1489305
2.799132911970192e+02,2.793250559029016e+02,5.882352941176471e-01,1489307
2.810966921733655e+02,2.799271519732411e+02,5.882352941176471e-01,1489310
2.821382388552127e+02,2.732186895553922e+02,1.176470588235294e+00,1489301
2.827264741493303e+02,2.729334588654618e+02,1.764705882352941e+00,1489300
2.839029447375656e+02,2.797479073933705e+02,1.176470588235294e+00,1489308
2.844911800316833e+02,2.829216672345017e+02,1.176470588235294e+00,1489311
2.872273933183218e+02,2.866391580242042e+02,5.882352941176471e-01,1489312
2.888952446303694e+02,2.882101547659463e+02,5.882352941176471e-01,1489315
2.894834799244870e+02,2.868313173283063e+02,1.176470588235294e+00,1489313
2.910933790393517e+02,2.905051437452340e+02,5.882352941176471e-01,1489317
2.918109954287316e+02,2.905704543171599e+02,5.882352941176471e-01,1489318
2.923992307228492e+02,2.913521412298761e+02,5.882352941176471e-01,1489320
2.935757013110845e+02,2.927767738729183e+02,5.882352941176471e-01,1489322
2.954269228147527e+02,2.943751654786671e+02,5.882352941176471e-01,1489325
2.960151581088704e+02,2.951861228938622e+02,5.882352941176471e-01,1489326
2.966033934029880e+02,2.956763292380265e+02,5.882352941176471e-01,1489327
2.971916286971057e+02,2.960330740589558e+02,5.882352941176471e-01,1489328
2.983680992853410e+02,2.968085635571093e+02,5.882352941176471e-01,1489330
2.983680992853410e+02,2.966243112672814e+02,5.882352941176471e-01,1489329
2.992640670632620e+02,2.986758317691444e+02,5.882352941176471e-01,1489331
3.001500876025322e+02,2.988442205329658e+02,5.882352941176471e-01,1489332
3.007383228966499e+02,2.998596375535671e+02,5.882352941176471e-01,1489334
3.012173257282531e+02,2.896136887996031e+02,1.764705882352941e+00,1489316
3.018055610223708e+02,3.011091423674878e+02,5.882352941176471e-01,1489335
3.023937963164884e+02,3.013545103058740e+02,5.882352941176471e-01,1489336
3.078140792317537e+02,3.062140172298393e+02,5.882352941176471e-01,1489343
3.078140792317537e+02,3.061879266079954e+02,5.882352941176471e-01,1489342
3.089366150061134e+02,3.083483797119958e+02,5.882352941176471e-01,1489344
3.095340464647475e+02,3.085633531046938e+02,5.882352941176471e-01,1489345
3.101222817588652e+02,3.089550073351463e+02,5.882352941176471e-01,1489347
3.105494478940704e+02,2.923278535192676e+02,1.176470588235294e+00,1489321
3.125762285031827e+02,3.116618326417067e+02,5.882352941176471e-01,1489351
3.137526990914180e+02,3.130986003011147e+02,5.882352941176471e-01,1489353
3.149091513195957e+02,3.143209160254780e+02,5.882352941176471e-01,1489354
3.167863595647579e+02,3.161981242706402e+02,5.882352941176471e-01,1489356
3.210189052844792e+02,3.201034148917295e+02,5.882352941176471e-01,1489359
3.216071405785969e+02,3.033960273387479e+02,1.764705882352941e+00,1489338
3.233895416353400e+02,3.228013063412223e+02,5.882352941176471e-01,1489361
3.245446522680592e+02,3.239564169739415e+02,5.882352941176471e-01,1489362
3.263093581504121e+02,3.240958917697608e+02,5.882352941176471e-01,1489364
3.263093581504121e+02,3.240942704952832e+02,5.882352941176471e-01,1489363
3.269012582256557e+02,3.169700573601112e+02,1.176470588235294e+00,1489357
3.269012582256557e+02,3.148686276928708e+02,1.176470588235294e+00,1489355
3.274894935197733e+02,3.197789592578326e+02,1.764705882352941e+00,1489358
3.288966557333699e+02,3.283084204392522e+02,5.882352941176471e-01,1489366
3.294848910274875e+02,3.287738157712377e+02,5.882352941176471e-01,1489367
3.308773439705704e+02,3.218515524782448e+02,1.764705882352941e+00,1489360
3.314655792646880e+02,3.307357826566615e+02,5.882352941176471e-01,1489368
3.320538145588057e+02,3.310390985559170e+02,5.882352941176471e-01,1489369
3.330140864774841e+02,3.324258511833664e+02,5.882352941176471e-01,1489370
3.341905570657194e+02,3.327091562046594e+02,5.882352941176471e-01,1489372
3.353670276539547e+02,3.324369087153825e+02,1.764705882352941e+00,1489371
3.372995685172307e+02,3.362660321497522e+02,5.882352941176471e-01,1489374
3.384760391054660e+02,3.361230979289954e+02,1.764705882352941e+00,1489373
3.402402536547163e+02,3.396520183605987e+02,5.882352941176471e-01,1489375
3.420049595370693e+02,3.412559460450610e+02,5.882352941176471e-01,1489378
3.437462958184450e+02,3.431346909233502e+02,5.882352941176471e-01,1489379
3.443345311125627e+02,3.436957072222963e+02,5.882352941176471e-01,1489380
3.449227664066803e+02,3.399434931412610e+02,1.764705882352941e+00,1489376
3.496475038334452e+02,3.490592685393276e+02,5.882352941176471e-01,1489383
3.504249103205160e+02,3.491032100992646e+02,5.882352941176471e-01,1489384
3.516066628555703e+02,3.504354742141539e+02,5.882352941176471e-01,1489388
3.521341670019091e+02,3.477726055259331e+02,1.176470588235294e+00,1489382
3.527224022960267e+02,3.472338315091958e+02,1.764705882352941e+00,1489381
3.545974265218281e+02,3.531261621124661e+02,5.882352941176471e-01,1489391
3.550753434724973e+02,3.500258462193515e+02,1.176470588235294e+00,1489386
3.557529844177647e+02,3.551647491236470e+02,5.882352941176471e-01,1489392
3.574282846489679e+02,3.528616783025121e+02,1.176470588235294e+00,1489390
3.580165199430855e+02,3.528327206394751e+02,1.764705882352941e+00,1489389
3.586047552372032e+02,3.560762053094549e+02,1.176470588235294e+00,1489393
3.598505537484831e+02,3.592623184543654e+02,5.882352941176471e-01,1489394
3.605257201169419e+02,3.599374848228243e+02,5.882352941176471e-01,1489395
3.620294092394525e+02,3.614411739453349e+02,5.882352941176471e-01,1489397
3.637941151218055e+02,3.622234481839439e+02,5.882352941176471e-01,1489400
3.649423189303663e+02,3.643540836362487e+02,5.882352941176471e-01,1489401
3.653119935249486e+02,3.606061111720074e+02,1.764705882352941e+00,1489396
3.664104157576669e+02,3.658221804635493e+02,5.882352941176471e-01,1489402
3.675868863459022e+02,3.669429398696131e+02,5.882352941176471e-01,1489404
3.687633569341375e+02,3.681087779126617e+02,5.882352941176471e-01,1489406
3.700178758778898e+02,3.620127120747379e+02,1.764705882352941e+00,1489398
3.717825817602427e+02,3.660892630238491e+02,1.764705882352941e+00,1489403
3.730946893923744e+02,3.719182188041391e+02,1.176470588235294e+00,1489407
3.772210856191294e+02,3.761954199758857e+02,5.882352941176471e-01,1489409
3.778093209132471e+02,3.771908779227601e+02,5.882352941176471e-01,1489410
3.789857915014824e+02,3.760446150308942e+02,1.176470588235294e+00,1489408
3.795843627662328e+02,3.789961274721152e+02,5.882352941176471e-01,1489412
3.807608333544681e+02,3.793249886349281e+02,5.882352941176471e-01,1489414
3.807608333544681e+02,3.791007366831383e+02,5.882352941176471e-01,1489413
3.813387326779530e+02,3.778795389129699e+02,1.176470588235294e+00,1489411
3.819705587949150e+02,3.813823235007973e+02,5.882352941176471e-01,1489415
3.825587940890326e+02,3.815741818499314e+02,5.882352941176471e-01,1489416
3.839837618013145e+02,3.833955265071969e+02,5.882352941176471e-01,1489417
3.848773529302338e+02,3.842891176361161e+02,5.882352941176471e-01,1489418
3.860538235184691e+02,3.852664107620281e+02,5.882352941176471e-01,1489420
3.884067646949397e+02,3.847398952965363e+02,1.764705882352941e+00,1489419
3.889949999890573e+02,3.882457588427336e+02,5.882352941176471e-01,1489423
3.896525016333449e+02,3.890642663392272e+02,5.882352941176471e-01,1489424
3.904876716089879e+02,3.898994363148702e+02,5.882352941176471e-01,1489425
3.912040386308089e+02,3.906158033366912e+02,5.882352941176471e-01,1489426
3.919361764596455e+02,3.866546812170307e+02,1.176470588235294e+00,1489421
3.925903648058516e+02,3.920021295117339e+02,5.882352941176471e-01,1489427
3.933277638586372e+02,3.922809611951189e+02,5.882352941176471e-01,1489428
3.939159991527549e+02,3.928886923231875e+02,5.882352941176471e-01,1489430
3.944382813947841e+02,3.868415053052890e+02,1.764705882352941e+00,1489422
3.950265166889018e+02,3.943261938924086e+02,5.882352941176471e-01,1489431
3.979676931594900e+02,3.965768297277962e+02,5.882352941176471e-01,1489435
3.979676931594900e+02,3.962985369037998e+02,5.882352941176471e-01,1489434
3.985559284536076e+02,3.946458596116979e+02,1.764705882352941e+00,1489432
3.991441637477253e+02,3.982321489207529e+02,5.882352941176471e-01,1489436
4.003206343359606e+02,3.961832116316410e+02,1.764705882352941e+00,1489433
4.009729980407994e+02,4.001668851014767e+02,5.882352941176471e-01,1489437
4.021494686290347e+02,4.004488911574029e+02,5.882352941176471e-01,1489439
4.027377039231523e+02,4.009295199304576e+02,1.176470588235294e+00,1489440
4.059180923237782e+02,4.044638520827494e+02,5.882352941176471e-01,1489443
4.094092727206317e+02,4.035651511473076e+02,1.764705882352941e+00,1489441
4.104726872064056e+02,4.098844519122879e+02,5.882352941176471e-01,1489447
4.110898954423940e+02,4.105016601482764e+02,5.882352941176471e-01,1489448
4.116781307365117e+02,4.106916984909830e+02,5.882352941176471e-01,1489449
4.135269197794552e+02,4.076254511543526e+02,1.764705882352941e+00,1489445
4.147033903676905e+02,4.118883048896222e+02,1.764705882352941e+00,1489450
4.152916256618082e+02,4.145265026813076e+02,5.882352941176471e-01,1489451
4.175854256721082e+02,4.169971903779905e+02,5.882352941176471e-01,1489453
4.181578175077953e+02,4.158048763313247e+02,1.764705882352941e+00,1489452
4.215105606081729e+02,4.209223253140552e+02,5.882352941176471e-01,1489457
4.223160000216041e+02,4.193389219533912e+02,1.176470588235294e+00,1489456
4.223160000216041e+02,4.184764782823257e+02,1.176470588235294e+00,1489455
4.223160000216041e+02,4.181983529627806e+02,1.176470588235294e+00,1489454
4.244265741150568e+02,4.238383388209392e+02,5.882352941176471e-01,1489459
4.256030447032921e+02,4.249252143734577e+02,5.882352941176471e-01,1489461
4.261912799974098e+02,4.250254536513820e+02,5.882352941176471e-01,1489462
4.270714028819451e+02,4.263665810319939e+02,5.882352941176471e-01,1489463
4.276596381760627e+02,4.229537558231216e+02,1.764705882352941e+00,1489458
4.282478734701804e+02,4.275992265645042e+02,5.882352941176471e-01,1489464
4.288361087642980e+02,4.277818353441949e+02,5.882352941176471e-01,1489465
4.294243440584157e+02,4.283945576466001e+02,5.882352941176471e-01,1489466
4.306008146466510e+02,4.243066307657624e+02,1.764705882352941e+00,1489460
4.318062653196665e+02,4.312180300255488e+02,5.882352941176471e-01,1489467
4.363715248387291e+02,4.357832895446114e+02,5.882352941176471e-01,1489469
4.369597601328467e+02,4.359263833793128e+02,5.882352941176471e-01,1489470
4.374595598542173e+02,4.345183833836290e+02,1.764705882352941e+00,1489468
4.391147429549180e+02,4.379382723666827e+02,1.176470588235294e+00,1489471
4.417966597254509e+02,4.394437185489803e+02,1.176470588235294e+00,1489472
4.423848950195686e+02,4.416781751110958e+02,5.882352941176471e-01,1489475
4.430804788615349e+02,4.419001436628202e+02,5.882352941176471e-01,1489476
4.442505694580691e+02,4.425995921152660e+02,5.882352941176471e-01,1489478
4.448388047521867e+02,4.442441894663679e+02,5.882352941176471e-01,1489480
4.459137677229793e+02,4.453255324288617e+02,5.882352941176471e-01,1489481
4.477327490974307e+02,4.470972816779689e+02,5.882352941176471e-01,1489483
4.483209843915484e+02,4.475069002574819e+02,5.882352941176471e-01,1489484
4.489092196856660e+02,4.478190956848450e+02,5.882352941176471e-01,1489485
4.494974549797837e+02,4.485075619602689e+02,5.882352941176471e-01,1489486
4.500856902739013e+02,4.489881474005690e+02,5.882352941176471e-01,1489487
4.506739255680190e+02,4.404865271098038e+02,1.764705882352941e+00,1489473
4.518503961562543e+02,4.461623277983707e+02,1.764705882352941e+00,1489482
4.540884747563680e+02,4.523237688740150e+02,1.764705882352941e+00,1489488
4.552368064546398e+02,4.538677951050514e+02,5.882352941176471e-01,1489489
4.570015123369928e+02,4.555565039514762e+02,5.882352941176471e-01,1489492
4.589642763748145e+02,4.583760410806969e+02,5.882352941176471e-01,1489495
4.592371013764974e+02,4.552086675646764e+02,1.176470588235294e+00,1489491
4.598253366706151e+02,4.591197492395315e+02,5.882352941176471e-01,1489496
4.610734198567638e+02,4.604851845626461e+02,5.882352941176471e-01,1489497
4.623902547532898e+02,4.613541484733453e+02,5.882352941176471e-01,1489500
4.634951127436117e+02,4.573728956943163e+02,1.764705882352941e+00,1489494
4.646715833318470e+02,4.636557210327892e+02,5.882352941176471e-01,1489503
4.675032438215764e+02,4.608612782727942e+02,1.764705882352941e+00,1489498
4.684451635348586e+02,4.678569282407409e+02,5.882352941176471e-01,1489505
4.692679497039294e+02,4.662720152429118e+02,1.764705882352941e+00,1489504
4.698561849980470e+02,4.689974054660461e+02,5.882352941176471e-01,1489506
4.704444202921647e+02,4.694234851938925e+02,5.882352941176471e-01,1489507
4.710326555862823e+02,4.702813475377223e+02,5.882352941176471e-01,1489508
4.716208908804000e+02,4.709561161499456e+02,5.882352941176471e-01,1489509
4.727973614686353e+02,4.722066659214544e+02,5.882352941176471e-01,1489511
4.733959411374854e+02,4.728077058433678e+02,5.882352941176471e-01,1489512
4.745724117257207e+02,4.731663908975915e+02,5.882352941176471e-01,1489513
4.751503026451059e+02,4.711170071260777e+02,1.176470588235294e+00,1489510
4.763267732333412e+02,4.731790286417350e+02,1.764705882352941e+00,1489514
4.803506879275301e+02,4.768212761628242e+02,1.764705882352941e+00,1489515
4.815271585157654e+02,4.788399655092401e+02,1.764705882352941e+00,1489517
4.867677260598816e+02,4.850030201775287e+02,1.764705882352941e+00,1489518
4.873559613539993e+02,4.864776431371296e+02,5.882352941176471e-01,1489519
4.880314801694003e+02,4.874432448752826e+02,5.882352941176471e-01,1489520
4.914744927020739e+02,4.908862574079563e+02,5.882352941176471e-01,1489521
4.932215885703892e+02,4.926333532762716e+02,5.882352941176471e-01,1489522
4.974856846300444e+02,4.951327434535738e+02,1.176470588235294e+00,1489523
4.980739199241621e+02,4.956677371001449e+02,1.764705882352941e+00,1489524
4.991285519933748e+02,4.985403166992572e+02,5.882352941176471e-01,1489525
5.018262479369172e+02,5.009945321157538e+02,5.882352941176471e-01,1489530
5.034969675136656e+02,5.029087322195480e+02,5.882352941176471e-01,1489531
5.043070017750103e+02,5.037187664808926e+02,5.882352941176471e-01,1489532
5.059850386067845e+02,5.044045436267920e+02,5.882352941176471e-01,1489534
5.073914254787869e+02,5.064448711743188e+02,5.882352941176471e-01,1489538
5.079796607729046e+02,5.071666459613316e+02,5.882352941176471e-01,1489539
5.087421142836302e+02,5.076469807621379e+02,5.882352941176471e-01,1489540
5.097907722102430e+02,4.997717933966534e+02,1.176470588235294e+00,1489528
5.097907722102430e+02,4.993693036787365e+02,1.176470588235294e+00,1489527
5.103790075043607e+02,4.989818889214852e+02,1.764705882352941e+00,1489526
5.121437133867136e+02,5.083280972061205e+02,1.176470588235294e+00,1489542
5.127319486808313e+02,5.039863594045868e+02,1.764705882352941e+00,1489533
5.134217050192494e+02,5.128334697251318e+02,5.882352941176471e-01,1489543
5.151864109016023e+02,5.140507474255399e+02,5.882352941176471e-01,1489546
5.161898196515784e+02,5.156015843574608e+02,5.882352941176471e-01,1489547
5.183582344962394e+02,5.173896129241557e+02,5.882352941176471e-01,1489550
5.193040579604259e+02,5.132559624643687e+02,1.764705882352941e+00,1489544
5.198990222041932e+02,5.193107869100755e+02,5.882352941176471e-01,1489551
5.209294900353382e+02,5.203412547412205e+02,5.882352941176471e-01,1489552
5.222452344310141e+02,5.160759183774058e+02,1.764705882352941e+00,1489548
5.234217050192494e+02,5.220577716285035e+02,1.176470588235294e+00,1489553
5.255716308363090e+02,5.249833955421913e+02,5.882352941176471e-01,1489554
5.261598661304266e+02,5.252959338140873e+02,5.882352941176471e-01,1489555
5.281755197296864e+02,5.275165387866793e+02,5.882352941176471e-01,1489557
5.287637550238041e+02,5.269990491414511e+02,1.176470588235294e+00,1489556
5.305938203645884e+02,5.300055850704708e+02,5.882352941176471e-01,1489558
5.311820556587060e+02,5.305842534489346e+02,5.882352941176471e-01,1489559
5.327032516843454e+02,5.312101343948152e+02,5.882352941176471e-01,1489562
5.332914869784631e+02,5.324457024595773e+02,5.882352941176471e-01,1489564
5.338797222725807e+02,5.332114629552529e+02,5.882352941176471e-01,1489565
5.347653285229658e+02,5.341770932288482e+02,5.882352941176471e-01,1489566
5.355489357092145e+02,5.346512533882733e+02,5.882352941176471e-01,1489567
5.371250718717757e+02,5.365368365776581e+02,5.882352941176471e-01,1489570
5.384164697893858e+02,5.371435583828597e+02,5.882352941176471e-01,1489572
5.390047050835035e+02,5.379431618246430e+02,5.882352941176471e-01,1489574
5.394841391411454e+02,5.306199467065993e+02,1.764705882352941e+00,1489560
5.400969638070210e+02,5.395087285129034e+02,5.882352941176471e-01,1489575
5.408631531630574e+02,5.402749178689397e+02,5.882352941176471e-01,1489576
5.414513884571750e+02,5.404307215084618e+02,5.882352941176471e-01,1489577
5.429580432696168e+02,5.423143003392648e+02,5.882352941176471e-01,1489578
5.435462785637345e+02,5.351560723072279e+02,1.764705882352941e+00,1489569
5.441345138578521e+02,5.434961941480155e+02,5.882352941176471e-01,1489579
5.447227491519698e+02,5.437491581403732e+02,5.882352941176471e-01,1489580
5.453109844460874e+02,5.445906349910009e+02,5.882352941176471e-01,1489581
5.458992197402051e+02,5.449237191821002e+02,5.882352941176471e-01,1489582
5.468384561733254e+02,5.456494078453479e+02,5.882352941176471e-01,1489583
5.516003100583504e+02,5.509363966085971e+02,5.882352941176471e-01,1489591
5.521885453524680e+02,5.512008304068751e+02,5.882352941176471e-01,1489592
5.525694528032306e+02,5.466012220182104e+02,1.764705882352941e+00,1489585
5.544596446087989e+02,5.538714093146813e+02,5.882352941176471e-01,1489593
5.547002347641607e+02,5.482222546049157e+02,1.176470588235294e+00,1489586
5.552884700582784e+02,5.545891551563905e+02,5.882352941176471e-01,1489594
5.560669080887137e+02,5.554786727945961e+02,5.882352941176471e-01,1489595
5.599652835712251e+02,5.583572957495650e+02,5.882352941176471e-01,1489601
5.606908985619818e+02,5.601026632678642e+02,5.882352941176471e-01,1489603
5.612791338560995e+02,5.601314564695394e+02,5.882352941176471e-01,1489604
5.640829306300486e+02,5.585635513058090e+02,1.176470588235294e+00,1489602
5.640829306300486e+02,5.575027066065985e+02,1.176470588235294e+00,1489599
5.646711659241663e+02,5.555348606908740e+02,1.764705882352941e+00,1489596
5.660891587040790e+02,5.655009234099613e+02,5.882352941176471e-01,1489606
5.664358718065192e+02,5.619629203192221e+02,1.764705882352941e+00,1489605
5.681861258079571e+02,5.675978905138395e+02,5.882352941176471e-01,1489607
5.727082747313616e+02,5.721200394372439e+02,5.882352941176471e-01,1489609
5.738643714778488e+02,5.715114303013782e+02,1.764705882352941e+00,1489608
5.797212743102899e+02,5.788625967272218e+02,5.882352941176471e-01,1489612
5.803042210452878e+02,5.773630445746996e+02,1.764705882352941e+00,1489610
5.814806916335231e+02,5.785448037220546e+02,1.764705882352941e+00,1489611
5.820689269276407e+02,5.814125395749699e+02,5.882352941176471e-01,1489613
5.828726305000525e+02,5.822843952059349e+02,5.882352941176471e-01,1489614
5.846373363824055e+02,5.825714776690388e+02,1.764705882352941e+00,1489615
5.854805270654161e+02,5.848922917712985e+02,5.882352941176471e-01,1489616
5.866569976536514e+02,5.854183711494886e+02,1.176470588235294e+00,1489617
5.879238632577195e+02,5.873356279636018e+02,5.882352941176471e-01,1489618
5.893022142807106e+02,5.887139789865930e+02,5.882352941176471e-01,1489620
5.898904495748283e+02,5.889276050145808e+02,5.882352941176471e-01,1489621
5.910669201630636e+02,5.896272470803926e+02,5.882352941176471e-01,1489623
5.910669201630636e+02,5.895462320441398e+02,5.882352941176471e-01,1489622
5.919145268975479e+02,5.913262916034302e+02,5.882352941176471e-01,1489624
5.927193413590853e+02,5.920494265878613e+02,5.882352941176471e-01,1489625
5.938958119473206e+02,5.880134590061441e+02,1.764705882352941e+00,1489619
5.944840472414383e+02,5.936331670985948e+02,5.882352941176471e-01,1489627
5.950722825355559e+02,5.939564003029418e+02,5.882352941176471e-01,1489628
5.968369884179088e+02,5.928135803713652e+02,1.764705882352941e+00,1489626
5.974252237120265e+02,5.965794916303423e+02,5.882352941176471e-01,1489630
5.980134590061441e+02,5.969378136620522e+02,5.882352941176471e-01,1489631
6.001697877034929e+02,5.990653284115788e+02,5.882352941176471e-01,1489633
6.013462582917282e+02,6.005866270182872e+02,5.882352941176471e-01,1489636
6.018992400252392e+02,5.954733463992641e+02,1.764705882352941e+00,1489629
6.026804497396924e+02,6.020922144455748e+02,5.882352941176471e-01,1489637
6.036639459075922e+02,5.986369478608684e+02,1.176470588235294e+00,1489632
6.042521812017098e+02,5.999379216637645e+02,1.764705882352941e+00,1489635
6.048404164958275e+02,6.042392169710424e+02,5.882352941176471e-01,1489638
6.078697499033604e+02,6.072815146092427e+02,5.882352941176471e-01,1489639
6.091698905255952e+02,6.085816552314775e+02,5.882352941176471e-01,1489640
6.101778328133858e+02,6.095895975192681e+02,5.882352941176471e-01,1489641
6.119425386957387e+02,6.100745257744050e+02,1.764705882352941e+00,1489642
6.125307739898564e+02,6.118461969452273e+02,5.882352941176471e-01,1489643
6.153851794104707e+02,6.147969441163531e+02,5.882352941176471e-01,1489644
6.173570844967106e+02,6.167688492025929e+02,5.882352941176471e-01,1489645
6.185673517347903e+02,6.177719195056917e+02,5.882352941176471e-01,1489647
6.191555870289079e+02,6.180809755345426e+02,5.882352941176471e-01,1489648
6.211928287852644e+02,6.204467437810897e+02,5.882352941176471e-01,1489652
6.219588321527401e+02,6.209432367820228e+02,5.882352941176471e-01,1489653
6.231353027409754e+02,6.223076600903732e+02,5.882352941176471e-01,1489656
6.249587850688386e+02,6.243705497747210e+02,5.882352941176471e-01,1489658
6.279209645977964e+02,6.268553385977881e+02,5.882352941176471e-01,1489662
6.285091998919140e+02,6.274317288861909e+02,5.882352941176471e-01,1489664
6.295615513979211e+02,6.289733161038035e+02,5.882352941176471e-01,1489665
6.302931258528993e+02,6.215483649319806e+02,1.176470588235294e+00,1489655
6.308813611470170e+02,6.173908811465550e+02,1.764705882352941e+00,1489646
6.317151841979168e+02,6.311269489037991e+02,5.882352941176471e-01,1489666
6.330874819529697e+02,6.324992466588520e+02,5.882352941176471e-01,1489667
6.342639525412049e+02,6.328629331594675e+02,5.882352941176471e-01,1489669
6.342639525412049e+02,6.326835312107587e+02,5.882352941176471e-01,1489668
6.378626851784416e+02,6.254690238388137e+02,1.764705882352941e+00,1489659
6.407666510479841e+02,6.392766314906607e+02,5.882352941176471e-01,1489679
6.413548863421017e+02,6.403721041588839e+02,5.882352941176471e-01,1489682
6.419981402376023e+02,6.414099049434846e+02,5.882352941176471e-01,1489683
6.456386115082922e+02,6.449659447768244e+02,5.882352941176471e-01,1489684
6.462268468024098e+02,6.450740590952125e+02,5.882352941176471e-01,1489685
6.474033173906451e+02,6.347652139321521e+02,1.764705882352941e+00,1489670
6.483567725356845e+02,6.477685372415669e+02,5.882352941176471e-01,1489687
6.497562585671157e+02,6.490785786746523e+02,5.882352941176471e-01,1489689
6.509558199283724e+02,6.499722166840774e+02,5.882352941176471e-01,1489691
6.521322905166077e+02,6.462327227721112e+02,1.764705882352941e+00,1489686
6.542346477324244e+02,6.536120470093280e+02,5.882352941176471e-01,1489695
6.568436368395317e+02,6.553392154279859e+02,5.882352941176471e-01,1489700
6.582706913884209e+02,6.482195744982716e+02,1.764705882352941e+00,1489688
6.588589266825386e+02,6.581450547956212e+02,5.882352941176471e-01,1489701
6.606861476762994e+02,6.600979123821818e+02,5.882352941176471e-01,1489703
6.638689295632727e+02,6.632096655775739e+02,5.882352941176471e-01,1489705
6.644571648573904e+02,6.633036837610904e+02,5.882352941176471e-01,1489706
6.651063442615175e+02,6.645181089673998e+02,5.882352941176471e-01,1489707
6.656945795556351e+02,6.649574831544121e+02,5.882352941176471e-01,1489708
6.662218707397433e+02,6.530581771441891e+02,1.764705882352941e+00,1489694
6.673983413279786e+02,6.613899530888601e+02,1.764705882352941e+00,1489704
6.679865766220963e+02,6.673292072805137e+02,5.882352941176471e-01,1489709
6.685748119162139e+02,6.674338917040727e+02,5.882352941176471e-01,1489710
6.703395177985669e+02,6.679905105691702e+02,1.764705882352941e+00,1489711
6.711262052375883e+02,6.705379699434706e+02,5.882352941176471e-01,1489712
6.717452435169675e+02,6.706076174112079e+02,5.882352941176471e-01,1489713
6.739916512938237e+02,6.729383139106162e+02,5.882352941176471e-01,1489718
6.745798865879413e+02,6.734534272558268e+02,5.882352941176471e-01,1489720
6.751681218820590e+02,6.742606660092056e+02,5.882352941176471e-01,1489721
6.774989886328913e+02,6.766173208553550e+02,5.882352941176471e-01,1489725
6.784469309920387e+02,6.770464323676639e+02,5.882352941176471e-01,1489727
6.806377474348302e+02,6.798794044736413e+02,5.882352941176471e-01,1489731
6.832846463835766e+02,6.825823105255787e+02,5.882352941176471e-01,1489732
6.846400154548566e+02,6.840517801607390e+02,5.882352941176471e-01,1489734
6.850493522659295e+02,6.711878112081113e+02,1.764705882352941e+00,1489715
6.856375875600472e+02,6.847777783424640e+02,5.882352941176471e-01,1489735
6.862258228541648e+02,6.855912871680700e+02,5.882352941176471e-01,1489736
6.876398584392023e+02,6.870516231450846e+02,5.882352941176471e-01,1489737
6.879905287365178e+02,6.794612768465949e+02,1.176470588235294e+00,1489730
6.885787640306354e+02,6.828272614451502e+02,1.764705882352941e+00,1489733
6.910895087676342e+02,6.905012734735166e+02,5.882352941176471e-01,1489738
6.925822775849016e+02,6.919940422907839e+02,5.882352941176471e-01,1489739
6.940770034134888e+02,6.934887681193711e+02,5.882352941176471e-01,1489741
6.949352187613721e+02,6.924094447151132e+02,1.764705882352941e+00,1489740
6.957360841478046e+02,6.951478488536869e+02,5.882352941176471e-01,1489742
6.964353176949428e+02,6.958470824008252e+02,5.882352941176471e-01,1489743
6.970235529890605e+02,6.959717157576447e+02,5.882352941176471e-01,1489744
6.987970054427137e+02,6.970322995603607e+02,1.764705882352941e+00,1489745
7.045114360208968e+02,7.039232007267791e+02,5.882352941176471e-01,1489746
7.050996713150144e+02,7.041867661812979e+02,5.882352941176471e-01,1489747
7.064024767154090e+02,7.058142414212913e+02,5.882352941176471e-01,1489748
7.080865632005721e+02,7.074983279064545e+02,5.882352941176471e-01,1489749
7.106079208183847e+02,7.100196855242671e+02,5.882352941176471e-01,1489751
7.116219983855198e+02,7.092690572090492e+02,1.764705882352941e+00,1489750
7.130998838732815e+02,7.125116485791638e+02,5.882352941176471e-01,1489753
7.142763544615168e+02,7.125533763422173e+02,5.882352941176471e-01,1489755
7.142763544615168e+02,7.125344643854497e+02,5.882352941176471e-01,1489754
7.160585614629840e+02,7.154703261688663e+02,5.882352941176471e-01,1489757
7.164161177822687e+02,7.117102354293275e+02,1.764705882352941e+00,1489752
7.171787114674351e+02,7.165904761733174e+02,5.882352941176471e-01,1489758
7.189631388060431e+02,7.180644487032442e+02,5.882352941176471e-01,1489760
7.193572942528569e+02,7.146866978356405e+02,1.764705882352941e+00,1489756
7.205337648410922e+02,7.177866682178078e+02,1.764705882352941e+00,1489759
7.228369164943074e+02,7.210722106119544e+02,1.764705882352941e+00,1489761
7.256844901810910e+02,7.250962548869734e+02,5.882352941176471e-01,1489763
7.262727254752087e+02,7.256629033240568e+02,5.882352941176471e-01,1489764
7.269160509121526e+02,7.260129674526516e+02,5.882352941176471e-01,1489765
7.275042862062703e+02,7.263829057608613e+02,5.882352941176471e-01,1489767
7.282611842838396e+02,7.276224088610485e+02,5.882352941176471e-01,1489768
7.288494195779572e+02,7.240884470821897e+02,1.764705882352941e+00,1489762
7.316080605715622e+02,7.310198252774446e+02,5.882352941176471e-01,1489769
7.321962958656799e+02,7.311683684189526e+02,5.882352941176471e-01,1489770
7.327845311597975e+02,7.321681766445457e+02,5.882352941176471e-01,1489771
7.345492370421505e+02,7.322918828511467e+02,1.764705882352941e+00,1489772
7.351374723362681e+02,7.344890744905135e+02,5.882352941176471e-01,1489773
7.357257076303858e+02,7.350990005124745e+02,5.882352941176471e-01,1489774
7.369816442492366e+02,7.358624462965213e+02,5.882352941176471e-01,1489776
7.381581148374719e+02,7.375612554961461e+02,5.882352941176471e-01,1489777
7.387463501315895e+02,7.358051736610013e+02,1.764705882352941e+00,1489775
7.404905995640352e+02,7.399023642699176e+02,5.882352941176471e-01,1489778
7.410788348581529e+02,7.403099364557039e+02,5.882352941176471e-01,1489779
7.418661246666312e+02,7.412778893725135e+02,5.882352941176471e-01,1489780
7.442873234419257e+02,7.436130623229467e+02,5.882352941176471e-01,1489783
7.448073011372194e+02,7.413885865141762e+02,1.764705882352941e+00,1489781
7.455473006540572e+02,7.449590653599396e+02,5.882352941176471e-01,1489784
7.465720070195724e+02,7.431108528536904e+02,1.764705882352941e+00,1489782
7.472950905503690e+02,7.467068552562514e+02,5.882352941176471e-01,1489785
7.484715611386043e+02,7.469428946728786e+02,1.176470588235294e+00,1489786
7.493428389635634e+02,7.487546036694457e+02,5.882352941176471e-01,1489787
7.510846565159163e+02,7.494657174081873e+02,5.882352941176471e-01,1489789
7.516728918100339e+02,7.510617681859163e+02,5.882352941176471e-01,1489791
7.523205912154222e+02,7.511251426140126e+02,5.882352941176471e-01,1489792
7.529616578779041e+02,7.517918200325751e+02,5.882352941176471e-01,1489794
7.547263637602570e+02,7.526476106435436e+02,5.882352941176471e-01,1489797
7.547263637602570e+02,7.524262539521507e+02,5.882352941176471e-01,1489796
7.566785932879026e+02,7.560903579937850e+02,5.882352941176471e-01,1489799
7.570793049367276e+02,7.492799121609863e+02,1.764705882352941e+00,1489788
7.597403439359835e+02,7.590331963216520e+02,5.882352941176471e-01,1489803
7.603285792301011e+02,7.594460121105764e+02,5.882352941176471e-01,1489804
7.617851872896688e+02,7.568769869773323e+02,1.764705882352941e+00,1489800
7.623734225837864e+02,7.615641710284174e+02,5.882352941176471e-01,1489805
7.636036947334881e+02,7.630154594393705e+02,5.882352941176471e-01,1489807
7.641381284661394e+02,7.585638733477482e+02,1.176470588235294e+00,1489802
7.651113540644073e+02,7.645231187702897e+02,5.882352941176471e-01,1489808
7.653145990543747e+02,7.624113223027313e+02,1.176470588235294e+00,1489806
7.669445954339525e+02,7.663563601398349e+02,5.882352941176471e-01,1489810
7.684851092136470e+02,7.675268630946038e+02,5.882352941176471e-01,1489812
7.689887069731375e+02,7.654592952084316e+02,1.764705882352941e+00,1489809
7.695769422672551e+02,7.673086386254117e+02,1.176470588235294e+00,1489811
7.703033661867033e+02,7.697151308925856e+02,5.882352941176471e-01,1489813
7.721356108329940e+02,7.703709049506410e+02,1.764705882352941e+00,1489814
7.759294459980982e+02,7.741647401157452e+02,1.764705882352941e+00,1489815
7.801574259596230e+02,7.795691906655054e+02,5.882352941176471e-01,1489817
7.804083740830894e+02,7.786436682007364e+02,1.176470588235294e+00,1489816
7.826985936407299e+02,7.806994016197559e+02,5.882352941176471e-01,1489819
7.832868289348475e+02,7.823964070188883e+02,5.882352941176471e-01,1489823
7.856397701113181e+02,7.806639770356663e+02,1.764705882352941e+00,1489818
7.879129523908949e+02,7.873247170967773e+02,5.882352941176471e-01,1489825
7.891042664915770e+02,7.885160311974593e+02,5.882352941176471e-01,1489826
7.901264571101966e+02,7.895382218160790e+02,5.882352941176471e-01,1489827
7.917589269641754e+02,7.911706916700578e+02,5.882352941176471e-01,1489828
7.947238454244439e+02,7.941356101303262e+02,5.882352941176471e-01,1489829
7.958679274847317e+02,7.952796921906141e+02,5.882352941176471e-01,1489830
7.966147305175858e+02,7.960264952234682e+02,5.882352941176471e-01,1489831
7.978694633186560e+02,7.972812280245384e+02,5.882352941176471e-01,1489833
7.995559069881741e+02,7.963743818323602e+02,1.764705882352941e+00,1489832
8.019088481646446e+02,7.976077495248522e+02,1.764705882352941e+00,1489834
8.055477590673652e+02,8.040870118949675e+02,5.882352941176471e-01,1489837
8.070576945324737e+02,8.062146888211116e+02,5.882352941176471e-01,1489841
8.094341023397281e+02,8.084520118379403e+02,5.882352941176471e-01,1489844
8.099988710030619e+02,8.054286828937415e+02,1.176470588235294e+00,1489839
8.105871062971795e+02,8.039021293586359e+02,1.764705882352941e+00,1489836
8.116904886542107e+02,8.076693964573752e+02,1.176470588235294e+00,1489842
8.122787239483284e+02,8.116174004230066e+02,5.882352941176471e-01,1489845
8.140321941022239e+02,8.134439588081063e+02,5.882352941176471e-01,1489846
8.161892833998217e+02,8.155057974921692e+02,5.882352941176471e-01,1489848
8.182009041899858e+02,8.176126688958681e+02,5.882352941176471e-01,1489850
8.197186951645275e+02,8.158784393293597e+02,1.764705882352941e+00,1489849
8.197186951645275e+02,8.150128128115864e+02,1.764705882352941e+00,1489847
8.206373650849169e+02,8.200491297907992e+02,5.882352941176471e-01,1489851
8.215083975041203e+02,8.202940243485057e+02,5.882352941176471e-01,1489852
8.220966327982380e+02,8.212029593350885e+02,5.882352941176471e-01,1489854
8.265951519601268e+02,8.228583770043685e+02,1.176470588235294e+00,1489857
8.265951519601268e+02,8.215128041823928e+02,1.176470588235294e+00,1489855
8.301245637248327e+02,8.236855003790736e+02,1.764705882352941e+00,1489858
8.307693758500516e+02,8.301811405559340e+02,5.882352941176471e-01,1489863
8.321278389120586e+02,8.315396036179410e+02,5.882352941176471e-01,1489864
8.327160742061763e+02,8.320189419104563e+02,5.882352941176471e-01,1489865
8.333043095002939e+02,8.324213333487469e+02,5.882352941176471e-01,1489866
8.346719747859751e+02,8.266997881796105e+02,1.764705882352941e+00,1489861
8.352602100800927e+02,8.345135034941763e+02,5.882352941176471e-01,1489867
8.370249159624457e+02,8.348889647212993e+02,1.764705882352941e+00,1489868
8.382013865506810e+02,8.367764446000987e+02,5.882352941176471e-01,1489869
8.393778571389162e+02,8.370040162188340e+02,1.764705882352941e+00,1489870
8.400565358600168e+02,8.394683005658991e+02,5.882352941176471e-01,1489871
8.418839105971167e+02,8.412956753029991e+02,5.882352941176471e-01,1489872
8.424721458912344e+02,8.417608701481076e+02,5.882352941176471e-01,1489873
8.432975010172497e+02,8.427092657231321e+02,5.882352941176471e-01,1489874
8.467830951671043e+02,8.456066245788690e+02,1.176470588235294e+00,1489875
8.481046253808770e+02,8.473966419275657e+02,5.882352941176471e-01,1489877
8.486928606749946e+02,8.469281547926417e+02,1.176470588235294e+00,1489876
8.523943959829723e+02,8.512179253947370e+02,1.176470588235294e+00,1489878
8.563131595637776e+02,8.557249242696599e+02,5.882352941176471e-01,1489881
8.571734229398976e+02,8.565851876457799e+02,5.882352941176471e-01,1489882
8.581161045517307e+02,8.575278692576130e+02,5.882352941176471e-01,1489883
8.583829427931601e+02,8.547834730432557e+02,1.176470588235294e+00,1489880
8.589711780872777e+02,8.542652957343366e+02,1.764705882352941e+00,1489879
8.597698802016822e+02,8.591816449075646e+02,5.882352941176471e-01,1489884
8.612250128488576e+02,8.606367775547399e+02,5.882352941176471e-01,1489885
8.623039908799310e+02,8.617157555858134e+02,5.882352941176471e-01,1489886
8.628922261740487e+02,8.618523817149535e+02,5.882352941176471e-01,1489887
8.669328867890492e+02,8.663446514949316e+02,5.882352941176471e-01,1489890
8.690168579436508e+02,8.679965559623353e+02,5.882352941176471e-01,1489893
8.696050932377685e+02,8.644298555520363e+02,1.764705882352941e+00,1489888
8.710208508359916e+02,8.698799709395000e+02,5.882352941176471e-01,1489895
8.721973214242269e+02,8.710455939989303e+02,5.882352941176471e-01,1489897
8.751820040719114e+02,8.671332720999712e+02,1.176470588235294e+00,1489891
8.757702393660291e+02,8.674702012035928e+02,1.764705882352941e+00,1489892
8.791461207790450e+02,8.785578854849273e+02,5.882352941176471e-01,1489904
8.798413111671620e+02,8.789763421986272e+02,5.882352941176471e-01,1489905
8.815438011793767e+02,8.802490025692161e+02,5.882352941176471e-01,1489908
8.824512245012035e+02,8.814815853092384e+02,5.882352941176471e-01,1489910
8.831504472551564e+02,8.821821772347950e+02,5.882352941176471e-01,1489912
8.838251971075403e+02,8.826731994208740e+02,5.882352941176471e-01,1489914
8.846963069854575e+02,8.833234763716889e+02,5.882352941176471e-01,1489916
8.852845422795752e+02,8.843909462751395e+02,5.882352941176471e-01,1489918
8.858727775736928e+02,8.851222575932303e+02,5.882352941176471e-01,1489919
8.865798044135853e+02,8.854461165007250e+02,5.882352941176471e-01,1489920
8.878574601708612e+02,8.867315821671463e+02,5.882352941176471e-01,1489925
8.897756964049041e+02,8.733511430925128e+02,1.176470588235294e+00,1489901
8.897756964049041e+02,8.706517245307233e+02,1.176470588235294e+00,1489896
8.903639316990218e+02,8.698443802477563e+02,1.764705882352941e+00,1489894
8.938933434637277e+02,8.762069696530922e+02,1.764705882352941e+00,1489902
8.959731123662475e+02,8.953848770721298e+02,5.882352941176471e-01,1489927
8.977378182486004e+02,8.958259048364705e+02,1.764705882352941e+00,1489928
8.992861920546192e+02,8.981097214663839e+02,1.176470588235294e+00,1489929
9.034374156478510e+02,9.016727097654981e+02,1.764705882352941e+00,1489930
9.045006628971264e+02,9.039124276030088e+02,5.882352941176471e-01,1489931
9.074090992620242e+02,9.056443933796712e+02,1.764705882352941e+00,1489932
9.096409716790390e+02,9.090527363849213e+02,5.882352941176471e-01,1489933
9.131106011948894e+02,9.125223659007718e+02,5.882352941176471e-01,1489934
9.139860905177504e+02,9.128373348183249e+02,5.882352941176471e-01,1489935
9.145743258118681e+02,9.136851092523762e+02,5.882352941176471e-01,1489937
9.161678147020508e+02,9.155795794079332e+02,5.882352941176471e-01,1489938
9.179325205844037e+02,9.164979321465593e+02,5.882352941176471e-01,1489941
9.179325205844037e+02,9.162889848686379e+02,5.882352941176471e-01,1489940
9.191089911726390e+02,9.159145466581960e+02,1.764705882352941e+00,1489939
9.198423507327613e+02,9.192541154386437e+02,5.882352941176471e-01,1489942
9.213359434943004e+02,9.207477082001828e+02,5.882352941176471e-01,1489943
9.231006493766534e+02,9.220877580164362e+02,5.882352941176471e-01,1489946
9.250858632041279e+02,9.244976279100102e+02,5.882352941176471e-01,1489947
9.256740984982455e+02,9.249925741725763e+02,5.882352941176471e-01,1489948
9.266300611413592e+02,9.210066220542791e+02,1.764705882352941e+00,1489944
9.272182964354769e+02,9.263254529390132e+02,5.882352941176471e-01,1489950
9.279301810608385e+02,9.273419457667209e+02,5.882352941176471e-01,1489951
9.283947670237122e+02,9.251879497600270e+02,1.176470588235294e+00,1489949
9.298276654909878e+02,9.292394301968702e+02,5.882352941176471e-01,1489952
9.308118157192603e+02,9.292708096310601e+02,5.882352941176471e-01,1489953
9.325765216016132e+02,9.319745683471585e+02,5.882352941176471e-01,1489957
9.331647568957308e+02,9.304215378922200e+02,1.764705882352941e+00,1489956
9.345742998163886e+02,9.339860645222710e+02,5.882352941176471e-01,1489958
9.352857445166710e+02,9.340790837392844e+02,5.882352941176471e-01,1489959
9.368828280222534e+02,9.362945927281358e+02,5.882352941176471e-01,1489962
9.370504503990239e+02,9.348207186287180e+02,1.176470588235294e+00,1489961
9.376386856931415e+02,9.369979660865745e+02,5.882352941176471e-01,1489963
9.401747493670196e+02,9.384100434846667e+02,1.764705882352941e+00,1489964
9.411632205595017e+02,9.401132761201129e+02,5.882352941176471e-01,1489965
9.417514558536194e+02,9.409752211637485e+02,5.882352941176471e-01,1489967
9.449537585531720e+02,9.443655232590543e+02,5.882352941176471e-01,1489968
9.470460049930446e+02,9.464577696989270e+02,5.882352941176471e-01,1489969
9.477698928168217e+02,9.471816575227041e+02,5.882352941176471e-01,1489970
9.494770686780124e+02,9.488888333838948e+02,5.882352941176471e-01,1489971
9.500653039721301e+02,9.490326045691245e+02,5.882352941176471e-01,1489972
9.506535392662477e+02,9.495631216791164e+02,5.882352941176471e-01,1489973
9.517196079038524e+02,9.511313726097348e+02,5.882352941176471e-01,1489974
9.545564992810925e+02,9.533857598151208e+02,5.882352941176471e-01,1489976
9.551447345752102e+02,9.533800286928572e+02,1.176470588235294e+00,1489975
9.576464547332455e+02,9.567236551124090e+02,5.882352941176471e-01,1489978
9.588229253214808e+02,9.574699185185272e+02,5.882352941176471e-01,1489981
9.588229253214808e+02,9.573113573843517e+02,5.882352941176471e-01,1489980
9.599993959097161e+02,9.556286109056687e+02,1.764705882352941e+00,1489977
9.623523370861867e+02,9.588878546307394e+02,1.764705882352941e+00,1489982
9.670029174579947e+02,9.605699484184772e+02,1.764705882352941e+00,1489983
9.700275161085414e+02,9.692879353809283e+02,5.882352941176471e-01,1489991
9.705323292227005e+02,9.637904424888706e+02,1.176470588235294e+00,1489987
9.705323292227005e+02,9.624422417511188e+02,1.176470588235294e+00,1489985
9.711205645168182e+02,9.637313655185864e+02,1.764705882352941e+00,1489986
9.722970351050535e+02,9.688510455203061e+02,1.764705882352941e+00,1489990
9.738814610699269e+02,9.732932257758093e+02,5.882352941176471e-01,1489992
9.745415831071313e+02,9.739533478130136e+02,5.882352941176471e-01,1489993
9.754069545302007e+02,9.748187192360830e+02,5.882352941176471e-01,1489994
9.759951898243183e+02,9.752063168984804e+02,5.882352941176471e-01,1489995
9.765834251184360e+02,9.754178711794171e+02,5.882352941176471e-01,1489996
9.799243614924329e+02,9.788006790096091e+02,5.882352941176471e-01,1490000
9.805125967865506e+02,9.794363734182114e+02,5.882352941176471e-01,1490001
9.812330625573437e+02,9.771154154985202e+02,1.764705882352941e+00,1489997
9.818212978514613e+02,9.810353773134112e+02,5.882352941176471e-01,1490002
9.835860037338143e+02,9.781596556100800e+02,1.764705882352941e+00,1489998
9.852879276603574e+02,9.846996923662398e+02,5.882352941176471e-01,1490003
9.877303174291417e+02,9.871420821350240e+02,5.882352941176471e-01,1490004
9.891053647208100e+02,9.885018588240002e+02,5.882352941176471e-01,1490006
9.902818353090453e+02,9.892960919300646e+02,5.882352941176471e-01,1490008
9.922066920352622e+02,9.916184567411445e+02,5.882352941176471e-01,1490010
9.927949273293798e+02,9.920848609926289e+02,5.882352941176471e-01,1490011
9.935006461289143e+02,9.923333261488508e+02,5.882352941176471e-01,1490012
9.944136525706745e+02,9.930298943402134e+02,5.882352941176471e-01,1490014
9.951113917499692e+02,9.941501884241994e+02,5.882352941176471e-01,1490016
9.956996270440869e+02,9.946326603410287e+02,5.882352941176471e-01,1490018
9.973041820825759e+02,9.879288941325747e+02,1.176470588235294e+00,1490005
9.978924173766935e+02,9.887676062833711e+02,1.764705882352941e+00,1490007
9.988891642477273e+02,9.983009289536096e+02,5.882352941176471e-01,1490020
9.996571232590465e+02,9.958359329895543e+02,1.764705882352941e+00,1490019
1.000645107055084e+03,1.000056871760966e+03,5.882352941176471e-01,1490021
1.002174466878325e+03,1.001586231584207e+03,5.882352941176471e-01,1490022
1.003522905304752e+03,1.001814490581859e+03,5.882352941176471e-01,1490023
1.004429453505059e+03,1.003314771576789e+03,5.882352941176471e-01,1490026
1.005017688799177e+03,1.004159531117131e+03,5.882352941176471e-01,1490028
1.008102073627618e+03,1.007513838333500e+03,5.882352941176471e-01,1490030
1.008690308921735e+03,1.007612472867411e+03,5.882352941176471e-01,1490031
1.009459806441901e+03,1.006518629971312e+03,1.764705882352941e+00,1490029
1.011469775378197e+03,1.010881540084079e+03,5.882352941176471e-01,1490034
1.013120056613082e+03,1.009590644848376e+03,1.764705882352941e+00,1490032
1.014372317631839e+03,1.013784082337721e+03,5.882352941176471e-01,1490035
1.014960552925956e+03,1.014370849176755e+03,5.882352941176471e-01,1490036
1.020915096022263e+03,1.019738625434027e+03,1.176470588235294e+00,1490037
1.022673633431161e+03,1.022085398137043e+03,5.882352941176471e-01,1490038
1.025977612397551e+03,1.024795776562801e+03,5.882352941176471e-01,1490041
1.025977612397551e+03,1.024404876500250e+03,5.882352941176471e-01,1490040
1.026650262797083e+03,1.026062027502965e+03,5.882352941176471e-01,1490042
1.028918788868139e+03,1.024212906515198e+03,1.764705882352941e+00,1490039
1.030683494750492e+03,1.026436965448676e+03,1.764705882352941e+00,1490043
1.031271730044610e+03,1.030503680232228e+03,5.882352941176471e-01,1490045
1.032464135526429e+03,1.031759532913240e+03,5.882352941176471e-01,1490047
1.033052370820547e+03,1.031287664938194e+03,1.176470588235294e+00,1490046
1.033640606114665e+03,1.032962877782932e+03,5.882352941176471e-01,1490048
1.037398321787145e+03,1.036511650328835e+03,5.882352941176471e-01,1490050
1.039307900909170e+03,1.038666605358793e+03,5.882352941176471e-01,1490052
1.039751262963616e+03,1.036221851198910e+03,1.764705882352941e+00,1490049
1.040385728434827e+03,1.039797493140709e+03,5.882352941176471e-01,1490053
1.042692439434204e+03,1.038131430320935e+03,1.764705882352941e+00,1490051
1.043889211711361e+03,1.043300976417243e+03,5.882352941176471e-01,1490056
1.045166467315332e+03,1.044038925771638e+03,5.882352941176471e-01,1490058
1.045754702609449e+03,1.044679017036949e+03,5.882352941176471e-01,1490060
1.046342937903567e+03,1.045643503081674e+03,5.882352941176471e-01,1490061
1.048107643785920e+03,1.046020239391394e+03,5.882352941176471e-01,1490064
1.048107643785920e+03,1.045917896491463e+03,5.882352941176471e-01,1490063
1.049852047979351e+03,1.040905550719848e+03,1.764705882352941e+00,1490054
1.052311944051122e+03,1.051723708757005e+03,5.882352941176471e-01,1490067
1.052900179345240e+03,1.052075660802017e+03,5.882352941176471e-01,1490068
1.055079671486830e+03,1.054085360487462e+03,5.882352941176471e-01,1490072
1.055667906780947e+03,1.055005708965431e+03,5.882352941176471e-01,1490073
1.056850189712163e+03,1.056261954418045e+03,5.882352941176471e-01,1490074
1.057527581938672e+03,1.056939346644554e+03,5.882352941176471e-01,1490075
1.057913893062117e+03,1.043690978719397e+03,1.764705882352941e+00,1490057
1.060329835660790e+03,1.059741600366672e+03,5.882352941176471e-01,1490076
1.060918070954908e+03,1.060175434979340e+03,5.882352941176471e-01,1490077
1.061443304826823e+03,1.050442665447406e+03,1.764705882352941e+00,1490066
1.062031540120941e+03,1.061333767813062e+03,5.882352941176471e-01,1490078
1.062619775415058e+03,1.061749310975864e+03,5.882352941176471e-01,1490079
1.064384481297411e+03,1.062055266214214e+03,1.764705882352941e+00,1490080
1.067940938841702e+03,1.064999762371114e+03,1.764705882352941e+00,1490081
1.068685191736391e+03,1.068096956442274e+03,5.882352941176471e-01,1490084
1.070222188825095e+03,1.069562262337899e+03,5.882352941176471e-01,1490085
1.070810424119212e+03,1.066377594643765e+03,1.764705882352941e+00,1490082
1.071832283299300e+03,1.071244048005182e+03,5.882352941176471e-01,1490086
1.072420518593418e+03,1.071413711026001e+03,5.882352941176471e-01,1490087
1.073008753887535e+03,1.072229133665904e+03,5.882352941176471e-01,1490088
1.074731135386891e+03,1.074100575709777e+03,5.882352941176471e-01,1490091
1.075907605975127e+03,1.074874232759211e+03,5.882352941176471e-01,1490093
1.076495841269244e+03,1.075590681365728e+03,5.882352941176471e-01,1490094
1.077084076563362e+03,1.076179359598763e+03,5.882352941176471e-01,1490095
1.077738175085011e+03,1.076629503592906e+03,5.882352941176471e-01,1490096
1.080568383511021e+03,1.079980148216904e+03,5.882352941176471e-01,1490101
1.081222953314898e+03,1.080634718020780e+03,5.882352941176471e-01,1490102
1.083330970319580e+03,1.072628659986986e+03,1.764705882352941e+00,1490089
1.085095676201932e+03,1.083330619549371e+03,1.764705882352941e+00,1490103
1.087572153968705e+03,1.085807448086352e+03,1.176470588235294e+00,1490104
1.088748624556940e+03,1.086525894182009e+03,1.764705882352941e+00,1490105
1.090071968013565e+03,1.089483732719448e+03,5.882352941176471e-01,1490106
1.095122248120065e+03,1.094280214828577e+03,5.882352941176471e-01,1490108
1.096298718708300e+03,1.093945777531830e+03,1.764705882352941e+00,1490107
1.098799917879784e+03,1.098211682585666e+03,5.882352941176471e-01,1490109
1.099423088130822e+03,1.098834852836704e+03,5.882352941176471e-01,1490110
1.100011323424940e+03,1.099054506640899e+03,5.882352941176471e-01,1490111
1.100711135386606e+03,1.100122900092489e+03,5.882352941176471e-01,1490112
1.101328220350922e+03,1.100739985056804e+03,5.882352941176471e-01,1490113
1.101916455645039e+03,1.101068105383378e+03,5.882352941176471e-01,1490114
1.103434188588744e+03,1.102477966583651e+03,5.882352941176471e-01,1490116
1.104610659176980e+03,1.102257718000509e+03,1.764705882352941e+00,1490115
1.105569664513519e+03,1.104981429219402e+03,5.882352941176471e-01,1490117
1.108817645098478e+03,1.108229409804361e+03,5.882352941176471e-01,1490118
1.111404698504371e+03,1.110816463210253e+03,5.882352941176471e-01,1490121
1.112376814468941e+03,1.111748138264100e+03,5.882352941176471e-01,1490122
1.112965049763059e+03,1.108887843614959e+03,1.764705882352941e+00,1490119
1.116830351964732e+03,1.113889175494143e+03,1.764705882352941e+00,1490123
1.118822956001717e+03,1.118234720707599e+03,5.882352941176471e-01,1490126
1.119411191295835e+03,1.118506117074393e+03,5.882352941176471e-01,1490127
1.119999426589952e+03,1.119110129217694e+03,5.882352941176471e-01,1490128
1.120359763729438e+03,1.114667398843751e+03,1.764705882352941e+00,1490124
1.122796305787150e+03,1.122208070493032e+03,5.882352941176471e-01,1490130
1.123384541081268e+03,1.122438034042244e+03,5.882352941176471e-01,1490131
1.125002678861640e+03,1.123705254612586e+03,5.882352941176471e-01,1490133
1.125590914155757e+03,1.124687315464550e+03,5.882352941176471e-01,1490135
1.125988168424754e+03,1.121597649468903e+03,1.176470588235294e+00,1490129
1.127323760121926e+03,1.126735524827808e+03,5.882352941176471e-01,1490136
1.128341109601225e+03,1.123553336376377e+03,1.764705882352941e+00,1490132
1.129374697057838e+03,1.128786461763721e+03,5.882352941176471e-01,1490138
1.130105815483577e+03,1.127043685333156e+03,1.764705882352941e+00,1490137
1.132458756660048e+03,1.130597343240975e+03,5.882352941176471e-01,1490142
1.132458756660048e+03,1.130553499848971e+03,5.882352941176471e-01,1490141
1.134223462542401e+03,1.129795481725703e+03,1.764705882352941e+00,1490139
1.139989964176947e+03,1.139401728882830e+03,5.882352941176471e-01,1490143
1.142781234401476e+03,1.141952337827633e+03,5.882352941176471e-01,1490149
1.145222742776946e+03,1.144622553557087e+03,5.882352941176471e-01,1490151
1.146290028353533e+03,1.145691484153091e+03,5.882352941176471e-01,1490152
1.146878263647650e+03,1.145781268995391e+03,5.882352941176471e-01,1490153
1.148054734235886e+03,1.140233406785574e+03,1.764705882352941e+00,1490144
1.148859954781147e+03,1.148271719487029e+03,5.882352941176471e-01,1490155
1.149819440118239e+03,1.147028981484897e+03,1.176470588235294e+00,1490154
1.150407675412356e+03,1.144046272188710e+03,1.764705882352941e+00,1490150
1.152243366404708e+03,1.151655131110591e+03,5.882352941176471e-01,1490157
1.153255658913963e+03,1.150902717737493e+03,1.764705882352941e+00,1490156
1.153843894208081e+03,1.152975404024950e+03,5.882352941176471e-01,1490158
1.157793549445238e+03,1.156346529460368e+03,5.882352941176471e-01,1490162
1.158477666635339e+03,1.157594083701907e+03,5.882352941176471e-01,1490164
1.159765751940867e+03,1.154598430955447e+03,1.176470588235294e+00,1490159
1.160353987234985e+03,1.159742539126576e+03,5.882352941176471e-01,1490167
1.160942222529103e+03,1.159787715498972e+03,5.882352941176471e-01,1490168
1.161530457823220e+03,1.160509071960076e+03,5.882352941176471e-01,1490169
1.162706928411456e+03,1.161738308586670e+03,5.882352941176471e-01,1490171
1.164232145435644e+03,1.163404421283363e+03,5.882352941176471e-01,1490174
1.165520880268324e+03,1.164456673924533e+03,5.882352941176471e-01,1490177
1.166109115562442e+03,1.165330539987989e+03,5.882352941176471e-01,1490178
1.166995843587574e+03,1.166407608293456e+03,5.882352941176471e-01,1490179
1.167917245777045e+03,1.166540866178911e+03,5.882352941176471e-01,1490180
1.168505481071163e+03,1.167662177378281e+03,5.882352941176471e-01,1490182
1.170953444826300e+03,1.170365209532182e+03,5.882352941176471e-01,1490183
1.171575932139090e+03,1.170987696844972e+03,5.882352941176471e-01,1490184
1.173501105987207e+03,1.163844129558220e+03,1.764705882352941e+00,1490175
1.173501105987207e+03,1.156228309306216e+03,1.764705882352941e+00,1490161
1.174639911344979e+03,1.174051676050861e+03,5.882352941176471e-01,1490185
1.176404617227332e+03,1.174187246638864e+03,1.764705882352941e+00,1490186
1.177249169727829e+03,1.176660934433712e+03,5.882352941176471e-01,1490187
1.177837405021947e+03,1.177152946525619e+03,5.882352941176471e-01,1490188
1.179013875610182e+03,1.178295516239358e+03,5.882352941176471e-01,1490190
1.180752129808280e+03,1.178509336232428e+03,5.882352941176471e-01,1490191
1.181340365102397e+03,1.180738903966152e+03,5.882352941176471e-01,1490194
1.181964439959975e+03,1.181376204665857e+03,5.882352941176471e-01,1490195
1.183105070984750e+03,1.177604291585381e+03,1.764705882352941e+00,1490189
1.183693306278868e+03,1.182895304346349e+03,5.882352941176471e-01,1490196
1.184845287753803e+03,1.184257052459685e+03,5.882352941176471e-01,1490197
1.185433523047920e+03,1.184314315703897e+03,5.882352941176471e-01,1490198
1.188845337146874e+03,1.188257101852757e+03,5.882352941176471e-01,1490199
1.189478372118623e+03,1.188301809686450e+03,5.882352941176471e-01,1490200
1.190066607412741e+03,1.188934936502137e+03,5.882352941176471e-01,1490202
1.191831313295094e+03,1.189606501888643e+03,1.764705882352941e+00,1490203
1.193403441293965e+03,1.192815205999848e+03,5.882352941176471e-01,1490204
1.194766812813281e+03,1.193646818169721e+03,5.882352941176471e-01,1490206
1.195355048107399e+03,1.194299283268142e+03,5.882352941176471e-01,1490207
1.196531518695634e+03,1.193590342225046e+03,1.764705882352941e+00,1490205
1.198502342096933e+03,1.197914106802815e+03,5.882352941176471e-01,1490209
1.199288286032426e+03,1.198700050738308e+03,5.882352941176471e-01,1490210
1.200628739108091e+03,1.199616251007286e+03,5.882352941176471e-01,1490213
1.202399617254413e+03,1.200680281058930e+03,5.882352941176471e-01,1490215
1.203576087842648e+03,1.202790140490678e+03,5.882352941176471e-01,1490219
1.205023650037481e+03,1.197206436462552e+03,1.764705882352941e+00,1490208
1.205929868633234e+03,1.204859344165220e+03,5.882352941176471e-01,1490221
1.207106339221469e+03,1.205772854614099e+03,5.882352941176471e-01,1490224
1.210030067529407e+03,1.209441832235289e+03,5.882352941176471e-01,1490227
1.210719290973673e+03,1.210131055679555e+03,5.882352941176471e-01,1490228
1.211307526267791e+03,1.210158514983605e+03,5.882352941176471e-01,1490229
1.215135283384620e+03,1.213994143031839e+03,5.882352941176471e-01,1490234
1.215723518678738e+03,1.198917476962607e+03,1.764705882352941e+00,1490211
1.216382467600561e+03,1.215794232306443e+03,5.882352941176471e-01,1490235
1.218964374982206e+03,1.218376139688088e+03,5.882352941176471e-01,1490238
1.219557751457285e+03,1.218393199132174e+03,5.882352941176471e-01,1490239
1.220145986751403e+03,1.218972086753648e+03,5.882352941176471e-01,1490242
1.220792607857318e+03,1.220204372563201e+03,5.882352941176471e-01,1490243
1.221380843151436e+03,1.220265184258861e+03,5.882352941176471e-01,1490244
1.222955220984444e+03,1.222366985690326e+03,5.882352941176471e-01,1490245
1.223612090104004e+03,1.223023854809886e+03,5.882352941176471e-01,1490246
1.225140424565581e+03,1.213362311659628e+03,1.176470588235294e+00,1490232
1.225728659859699e+03,1.207734081473200e+03,1.764705882352941e+00,1490225
1.226905130447934e+03,1.226130584036456e+03,5.882352941176471e-01,1490249
1.227493365742052e+03,1.226775545317698e+03,5.882352941176471e-01,1490250
1.229469790052203e+03,1.228532662585874e+03,5.882352941176471e-01,1490252
1.230058025346321e+03,1.229305007314153e+03,5.882352941176471e-01,1490253
1.231231285984672e+03,1.230643050690554e+03,5.882352941176471e-01,1490254
1.232199248094993e+03,1.225484905256266e+03,1.176470588235294e+00,1490248
1.232787483389111e+03,1.216415160920893e+03,1.764705882352941e+00,1490236
1.233963953977346e+03,1.228293319463968e+03,1.764705882352941e+00,1490251
1.235880543733985e+03,1.235292308439867e+03,5.882352941176471e-01,1490256
1.236666440688423e+03,1.236025213422721e+03,5.882352941176471e-01,1490257
1.237279005337547e+03,1.236690770043430e+03,5.882352941176471e-01,1490258
1.237842911276658e+03,1.234313499511953e+03,1.764705882352941e+00,1490255
1.238480046377130e+03,1.237891811083012e+03,5.882352941176471e-01,1490259
1.241350759145581e+03,1.240762523851464e+03,5.882352941176471e-01,1490262
1.241938994439699e+03,1.241197932450372e+03,5.882352941176471e-01,1490263
1.242714591957147e+03,1.239185180192441e+03,1.764705882352941e+00,1490260
1.243660037155570e+03,1.243071801861453e+03,5.882352941176471e-01,1490264
1.244479297839500e+03,1.239817904902540e+03,1.764705882352941e+00,1490261
1.245190799181504e+03,1.244602563887386e+03,5.882352941176471e-01,1490265
1.249297811285988e+03,1.246944870109518e+03,1.176470588235294e+00,1490266
1.250442134385181e+03,1.249853899091064e+03,5.882352941176471e-01,1490269
1.251580561468980e+03,1.250922135181383e+03,5.882352941176471e-01,1490270
1.253194399821605e+03,1.251844934826015e+03,5.882352941176471e-01,1490272
1.254370870409841e+03,1.247843487693461e+03,1.764705882352941e+00,1490267
1.255749806959438e+03,1.254610065890405e+03,5.882352941176471e-01,1490276
1.256607739793972e+03,1.256019504499854e+03,5.882352941176471e-01,1490277
1.258488517468664e+03,1.251134657897916e+03,1.764705882352941e+00,1490271
1.259664988056899e+03,1.256131646187492e+03,1.176470588235294e+00,1490278
1.260253223351017e+03,1.254573336371202e+03,1.764705882352941e+00,1490275
1.260872623653479e+03,1.260284388359361e+03,5.882352941176471e-01,1490279
1.261460858947597e+03,1.260344539596140e+03,5.882352941176471e-01,1490280
1.262049094241714e+03,1.260957872069543e+03,5.882352941176471e-01,1490281
1.262637329535832e+03,1.261828007559385e+03,5.882352941176471e-01,1490282
1.265686694880801e+03,1.265045766642655e+03,5.882352941176471e-01,1490285
1.267694438880360e+03,1.266774276589780e+03,5.882352941176471e-01,1490289
1.269252977604419e+03,1.263127586546038e+03,1.764705882352941e+00,1490283
1.270819214875410e+03,1.270230979581293e+03,5.882352941176471e-01,1490293
1.273088077070783e+03,1.272499841776665e+03,5.882352941176471e-01,1490295
1.275450167189867e+03,1.264510224292566e+03,1.764705882352941e+00,1490284
1.276038402483985e+03,1.275193391145772e+03,5.882352941176471e-01,1490298
1.277012296031943e+03,1.276424060737825e+03,5.882352941176471e-01,1490299
1.277973563949020e+03,1.277385328654903e+03,5.882352941176471e-01,1490300
1.278657436654363e+03,1.277795482242355e+03,5.882352941176471e-01,1490301
1.279904174402215e+03,1.278762837393789e+03,5.882352941176471e-01,1490306
1.281319826857395e+03,1.271353419329653e+03,1.176470588235294e+00,1490294
1.283672768033866e+03,1.281230527935150e+03,1.176470588235294e+00,1490308
1.283672768033866e+03,1.278164838771471e+03,1.176470588235294e+00,1490303
1.284261003327983e+03,1.279793239885716e+03,1.764705882352941e+00,1490307
1.285943586484199e+03,1.285355351190082e+03,5.882352941176471e-01,1490309
1.286556153944681e+03,1.285967918650563e+03,5.882352941176471e-01,1490310
1.289054542588596e+03,1.288466307294479e+03,5.882352941176471e-01,1490311
1.289642777882714e+03,1.288703307267125e+03,5.882352941176471e-01,1490312
1.290819248470949e+03,1.289503725701452e+03,5.882352941176471e-01,1490314
1.290819248470949e+03,1.289336156724150e+03,5.882352941176471e-01,1490313
1.292688856960525e+03,1.292100621666407e+03,5.882352941176471e-01,1490315
1.293277092254642e+03,1.292510144158450e+03,5.882352941176471e-01,1490316
1.294103558283577e+03,1.293515322989459e+03,5.882352941176471e-01,1490317
1.296456499460047e+03,1.293816635307757e+03,1.764705882352941e+00,1490318
1.297346616612003e+03,1.296758381317885e+03,5.882352941176471e-01,1490320
1.297934851906120e+03,1.296879042371236e+03,5.882352941176471e-01,1490321
1.298809440636518e+03,1.295310521273528e+03,1.764705882352941e+00,1490319
1.300574146518871e+03,1.299746388101432e+03,5.882352941176471e-01,1490324
1.303517602989107e+03,1.302783946705781e+03,5.882352941176471e-01,1490329
1.305021989090014e+03,1.304433753795897e+03,5.882352941176471e-01,1490331
1.306341216911122e+03,1.305752981617004e+03,5.882352941176471e-01,1490333
1.306929452205239e+03,1.306251492745947e+03,5.882352941176471e-01,1490334
1.309092158355813e+03,1.308106256595078e+03,5.882352941176471e-01,1490336
1.313890744605176e+03,1.313057170806805e+03,5.882352941176471e-01,1490348
1.314337163725500e+03,1.298580379501492e+03,1.176470588235294e+00,1490322
1.314925399019618e+03,1.314267631522960e+03,5.882352941176471e-01,1490349
1.315513634313735e+03,1.314600094403008e+03,5.882352941176471e-01,1490350
1.316609759894705e+03,1.315172166036000e+03,5.882352941176471e-01,1490351
1.317197995188822e+03,1.316529414887439e+03,5.882352941176471e-01,1490353
1.317786230482940e+03,1.316845958324880e+03,5.882352941176471e-01,1490354
1.323181899914294e+03,1.322123653863715e+03,5.882352941176471e-01,1490357
1.326407856370539e+03,1.325250734676961e+03,5.882352941176471e-01,1490361
1.329729875229947e+03,1.302341132400872e+03,1.764705882352941e+00,1490328
1.331654317145478e+03,1.331066081851361e+03,5.882352941176471e-01,1490366
1.332681949669579e+03,1.332093714375461e+03,5.882352941176471e-01,1490367
1.333270184963696e+03,1.332479602073012e+03,5.882352941176471e-01,1490368
1.333858420257814e+03,1.333137807217842e+03,5.882352941176471e-01,1490369
1.339321447282857e+03,1.337802702715420e+03,5.882352941176471e-01,1490375
1.340179732333225e+03,1.339591497039108e+03,5.882352941176471e-01,1490377
1.342082816406417e+03,1.325231385782303e+03,1.176470588235294e+00,1490360
1.342082816406417e+03,1.323868432862523e+03,1.176470588235294e+00,1490358
1.342671051700535e+03,1.317804271666415e+03,1.764705882352941e+00,1490355
1.345868344825618e+03,1.345280109531500e+03,5.882352941176471e-01,1490380
1.349720330222835e+03,1.334556452650438e+03,1.764705882352941e+00,1490370
1.350443117205197e+03,1.349854881911079e+03,5.882352941176471e-01,1490382
1.352735183757603e+03,1.351755583118530e+03,5.882352941176471e-01,1490385
1.353323419051720e+03,1.352185344084441e+03,5.882352941176471e-01,1490386
1.354670100739029e+03,1.353451288230031e+03,5.882352941176471e-01,1490388
1.355823361145289e+03,1.354252076543985e+03,5.882352941176471e-01,1490390
1.356926154669345e+03,1.348542496062155e+03,1.764705882352941e+00,1490381
1.360455566434051e+03,1.350860732313733e+03,1.764705882352941e+00,1490383
1.361043801728168e+03,1.360281052709020e+03,5.882352941176471e-01,1490394
1.362220272316404e+03,1.357221870482230e+03,1.764705882352941e+00,1490393
1.363043647140214e+03,1.362455411846096e+03,5.882352941176471e-01,1490395
1.368260076066551e+03,1.367024242783808e+03,5.882352941176471e-01,1490403
1.368848311360669e+03,1.367850740866157e+03,5.882352941176471e-01,1490405
1.369436546654787e+03,1.368838659758133e+03,5.882352941176471e-01,1490406
1.370024781948904e+03,1.369261278241635e+03,5.882352941176471e-01,1490407
1.370402560463395e+03,1.364102232630066e+03,1.176470588235294e+00,1490396
1.372755501639866e+03,1.366163595033546e+03,1.176470588235294e+00,1490400
1.372755501639866e+03,1.364900924703811e+03,1.176470588235294e+00,1490397
1.373567237393969e+03,1.372979002099852e+03,5.882352941176471e-01,1490408
1.373931972228101e+03,1.365234006285168e+03,1.764705882352941e+00,1490398
1.376755407243738e+03,1.374990701361385e+03,1.764705882352941e+00,1490409
1.377343642537855e+03,1.376656626619272e+03,5.882352941176471e-01,1490410
1.378791043457088e+03,1.378202808162970e+03,5.882352941176471e-01,1490411
1.380596878013747e+03,1.378832172131394e+03,1.764705882352941e+00,1490412
1.382897573843803e+03,1.381967118888380e+03,5.882352941176471e-01,1490414
1.383581713298086e+03,1.382993478003969e+03,5.882352941176471e-01,1490415
1.384758183886322e+03,1.383147285425031e+03,5.882352941176471e-01,1490417
1.386117100969613e+03,1.385528865675496e+03,5.882352941176471e-01,1490419
1.386705336263731e+03,1.386103969057165e+03,5.882352941176471e-01,1490420
1.387468964821287e+03,1.386300032540474e+03,5.882352941176471e-01,1490421
1.388057200115404e+03,1.387056122790607e+03,5.882352941176471e-01,1490423
1.388822340686267e+03,1.388234105392149e+03,5.882352941176471e-01,1490424
1.389700119763005e+03,1.389111884468887e+03,5.882352941176471e-01,1490425
1.390288355057122e+03,1.389383570784967e+03,5.882352941176471e-01,1490426
1.390720025930770e+03,1.381721103255568e+03,1.764705882352941e+00,1490413
1.392408162884166e+03,1.391819927590049e+03,5.882352941176471e-01,1490428
1.394447320274656e+03,1.393859084980538e+03,5.882352941176471e-01,1490431
1.395035555568773e+03,1.394036656153033e+03,5.882352941176471e-01,1490432
1.395735323595445e+03,1.395147088301328e+03,5.882352941176471e-01,1490433
1.396439849426239e+03,1.395311060413451e+03,5.882352941176471e-01,1490434
1.397776164729494e+03,1.396759538856278e+03,5.882352941176471e-01,1490438
1.399231455300113e+03,1.383127188278160e+03,1.764705882352941e+00,1490416
1.400835268124477e+03,1.391869385794204e+03,1.176470588235294e+00,1490429
1.401423503418594e+03,1.400754821595482e+03,5.882352941176471e-01,1490439
1.404675948293061e+03,1.403696464103218e+03,5.882352941176471e-01,1490442
1.407028889469531e+03,1.402911242410708e+03,1.764705882352941e+00,1490440
1.407617124763649e+03,1.405013661618933e+03,1.176470588235294e+00,1490443
1.408241983247313e+03,1.407653747953195e+03,5.882352941176471e-01,1490444
1.410177243529883e+03,1.409589008235766e+03,5.882352941176471e-01,1490445
1.411936899926591e+03,1.410443167497857e+03,5.882352941176471e-01,1490449
1.413706444668738e+03,1.412608397452446e+03,5.882352941176471e-01,1490453
1.415345159685866e+03,1.409865088651316e+03,1.176470588235294e+00,1490446
1.415933394979984e+03,1.415224007680435e+03,5.882352941176471e-01,1490455
1.417857057774172e+03,1.417268822480054e+03,5.882352941176471e-01,1490457
1.418445293068290e+03,1.417763089523837e+03,5.882352941176471e-01,1490458
1.419033528362407e+03,1.418305499752107e+03,5.882352941176471e-01,1490459
1.421227512627043e+03,1.412529974080502e+03,1.764705882352941e+00,1490452
1.422403983215278e+03,1.421715730653803e+03,5.882352941176471e-01,1490461
1.423042744938444e+03,1.421919581426467e+03,5.882352941176471e-01,1490462
1.423630980232561e+03,1.422505036073374e+03,5.882352941176471e-01,1490464
1.424277768653644e+03,1.423689533359527e+03,5.882352941176471e-01,1490465
1.425983921409032e+03,1.419033400650588e+03,1.764705882352941e+00,1490460
1.426986982954793e+03,1.426398747660675e+03,5.882352941176471e-01,1490468
1.428336862585503e+03,1.423711407853290e+03,1.764705882352941e+00,1490466
1.429547551092068e+03,1.428371080503833e+03,1.176470588235294e+00,1490469
1.432994201821287e+03,1.432394764249682e+03,5.882352941176471e-01,1490473
1.433602672254939e+03,1.432558382231004e+03,5.882352941176471e-01,1490474
1.438915731438556e+03,1.438327496144439e+03,5.882352941176471e-01,1490482
1.439463342693645e+03,1.430652462922303e+03,1.764705882352941e+00,1490470
1.442404519164234e+03,1.437065039958885e+03,1.764705882352941e+00,1490481
1.444286887025023e+03,1.443534736826741e+03,5.882352941176471e-01,1490488
1.447816298789729e+03,1.440448068285989e+03,1.764705882352941e+00,1490484
1.448465395425227e+03,1.447877160131110e+03,5.882352941176471e-01,1490490
1.450360613000534e+03,1.449772377706417e+03,5.882352941176471e-01,1490492
1.451330737001954e+03,1.449777171607289e+03,5.882352941176471e-01,1490493
1.451918972296072e+03,1.450933446061487e+03,5.882352941176471e-01,1490496
1.452567512022978e+03,1.451443613142206e+03,5.882352941176471e-01,1490497
1.453155747317096e+03,1.452039581161649e+03,5.882352941176471e-01,1490499
1.454317534146364e+03,1.449169458653332e+03,1.764705882352941e+00,1490491
1.457109156825139e+03,1.456520921531022e+03,5.882352941176471e-01,1490500
1.457697392119257e+03,1.456551134242931e+03,5.882352941176471e-01,1490501
1.458370269361695e+03,1.457782034067578e+03,5.882352941176471e-01,1490502
1.459410480498320e+03,1.457937350525504e+03,5.882352941176471e-01,1490503
1.461175186380673e+03,1.459274221046710e+03,1.764705882352941e+00,1490505
1.461799287753770e+03,1.461211052459652e+03,5.882352941176471e-01,1490506
1.462387523047887e+03,1.461531062917387e+03,5.882352941176471e-01,1490507
1.464081243384243e+03,1.462571463678112e+03,5.882352941176471e-01,1490509
1.464669478678361e+03,1.463982517857747e+03,5.882352941176471e-01,1490511
1.465257713972478e+03,1.464088495673365e+03,5.882352941176471e-01,1490512
1.466804978699784e+03,1.466003719624544e+03,5.882352941176471e-01,1490514
1.468198890443067e+03,1.462415263028386e+03,1.764705882352941e+00,1490508
1.469375361031302e+03,1.465628508111549e+03,1.176470588235294e+00,1490513
1.469963596325420e+03,1.466845259995680e+03,1.764705882352941e+00,1490515
1.470551831619537e+03,1.469932716521740e+03,5.882352941176471e-01,1490516
1.471682275599138e+03,1.471094040305020e+03,5.882352941176471e-01,1490517
1.473895028805599e+03,1.473306793511481e+03,5.882352941176471e-01,1490520
1.474483264099716e+03,1.473861379657937e+03,5.882352941176471e-01,1490521
1.474623452069726e+03,1.471452177106962e+03,1.176470588235294e+00,1490518
1.475799922657961e+03,1.472606378673512e+03,1.764705882352941e+00,1490519
1.476388157952079e+03,1.475733110527234e+03,5.882352941176471e-01,1490522
1.479442790385573e+03,1.478854555091455e+03,5.882352941176471e-01,1490523
1.483311923229484e+03,1.482723687935367e+03,5.882352941176471e-01,1490527
1.483900158523602e+03,1.482944498798337e+03,5.882352941176471e-01,1490528
1.484972480213716e+03,1.480266597860775e+03,1.764705882352941e+00,1490524
1.486280790141900e+03,1.485236158893614e+03,5.882352941176471e-01,1490531
1.488045496024253e+03,1.481865009077711e+03,1.764705882352941e+00,1490526
1.490787334844914e+03,1.490082032767366e+03,5.882352941176471e-01,1490533
1.491375570139032e+03,1.490761197902339e+03,5.882352941176471e-01,1490534
1.491963805433149e+03,1.489022628962561e+03,1.764705882352941e+00,1490532
1.493728511315502e+03,1.492810875625676e+03,5.882352941176471e-01,1490537
1.494316746609620e+03,1.493550673480756e+03,5.882352941176471e-01,1490538
1.495968685379732e+03,1.495380450085614e+03,5.882352941176471e-01,1490540
1.497257923080208e+03,1.493917322072754e+03,1.176470588235294e+00,1490539
1.497257923080208e+03,1.491848203832023e+03,1.176470588235294e+00,1490535
1.497846158374326e+03,1.492041780834540e+03,1.764705882352941e+00,1490536
1.500199471277331e+03,1.498434765394978e+03,1.764705882352941e+00,1490541
1.500787706571449e+03,1.500030483820693e+03,5.882352941176471e-01,1490542
1.501490614749410e+03,1.500902379455292e+03,5.882352941176471e-01,1490543
1.502078850043527e+03,1.501341993923270e+03,5.882352941176471e-01,1490544
1.503255320631763e+03,1.502359902704371e+03,5.882352941176471e-01,1490546
1.504869482224267e+03,1.504281246930149e+03,5.882352941176471e-01,1490548
1.506045952812502e+03,1.504478179700717e+03,5.882352941176471e-01,1490549
1.507326969163283e+03,1.506692735341863e+03,5.882352941176471e-01,1490551
1.507915204457401e+03,1.502050892065574e+03,1.764705882352941e+00,1490545
1.508503439751519e+03,1.507860244485446e+03,5.882352941176471e-01,1490552
1.509265959921766e+03,1.508677724627648e+03,5.882352941176471e-01,1490553
1.509854195215884e+03,1.508720607394151e+03,5.882352941176471e-01,1490554
1.510856380927989e+03,1.504794401922227e+03,1.764705882352941e+00,1490550
1.511444616222107e+03,1.510715422956062e+03,5.882352941176471e-01,1490555
1.513209322104460e+03,1.511117850401560e+03,1.764705882352941e+00,1490556
1.517617342134995e+03,1.516906376307622e+03,5.882352941176471e-01,1490558
1.518205577429113e+03,1.517206653815237e+03,5.882352941176471e-01,1490559
1.518842483232287e+03,1.518254247938169e+03,5.882352941176471e-01,1490560
1.519816383618160e+03,1.519228148324042e+03,5.882352941176471e-01,1490561
1.520404618912278e+03,1.519511776705597e+03,5.882352941176471e-01,1490562
1.521581089500513e+03,1.520716560924427e+03,5.882352941176471e-01,1490564
1.523345795382866e+03,1.522625290895762e+03,5.882352941176471e-01,1490567
1.523499695076171e+03,1.516440871546760e+03,1.176470588235294e+00,1490557
1.525279340197627e+03,1.524691104903510e+03,5.882352941176471e-01,1490569
1.527328130507852e+03,1.526670460099298e+03,5.882352941176471e-01,1490572
1.528209504137234e+03,1.527621268843117e+03,5.882352941176471e-01,1490573
1.528793812723230e+03,1.521839255196582e+03,1.176470588235294e+00,1490566
1.529382048017348e+03,1.520162104833639e+03,1.764705882352941e+00,1490563
1.531146753899701e+03,1.526151659919617e+03,1.176470588235294e+00,1490571
1.531146753899701e+03,1.525354071927912e+03,1.176470588235294e+00,1490570
1.531146753899701e+03,1.523972622032385e+03,1.176470588235294e+00,1490568
1.533025156367869e+03,1.532436921073751e+03,5.882352941176471e-01,1490574
1.535978497738599e+03,1.535390262444482e+03,5.882352941176471e-01,1490575
1.537589481327736e+03,1.537001246033618e+03,5.882352941176471e-01,1490576
1.538765951915971e+03,1.537033599472907e+03,5.882352941176471e-01,1490578
1.540013598607101e+03,1.539164027821158e+03,5.882352941176471e-01,1490580
1.540530657798324e+03,1.537027002070014e+03,1.176470588235294e+00,1490577
1.541707128386559e+03,1.538837128018866e+03,1.764705882352941e+00,1490579
1.544017024244160e+03,1.543428788950043e+03,5.882352941176471e-01,1490581
1.544669588308234e+03,1.544081353014117e+03,5.882352941176471e-01,1490582
1.545955570270518e+03,1.545108708016690e+03,5.882352941176471e-01,1490584
1.546543805564636e+03,1.544779099682283e+03,1.176470588235294e+00,1490583
1.550458117362424e+03,1.549717371407653e+03,5.882352941176471e-01,1490586
1.551449090051006e+03,1.550860854756888e+03,5.882352941176471e-01,1490587
1.553449726138592e+03,1.549281646774189e+03,1.176470588235294e+00,1490585
1.554626196726827e+03,1.552300646850602e+03,1.176470588235294e+00,1490592
1.555214432020945e+03,1.550879326860930e+03,1.764705882352941e+00,1490588
1.556485967781001e+03,1.555802315984594e+03,5.882352941176471e-01,1490594
1.557662438369236e+03,1.555309497192765e+03,1.764705882352941e+00,1490593
1.558404853575816e+03,1.557816618281698e+03,5.882352941176471e-01,1490595
1.559023546546175e+03,1.558435311252058e+03,5.882352941176471e-01,1490596
1.560696924324943e+03,1.558586834493880e+03,5.882352941176471e-01,1490597
1.561285159619060e+03,1.560651260273150e+03,5.882352941176471e-01,1490600
1.564696817284080e+03,1.564021493164477e+03,5.882352941176471e-01,1490604
1.565873287872316e+03,1.561755640813492e+03,1.764705882352941e+00,1490601
1.568226229048786e+03,1.562915952547297e+03,1.176470588235294e+00,1490602
1.569052795739188e+03,1.568464560445071e+03,5.882352941176471e-01,1490607
1.570387940867539e+03,1.569147535583313e+03,5.882352941176471e-01,1490609
1.570976176161657e+03,1.569879042843480e+03,5.882352941176471e-01,1490612
1.571326080059490e+03,1.562983577698209e+03,1.764705882352941e+00,1490603
1.572502550647726e+03,1.568697076811725e+03,1.176470588235294e+00,1490608
1.572502550647726e+03,1.566558902655460e+03,1.176470588235294e+00,1490606
1.574550654663330e+03,1.573374184075094e+03,1.176470588235294e+00,1490613
1.575264060583661e+03,1.574675825289544e+03,5.882352941176471e-01,1490614
1.579302616291580e+03,1.577537910409227e+03,1.764705882352941e+00,1490615
1.581277413394562e+03,1.579512707512209e+03,1.764705882352941e+00,1490616
1.581893771462330e+03,1.581305536168212e+03,5.882352941176471e-01,1490617
1.583070242050565e+03,1.581349575341203e+03,1.176470588235294e+00,1490618
1.584353721609044e+03,1.583765486314926e+03,5.882352941176471e-01,1490619
1.586224132471117e+03,1.585635897176999e+03,5.882352941176471e-01,1490621
1.586706662785514e+03,1.584325467113473e+03,1.764705882352941e+00,1490620
1.588471368667867e+03,1.586404980490190e+03,1.764705882352941e+00,1490622
1.589161217362524e+03,1.588204141569593e+03,5.882352941176471e-01,1490623
1.590925923244877e+03,1.588674595468946e+03,1.764705882352941e+00,1490625
1.591548261829535e+03,1.590960026535417e+03,5.882352941176471e-01,1490626
1.593505736369305e+03,1.591741030486952e+03,1.764705882352941e+00,1490627
1.594561362641026e+03,1.593245468762347e+03,5.882352941176471e-01,1490628
1.595149597935143e+03,1.594440518324511e+03,5.882352941176471e-01,1490630
1.596892645311798e+03,1.596304410017681e+03,5.882352941176471e-01,1490631
1.600324099874724e+03,1.598750928241627e+03,5.882352941176471e-01,1490639
1.601120220035350e+03,1.596444762814177e+03,1.764705882352941e+00,1490632
1.603471379305169e+03,1.602883144011051e+03,5.882352941176471e-01,1490641
1.604059614599286e+03,1.603405328202396e+03,5.882352941176471e-01,1490642
1.604647849893404e+03,1.603629380030011e+03,5.882352941176471e-01,1490643
1.605237867094174e+03,1.598023066465141e+03,1.176470588235294e+00,1490634
1.605237867094174e+03,1.597861231033524e+03,1.176470588235294e+00,1490633
1.605826102388292e+03,1.598596036547280e+03,1.764705882352941e+00,1490638
1.607002572976527e+03,1.602072636053967e+03,1.764705882352941e+00,1490640
1.607590808270645e+03,1.606848794641197e+03,5.882352941176471e-01,1490644
1.608938046966371e+03,1.607804817117292e+03,5.882352941176471e-01,1490646
1.610114517554606e+03,1.607761576378136e+03,1.764705882352941e+00,1490645
1.614842809747248e+03,1.613597850761959e+03,5.882352941176471e-01,1490650
1.616019280335483e+03,1.614529829693577e+03,5.882352941176471e-01,1490653
1.616019280335483e+03,1.614522093740693e+03,5.882352941176471e-01,1490652
1.616809311831187e+03,1.611835910190682e+03,1.764705882352941e+00,1490647
1.619162253007657e+03,1.612731436793912e+03,1.764705882352941e+00,1490648
1.620127724654496e+03,1.619539489360378e+03,5.882352941176471e-01,1490655
1.620715959948614e+03,1.619864270942550e+03,5.882352941176471e-01,1490656
1.621763674259618e+03,1.620200526035620e+03,5.882352941176471e-01,1490657
1.622351909553736e+03,1.621634917982387e+03,5.882352941176471e-01,1490659
1.623151143789250e+03,1.617324753725478e+03,1.764705882352941e+00,1490654
1.623739379083367e+03,1.623058599844757e+03,5.882352941176471e-01,1490660
1.625271429826727e+03,1.624683194532609e+03,5.882352941176471e-01,1490661
1.627695022070989e+03,1.627106786776871e+03,5.882352941176471e-01,1490663
1.627828803981192e+03,1.626064098098839e+03,1.176470588235294e+00,1490662
1.628433120178985e+03,1.627844884884867e+03,5.882352941176471e-01,1490664
1.629303495815869e+03,1.628715260521751e+03,5.882352941176471e-01,1490665
1.632440126634606e+03,1.631851891340488e+03,5.882352941176471e-01,1490668
1.632832907580575e+03,1.628790632067841e+03,1.764705882352941e+00,1490666
1.634009378168810e+03,1.632771506968432e+03,5.882352941176471e-01,1490670
1.634009378168810e+03,1.632633205750461e+03,5.882352941176471e-01,1490669
1.634858827070916e+03,1.634270591776798e+03,5.882352941176471e-01,1490671
1.635847829602047e+03,1.635259594307929e+03,5.882352941176471e-01,1490672
1.637452316000163e+03,1.636864080706045e+03,5.882352941176471e-01,1490674
1.638628786588398e+03,1.637506147249812e+03,5.882352941176471e-01,1490676
1.639384387929668e+03,1.638796152635551e+03,5.882352941176471e-01,1490677
1.639972623223786e+03,1.639088709551945e+03,5.882352941176471e-01,1490678
1.641149093812021e+03,1.640100049511159e+03,5.882352941176471e-01,1490680
1.641737329106139e+03,1.640944018509069e+03,5.882352941176471e-01,1490681
1.642926835392439e+03,1.642284445122270e+03,5.882352941176471e-01,1490683
1.643494888425576e+03,1.635644520978424e+03,1.764705882352941e+00,1490673
1.645501182627012e+03,1.644912947332894e+03,5.882352941176471e-01,1490685
1.646677653215247e+03,1.646034367961304e+03,5.882352941176471e-01,1490687
1.647502020491509e+03,1.646308199069648e+03,5.882352941176471e-01,1490688
1.648090255785627e+03,1.647149917179537e+03,5.882352941176471e-01,1490690
1.648927389317905e+03,1.647691944787073e+03,5.882352941176471e-01,1490691
1.650103859906140e+03,1.648422120103173e+03,5.882352941176471e-01,1490695
1.652219893962322e+03,1.650662056255674e+03,5.882352941176471e-01,1490698
1.653549262983458e+03,1.641750364804204e+03,1.176470588235294e+00,1490682
1.654137498277575e+03,1.636972175867399e+03,1.764705882352941e+00,1490675
1.656312960024151e+03,1.654478685765369e+03,5.882352941176471e-01,1490703
1.656901195318269e+03,1.656224220309204e+03,5.882352941176471e-01,1490706
1.659802708774277e+03,1.659214473480160e+03,5.882352941176471e-01,1490707
1.661137100148488e+03,1.660548864854371e+03,5.882352941176471e-01,1490709
1.662596187395710e+03,1.661694273020512e+03,5.882352941176471e-01,1490710
1.663772657983946e+03,1.662245584187510e+03,5.882352941176471e-01,1490713
1.664360893278063e+03,1.643929856891637e+03,1.764705882352941e+00,1490684
1.666125599160416e+03,1.659507372062018e+03,1.764705882352941e+00,1490708
1.666713834454534e+03,1.665949132112753e+03,5.882352941176471e-01,1490714
1.667903324000937e+03,1.667315088706819e+03,5.882352941176471e-01,1490715
1.669965763253023e+03,1.669377527958905e+03,5.882352941176471e-01,1490716
1.671411089281805e+03,1.670822853987688e+03,5.882352941176471e-01,1490717
1.671999324575923e+03,1.671379656387210e+03,5.882352941176471e-01,1490718
1.674353535901772e+03,1.673177065313536e+03,1.176470588235294e+00,1490719
1.677110150253814e+03,1.676113555463869e+03,5.882352941176471e-01,1490721
1.679027805570678e+03,1.678318032396349e+03,5.882352941176471e-01,1490724
1.680051326724402e+03,1.676915900626563e+03,1.176470588235294e+00,1490722
1.681227797312638e+03,1.675933679665579e+03,1.764705882352941e+00,1490720
1.682404267900873e+03,1.677851334982443e+03,1.176470588235294e+00,1490723
1.682992503194991e+03,1.680128329257781e+03,1.764705882352941e+00,1490725
1.684832051686728e+03,1.684243816392611e+03,5.882352941176471e-01,1490726
1.685914959734466e+03,1.685326724440348e+03,5.882352941176471e-01,1490727
1.687091430322701e+03,1.686122369897539e+03,5.882352941176471e-01,1490729
1.688267900910936e+03,1.686963217367558e+03,5.882352941176471e-01,1490731
1.688267900910936e+03,1.686860949600265e+03,5.882352941176471e-01,1490730
1.690847505626346e+03,1.689930134043989e+03,5.882352941176471e-01,1490735
1.692171661772570e+03,1.685815038140276e+03,1.764705882352941e+00,1490728
1.693348132360805e+03,1.691997570624380e+03,5.882352941176471e-01,1490739
1.693348132360805e+03,1.691982075693818e+03,5.882352941176471e-01,1490738
1.695609137340542e+03,1.695020902046424e+03,5.882352941176471e-01,1490741
1.696785607928777e+03,1.696015699205379e+03,5.882352941176471e-01,1490743
1.697667312470885e+03,1.696296225892523e+03,5.882352941176471e-01,1490744
1.698255547765002e+03,1.697372546424757e+03,5.882352941176471e-01,1490746
1.698843783059120e+03,1.697836500451366e+03,5.882352941176471e-01,1490747
1.700256744000949e+03,1.699668508706831e+03,5.882352941176471e-01,1490748
1.700844979295066e+03,1.699977619939305e+03,5.882352941176471e-01,1490749
1.701288660432325e+03,1.688708450647065e+03,1.764705882352941e+00,1490732
1.703053366314678e+03,1.694098540527847e+03,1.176470588235294e+00,1490740
1.703775804420473e+03,1.703187569126356e+03,5.882352941176471e-01,1490751
1.704229836902913e+03,1.695375053238871e+03,1.764705882352941e+00,1490742
1.705050827769171e+03,1.704462592475054e+03,5.882352941176471e-01,1490752
1.706227298357407e+03,1.704465621806344e+03,5.882352941176471e-01,1490753
1.707367682466712e+03,1.706779447172594e+03,5.882352941176471e-01,1490755
1.707955917760830e+03,1.707259280834946e+03,5.882352941176471e-01,1490756
1.709734026143790e+03,1.709145790849672e+03,5.882352941176471e-01,1490759
1.710112189844089e+03,1.701851210393092e+03,1.764705882352941e+00,1490750
1.711518333174642e+03,1.710930097880524e+03,5.882352941176471e-01,1490761
1.712304335002557e+03,1.711137800490029e+03,5.882352941176471e-01,1490762
1.713844678306789e+03,1.713256443012671e+03,5.882352941176471e-01,1490765
1.715021148895024e+03,1.714136704298582e+03,5.882352941176471e-01,1490767
1.715725340841129e+03,1.714447827797930e+03,5.882352941176471e-01,1490768
1.717896712612754e+03,1.717308477318637e+03,5.882352941176471e-01,1490771
1.719802555706557e+03,1.719202613069373e+03,5.882352941176471e-01,1490773
1.720390791000675e+03,1.705007367299841e+03,1.764705882352941e+00,1490754
1.722743732177145e+03,1.715253062198999e+03,1.176470588235294e+00,1490770
1.723331967471263e+03,1.711913866242237e+03,1.764705882352941e+00,1490764
1.724684276117514e+03,1.724096040823396e+03,5.882352941176471e-01,1490774
1.725396443212199e+03,1.724808207918081e+03,5.882352941176471e-01,1490775
1.725984678506317e+03,1.724971384151704e+03,5.882352941176471e-01,1490776
1.727106313756878e+03,1.726518078462761e+03,5.882352941176471e-01,1490777
1.728489653414502e+03,1.727901418120384e+03,5.882352941176471e-01,1490778
1.729077888708620e+03,1.727968594928546e+03,5.882352941176471e-01,1490779
1.729763369058148e+03,1.729175133764031e+03,5.882352941176471e-01,1490780
1.732570652176167e+03,1.730805946293814e+03,1.764705882352941e+00,1490781
1.735043744423999e+03,1.734455509129881e+03,5.882352941176471e-01,1490784
1.736100063940873e+03,1.732386761617489e+03,1.764705882352941e+00,1490782
1.736688299234991e+03,1.736032863004792e+03,5.882352941176471e-01,1490786
1.737276534529109e+03,1.736661095860671e+03,5.882352941176471e-01,1490787
1.737864769823226e+03,1.737125001782775e+03,5.882352941176471e-01,1490788
1.738566953687493e+03,1.737978718393375e+03,5.882352941176471e-01,1490789
1.740805946293814e+03,1.733646126746963e+03,1.764705882352941e+00,1490783
1.741982416882050e+03,1.738073398370669e+03,1.764705882352941e+00,1490790
1.742756390130937e+03,1.742168154836819e+03,5.882352941176471e-01,1490791
1.743946238336285e+03,1.743214374281117e+03,5.882352941176471e-01,1490793
1.744534473630403e+03,1.743813748022948e+03,5.882352941176471e-01,1490794
1.745710944218638e+03,1.744656996906695e+03,5.882352941176471e-01,1490796
1.746299179512756e+03,1.745133979528686e+03,5.882352941176471e-01,1490797
1.746887414806874e+03,1.746224918728781e+03,5.882352941176471e-01,1490798
1.747475650100991e+03,1.746467513455854e+03,5.882352941176471e-01,1490799
1.749004478666375e+03,1.748402276858684e+03,5.882352941176471e-01,1490801
1.749592713960493e+03,1.748480294674269e+03,5.882352941176471e-01,1490802
1.752004985747879e+03,1.751151141419336e+03,5.882352941176471e-01,1490806
1.754505450955686e+03,1.753828862375936e+03,5.882352941176471e-01,1490810
1.755093686249804e+03,1.742769767748050e+03,1.764705882352941e+00,1490792
1.757663454909058e+03,1.757075219614940e+03,5.882352941176471e-01,1490812
1.758623098014510e+03,1.749298061293544e+03,1.176470588235294e+00,1490803
1.759211333308627e+03,1.747828008078140e+03,1.764705882352941e+00,1490800
1.759799568602745e+03,1.755894307278056e+03,1.176470588235294e+00,1490811
1.762103187459427e+03,1.759709001253483e+03,1.176470588235294e+00,1490813
1.762691422753545e+03,1.762053865139638e+03,5.882352941176471e-01,1490815
1.763279658047662e+03,1.762568884436174e+03,5.882352941176471e-01,1490816
1.764295635518521e+03,1.763707400224403e+03,5.882352941176471e-01,1490817
1.768741294671362e+03,1.767639621830982e+03,5.882352941176471e-01,1490821
1.769917765259597e+03,1.768414163834827e+03,5.882352941176471e-01,1490823
1.770861735225069e+03,1.766155852872128e+03,1.764705882352941e+00,1490818
1.772584037745957e+03,1.766806861214390e+03,1.176470588235294e+00,1490819
1.773172273040075e+03,1.772562836065225e+03,5.882352941176471e-01,1490824
1.774160243700576e+03,1.773572008406458e+03,5.882352941176471e-01,1490825
1.775789013329941e+03,1.775064841782835e+03,5.882352941176471e-01,1490828
1.776536333229581e+03,1.775948097935463e+03,5.882352941176471e-01,1490829
1.776965483918176e+03,1.773630941517179e+03,1.176470588235294e+00,1490826
1.778730189800529e+03,1.776945639738117e+03,1.764705882352941e+00,1490830
1.780201749779557e+03,1.779110865226637e+03,5.882352941176471e-01,1490832
1.780789985073675e+03,1.779703531122858e+03,5.882352941176471e-01,1490833
1.782221374266488e+03,1.780833683452096e+03,5.882352941176471e-01,1490835
1.783103231652957e+03,1.781888057576948e+03,5.882352941176471e-01,1490837
1.784279702241192e+03,1.782808618451191e+03,5.882352941176471e-01,1490839
1.785037657968548e+03,1.784449422674431e+03,5.882352941176471e-01,1490841
1.785701512779291e+03,1.784636377203515e+03,5.882352941176471e-01,1490842
1.787631947767818e+03,1.787043712473700e+03,5.882352941176471e-01,1490845
1.788472968816640e+03,1.780358183679054e+03,1.176470588235294e+00,1490834
1.788472968816640e+03,1.779025279191322e+03,1.176470588235294e+00,1490831
1.789061204110758e+03,1.783066043852773e+03,1.764705882352941e+00,1490840
1.789747698412626e+03,1.789159463118509e+03,5.882352941176471e-01,1490846
1.790825909993111e+03,1.785188897001797e+03,1.764705882352941e+00,1490844
1.791604445505858e+03,1.791016210211741e+03,5.882352941176471e-01,1490847
1.792563565653378e+03,1.791975330359260e+03,5.882352941176471e-01,1490848
1.793151800947496e+03,1.792175848081103e+03,5.882352941176471e-01,1490849
1.794225799330495e+03,1.793637564036378e+03,5.882352941176471e-01,1490850
1.797434553943221e+03,1.795669848060868e+03,1.764705882352941e+00,1490851
1.799853377381573e+03,1.799132012912261e+03,5.882352941176471e-01,1490854
1.800441612675691e+03,1.797500436205103e+03,1.764705882352941e+00,1490852
1.801105019722425e+03,1.800516784428308e+03,5.882352941176471e-01,1490855
1.802766222677987e+03,1.801782865069615e+03,5.882352941176471e-01,1490859
1.804455756807723e+03,1.798656918371895e+03,1.764705882352941e+00,1490853
1.806903947382141e+03,1.806039894291861e+03,5.882352941176471e-01,1490864
1.808668653264494e+03,1.807288222321529e+03,5.882352941176471e-01,1490866
1.809497073537408e+03,1.808908838243291e+03,5.882352941176471e-01,1490868
1.810085308831526e+03,1.809329866557620e+03,5.882352941176471e-01,1490869
1.810879551865096e+03,1.809507079868441e+03,5.882352941176471e-01,1490870
1.811467787159213e+03,1.810394320440704e+03,5.882352941176471e-01,1490873
1.812056022453331e+03,1.811003105530702e+03,5.882352941176471e-01,1490874
1.812644257747449e+03,1.812031531785194e+03,5.882352941176471e-01,1490875
1.813232493041566e+03,1.812462324182934e+03,5.882352941176471e-01,1490876
1.814408963629801e+03,1.812824868480727e+03,5.882352941176471e-01,1490878
1.814408963629801e+03,1.812652453817606e+03,5.882352941176471e-01,1490877
1.815249999841293e+03,1.800619890273022e+03,1.176470588235294e+00,1490856
1.815838235135410e+03,1.802210822853069e+03,1.764705882352941e+00,1490861
1.818191176311881e+03,1.805727476793906e+03,1.764705882352941e+00,1490863
1.819843045272871e+03,1.819254809978754e+03,5.882352941176471e-01,1490879
1.821607751155224e+03,1.819712466715162e+03,1.176470588235294e+00,1490880
1.822784221743460e+03,1.820719509476645e+03,1.764705882352941e+00,1490881
1.825656299630745e+03,1.825068064336628e+03,5.882352941176471e-01,1490883
1.826832770218980e+03,1.825874118362686e+03,5.882352941176471e-01,1490885
1.828933527196732e+03,1.828080566449652e+03,5.882352941176471e-01,1490888
1.829344965398613e+03,1.824050847751554e+03,1.764705882352941e+00,1490882
1.830270654827747e+03,1.829682419533629e+03,5.882352941176471e-01,1490889
1.831447125415982e+03,1.830343211168356e+03,5.882352941176471e-01,1490891
1.833567188191019e+03,1.832746074495468e+03,5.882352941176471e-01,1490895
1.834208766637740e+03,1.833620531343623e+03,5.882352941176471e-01,1490896
1.834797001931858e+03,1.833786159422849e+03,5.882352941176471e-01,1490897
1.835624861072618e+03,1.834363720455432e+03,5.882352941176471e-01,1490898
1.839166036973256e+03,1.838577801679139e+03,5.882352941176471e-01,1490905
1.839916860020770e+03,1.838749356954290e+03,5.882352941176471e-01,1490906
1.841640769200855e+03,1.827757056608497e+03,1.176470588235294e+00,1490887
1.842229004494973e+03,1.825634257513700e+03,1.764705882352941e+00,1490884
1.847419315240567e+03,1.829921861293115e+03,1.176470588235294e+00,1490890
1.848007550534685e+03,1.847404485683215e+03,5.882352941176471e-01,1490911
1.849402213666745e+03,1.848813978372627e+03,5.882352941176471e-01,1490912
1.850611019585401e+03,1.848962457646259e+03,5.882352941176471e-01,1490913
1.851403234478211e+03,1.850333069603552e+03,5.882352941176471e-01,1490916
1.851991469772329e+03,1.851018978782786e+03,5.882352941176471e-01,1490918
1.853027780867575e+03,1.851724247235478e+03,5.882352941176471e-01,1490919
1.853616016161692e+03,1.852887621374585e+03,5.882352941176471e-01,1490921
1.855380722044045e+03,1.854725291750114e+03,5.882352941176471e-01,1490924
1.857145427926398e+03,1.853432774096784e+03,1.764705882352941e+00,1490922
1.857733663220516e+03,1.857136344922650e+03,5.882352941176471e-01,1490925
1.858910133808751e+03,1.857731441776966e+03,1.176470588235294e+00,1490926
1.860736413319354e+03,1.860148178025236e+03,5.882352941176471e-01,1490927
1.861324648613471e+03,1.860463704628105e+03,5.882352941176471e-01,1490928
1.863337999069620e+03,1.862749763775502e+03,5.882352941176471e-01,1490929
1.864087553095835e+03,1.863499317801717e+03,5.882352941176471e-01,1490930
1.865279386068910e+03,1.864691150774792e+03,5.882352941176471e-01,1490931
1.866516973627097e+03,1.865928738332980e+03,5.882352941176471e-01,1490932
1.867243263583188e+03,1.866655028289071e+03,5.882352941176471e-01,1490933
1.868563749089824e+03,1.867531293419989e+03,5.882352941176471e-01,1490936
1.871130422440148e+03,1.870114675434396e+03,5.882352941176471e-01,1490940
1.872306893028383e+03,1.871592193094012e+03,5.882352941176471e-01,1490942
1.872681396148648e+03,1.866841370537472e+03,1.176470588235294e+00,1490934
1.877387278501589e+03,1.870639066263042e+03,1.176470588235294e+00,1490941
1.879151984383942e+03,1.868777481263677e+03,1.764705882352941e+00,1490937
1.879740219678060e+03,1.879001795417962e+03,5.882352941176471e-01,1490949
1.880777063482897e+03,1.880188828188779e+03,5.882352941176471e-01,1490950
1.881628741182123e+03,1.881040505888005e+03,5.882352941176471e-01,1490951
1.884560600435484e+03,1.883877617763439e+03,5.882352941176471e-01,1490952
1.885148835729601e+03,1.884196850192616e+03,5.882352941176471e-01,1490953
1.886274124216531e+03,1.884682115322289e+03,5.882352941176471e-01,1490954
1.887450594804766e+03,1.886484476459595e+03,5.882352941176471e-01,1490957
1.889215300687119e+03,1.873003818771787e+03,1.764705882352941e+00,1490943
1.890284724955141e+03,1.889696489661023e+03,5.882352941176471e-01,1490960
1.891568241863590e+03,1.887112861173906e+03,1.176470588235294e+00,1490958
1.893921183040060e+03,1.886222942115226e+03,1.764705882352941e+00,1490956
1.895754362867113e+03,1.895166127572996e+03,5.882352941176471e-01,1490964
1.896342598161231e+03,1.895546025785608e+03,5.882352941176471e-01,1490965
1.897519068749466e+03,1.896237373125139e+03,5.882352941176471e-01,1490967
1.897519068749466e+03,1.895889110308041e+03,5.882352941176471e-01,1490966
1.899215300687119e+03,1.892420760708999e+03,1.764705882352941e+00,1490963
1.899215300687119e+03,1.891583869829396e+03,1.764705882352941e+00,1490961
1.899905430076105e+03,1.899317194781987e+03,5.882352941176471e-01,1490968
1.901580191900789e+03,1.900585097831557e+03,5.882352941176471e-01,1490970
1.902168427194907e+03,1.901363768521054e+03,5.882352941176471e-01,1490971
1.902756662489025e+03,1.901581122912393e+03,5.882352941176471e-01,1490972
1.904521368371377e+03,1.902627109889075e+03,1.176470588235294e+00,1490973
1.905109603665495e+03,1.900403721312554e+03,1.764705882352941e+00,1490969
1.905832141892934e+03,1.905243906598816e+03,5.882352941176471e-01,1490974
1.906534075366184e+03,1.905286962483378e+03,5.882352941176471e-01,1490975
1.907122310660302e+03,1.906059538251199e+03,5.882352941176471e-01,1490977
1.908442497570628e+03,1.907664437996361e+03,5.882352941176471e-01,1490979
1.911136435187964e+03,1.910531418532614e+03,5.882352941176471e-01,1490984
1.914077611658552e+03,1.907935231449952e+03,1.176470588235294e+00,1490980
1.914077611658552e+03,1.907266026982393e+03,1.176470588235294e+00,1490978
1.914665846952670e+03,1.908768839322640e+03,1.764705882352941e+00,1490981
1.915416228981641e+03,1.914827993687523e+03,5.882352941176471e-01,1490986
1.917173004541188e+03,1.916576838924266e+03,5.882352941176471e-01,1490989
1.918187328394571e+03,1.912465138814631e+03,1.764705882352941e+00,1490985
1.918794505693966e+03,1.918206270399848e+03,5.882352941176471e-01,1490990
1.920540269571041e+03,1.915127491189232e+03,1.764705882352941e+00,1490987
1.921206253781387e+03,1.920618018487270e+03,5.882352941176471e-01,1490992
1.922304975453394e+03,1.919540512884189e+03,1.764705882352941e+00,1490991
1.924657916629865e+03,1.922121249031428e+03,1.764705882352941e+00,1490993
1.925834387218100e+03,1.924663501210398e+03,5.882352941176471e-01,1490996
1.927763788069026e+03,1.927175552774908e+03,5.882352941176471e-01,1490997
1.928972112838393e+03,1.928225623969866e+03,5.882352941176471e-01,1490999
1.930549654822014e+03,1.929774255629165e+03,5.882352941176471e-01,1491003
1.931137890116132e+03,1.930039031316639e+03,5.882352941176471e-01,1491004
1.931726125410250e+03,1.930696958039672e+03,5.882352941176471e-01,1491005
1.932314360704367e+03,1.931172953008541e+03,5.882352941176471e-01,1491006
1.932922079791066e+03,1.932333844496949e+03,5.882352941176471e-01,1491007
1.933294803050706e+03,1.923468111608746e+03,1.764705882352941e+00,1490994
1.934171826936938e+03,1.933583591642821e+03,5.882352941176471e-01,1491008
1.936235979521294e+03,1.927795121342350e+03,1.176470588235294e+00,1490998
1.937412450109530e+03,1.928384398452084e+03,1.764705882352941e+00,1491001
1.938000685403647e+03,1.937190626130937e+03,5.882352941176471e-01,1491012
1.939765391286000e+03,1.934446826965674e+03,1.176470588235294e+00,1491009
1.940353626580118e+03,1.935129959963104e+03,1.764705882352941e+00,1491010
1.943799806203074e+03,1.943211570908956e+03,5.882352941176471e-01,1491013
1.944388041497192e+03,1.943665374193393e+03,5.882352941176471e-01,1491014
1.944976276791309e+03,1.944073555091060e+03,5.882352941176471e-01,1491015
1.946509487776547e+03,1.945921252482430e+03,5.882352941176471e-01,1491016
1.948566257318659e+03,1.947112853547863e+03,5.882352941176471e-01,1491021
1.948566257318659e+03,1.946947583266185e+03,5.882352941176471e-01,1491020
1.949742727906894e+03,1.946075403627863e+03,1.764705882352941e+00,1491017
1.951137577964411e+03,1.950509058048369e+03,5.882352941176471e-01,1491023
1.952865588343268e+03,1.952240657545654e+03,5.882352941176471e-01,1491026
1.954630294225621e+03,1.949961107376176e+03,1.764705882352941e+00,1491022
1.957499443705335e+03,1.954538988164078e+03,1.176470588235294e+00,1491027
1.958087678999453e+03,1.955662710832109e+03,1.764705882352941e+00,1491029
1.960471273436981e+03,1.959883038142863e+03,5.882352941176471e-01,1491031
1.960847737212477e+03,1.959083031330124e+03,1.176470588235294e+00,1491030
1.963479169990989e+03,1.961714464108636e+03,1.764705882352941e+00,1491032
1.964084936983420e+03,1.963496701689303e+03,5.882352941176471e-01,1491033
1.964905471923797e+03,1.964317236629679e+03,5.882352941176471e-01,1491034
1.965858386809726e+03,1.965270151515608e+03,5.882352941176471e-01,1491035
1.966446622103843e+03,1.965817791572684e+03,5.882352941176471e-01,1491036
1.969955955396510e+03,1.969367720102392e+03,5.882352941176471e-01,1491037
1.973757187971439e+03,1.973168952677321e+03,5.882352941176471e-01,1491038
1.976292830114212e+03,1.974528124231859e+03,1.764705882352941e+00,1491039
1.976881065408330e+03,1.976063695597472e+03,5.882352941176471e-01,1491040
1.979644889829903e+03,1.978131084877405e+03,5.882352941176471e-01,1491042
1.980391686873095e+03,1.979410052480450e+03,5.882352941176471e-01,1491044
1.984599277994617e+03,1.983539355931544e+03,5.882352941176471e-01,1491055
1.985972829441677e+03,1.985384594147559e+03,5.882352941176471e-01,1491056
1.986561064735795e+03,1.985572708793410e+03,5.882352941176471e-01,1491057
1.988226845030162e+03,1.987638609736044e+03,5.882352941176471e-01,1491059
1.989592700631063e+03,1.988605615055493e+03,5.882352941176471e-01,1491062
1.990699895242954e+03,1.990111659948836e+03,5.882352941176471e-01,1491063
1.992687095540791e+03,1.991107020936782e+03,5.882352941176471e-01,1491066
1.992687095540791e+03,1.990940843836605e+03,5.882352941176471e-01,1491065
1.994916438129208e+03,1.978115021297003e+03,1.764705882352941e+00,1491041
1.996274985103861e+03,1.995686749809743e+03,5.882352941176471e-01,1491068
1.998445849893914e+03,1.986426684913877e+03,1.764705882352941e+00,1491058
1.999804523893121e+03,1.998775503934984e+03,5.882352941176471e-01,1491070
2.000980994481356e+03,2.000282686204643e+03,5.882352941176471e-01,1491071
2.002157465069592e+03,1.998628053304886e+03,1.764705882352941e+00,1491069
2.002745700363709e+03,2.000459175860573e+03,1.176470588235294e+00,1491072
2.003493286338902e+03,2.002905051044784e+03,5.882352941176471e-01,1491073
2.005600918542848e+03,2.005012683248731e+03,5.882352941176471e-01,1491074
2.006189153836966e+03,2.005323690238009e+03,5.882352941176471e-01,1491075
2.007909025751038e+03,2.007320790456920e+03,5.882352941176471e-01,1491076
2.013843145890002e+03,2.013254910595885e+03,5.882352941176471e-01,1491077
2.015429148968132e+03,2.014840913674014e+03,5.882352941176471e-01,1491078
2.017193854850485e+03,2.015227257508307e+03,1.764705882352941e+00,1491079
2.018434503269669e+03,2.017846267975551e+03,5.882352941176471e-01,1491080
2.020672918371898e+03,2.018908212489545e+03,1.764705882352941e+00,1491081
2.021261153666015e+03,2.020601676829018e+03,5.882352941176471e-01,1491082
2.023635217155553e+03,2.021282275979083e+03,1.764705882352941e+00,1491083
2.024469850570472e+03,2.023881615276355e+03,5.882352941176471e-01,1491085
2.025058085864590e+03,2.024000249270485e+03,5.882352941176471e-01,1491086
2.026584416286768e+03,2.025996180992651e+03,5.882352941176471e-01,1491088
2.028916447180487e+03,2.027583326816710e+03,5.882352941176471e-01,1491091
2.029904157256351e+03,2.022330074680327e+03,1.764705882352941e+00,1491084
2.030607681791997e+03,2.030019446497879e+03,5.882352941176471e-01,1491094
2.032214188241906e+03,2.031625952947788e+03,5.882352941176471e-01,1491095
2.033025069631954e+03,2.031683113532214e+03,5.882352941176471e-01,1491096
2.034201540220189e+03,2.033581218408876e+03,5.882352941176471e-01,1491099
2.035261768696533e+03,2.024807811958028e+03,1.176470588235294e+00,1491087
2.035850003990651e+03,2.035208717928931e+03,5.882352941176471e-01,1491100
2.037026474578886e+03,2.036425352741510e+03,5.882352941176471e-01,1491101
2.037804624739774e+03,2.037216389445656e+03,5.882352941176471e-01,1491102
2.038791180461239e+03,2.032659480433767e+03,1.764705882352941e+00,1491098
2.040046993776472e+03,2.039307317841889e+03,5.882352941176471e-01,1491104
2.040690146094909e+03,2.039538101209353e+03,5.882352941176471e-01,1491106
2.041866616683144e+03,2.037397513078783e+03,1.764705882352941e+00,1491103
2.043171467686911e+03,2.042529050958404e+03,5.882352941176471e-01,1491110
2.044219557859615e+03,2.040156827825110e+03,1.764705882352941e+00,1491108
2.045984263741968e+03,2.044948132692576e+03,5.882352941176471e-01,1491113
2.047746784864367e+03,2.047158549570249e+03,5.882352941176471e-01,1491114
2.048381530907689e+03,2.047243808125252e+03,5.882352941176471e-01,1491115
2.049558001495924e+03,2.048252387619079e+03,5.882352941176471e-01,1491118
2.049558001495924e+03,2.047839806362776e+03,5.882352941176471e-01,1491117
2.050149772304261e+03,2.049561537010144e+03,5.882352941176471e-01,1491119
2.051676655442558e+03,2.050970184153545e+03,5.882352941176471e-01,1491121
2.052264890736676e+03,2.041994997098676e+03,1.764705882352941e+00,1491109
2.054247338359847e+03,2.053659103065729e+03,5.882352941176471e-01,1491123
2.055423808948082e+03,2.053884532717935e+03,5.882352941176471e-01,1491125
2.055423808948082e+03,2.053685873840193e+03,5.882352941176471e-01,1491124
2.055794302501381e+03,2.050205408940776e+03,1.764705882352941e+00,1491120
2.056382537795499e+03,2.052950855361999e+03,1.176470588235294e+00,1491122
2.060085533286661e+03,2.059497297992544e+03,5.882352941176471e-01,1491126
2.061168335935932e+03,2.059632881226723e+03,5.882352941176471e-01,1491127
2.061756571230050e+03,2.061074667996968e+03,5.882352941176471e-01,1491129
2.062344806524167e+03,2.061750435870528e+03,5.882352941176471e-01,1491130
2.063384168923519e+03,2.061882725905155e+03,5.882352941176471e-01,1491131
2.063972404217636e+03,2.063247060734635e+03,5.882352941176471e-01,1491133
2.065153071698832e+03,2.064531705619400e+03,5.882352941176471e-01,1491135
2.066733417491228e+03,2.066145182197110e+03,5.882352941176471e-01,1491137
2.067506012875303e+03,2.063976601110597e+03,1.764705882352941e+00,1491134
2.069052921236450e+03,2.068313366111671e+03,5.882352941176471e-01,1491139
2.070229391824685e+03,2.069358244391969e+03,5.882352941176471e-01,1491141
2.071405862412921e+03,2.070360179388820e+03,5.882352941176471e-01,1491143
2.071623659934126e+03,2.065478177288455e+03,1.176470588235294e+00,1491136
2.073388365816479e+03,2.070028995815162e+03,1.176470588235294e+00,1491142
2.074186560496659e+03,2.073598325202542e+03,5.882352941176471e-01,1491144
2.074774795790777e+03,2.073933142553747e+03,5.882352941176471e-01,1491145
2.075153071698832e+03,2.067876450648215e+03,1.764705882352941e+00,1491138
2.076024931641165e+03,2.075436696347048e+03,5.882352941176471e-01,1491146
2.077485230115556e+03,2.076494403740738e+03,5.882352941176471e-01,1491148
2.079838171292026e+03,2.076308759527320e+03,1.764705882352941e+00,1491147
2.085149300980638e+03,2.083861975701614e+03,5.882352941176471e-01,1491154
2.086316315898619e+03,2.081352277563283e+03,1.176470588235294e+00,1491152
2.086904551192736e+03,2.080879194678557e+03,1.764705882352941e+00,1491150
2.088902202988289e+03,2.088313967694171e+03,5.882352941176471e-01,1491157
2.089257492369207e+03,2.083829826819400e+03,1.764705882352941e+00,1491153
2.091052238449004e+03,2.089287532566651e+03,1.764705882352941e+00,1491158
2.093590320181834e+03,2.092145617190273e+03,5.882352941176471e-01,1491161
2.094178555475952e+03,2.093327430840758e+03,5.882352941176471e-01,1491163
2.094766790770069e+03,2.093898883444831e+03,5.882352941176471e-01,1491164
2.095773629100536e+03,2.095185393806418e+03,5.882352941176471e-01,1491165
2.098126570277006e+03,2.096391911261989e+03,5.882352941176471e-01,1491168
2.098884437828893e+03,2.091500268346439e+03,1.176470588235294e+00,1491159
2.099472673123010e+03,2.091757108851035e+03,1.764705882352941e+00,1491160
2.102544010056355e+03,2.101955774762237e+03,5.882352941176471e-01,1491171
2.103002084887716e+03,2.095403294390447e+03,1.764705882352941e+00,1491166
2.103773010316485e+03,2.103184775022367e+03,5.882352941176471e-01,1491172
2.104766790770069e+03,2.099630246302701e+03,1.764705882352941e+00,1491170
2.105943261358305e+03,2.104588244412909e+03,5.882352941176471e-01,1491173
2.106750881713050e+03,2.106162646418932e+03,5.882352941176471e-01,1491175
2.108345177594251e+03,2.107756942300134e+03,5.882352941176471e-01,1491177
2.108933412888369e+03,2.107772441142977e+03,5.882352941176471e-01,1491178
2.110109883476604e+03,2.109158641808817e+03,5.882352941176471e-01,1491180
2.110649143711246e+03,2.104754810562790e+03,1.764705882352941e+00,1491174
2.112347660523747e+03,2.110771446157706e+03,5.882352941176471e-01,1491182
2.112935895817865e+03,2.112020448341763e+03,5.882352941176471e-01,1491185
2.113524131111982e+03,2.112816167385559e+03,5.882352941176471e-01,1491186
2.114572668858870e+03,2.113984433564753e+03,5.882352941176471e-01,1491187
2.116946755521282e+03,2.116358520227165e+03,5.882352941176471e-01,1491190
2.117534990815400e+03,2.116423799699742e+03,5.882352941176471e-01,1491191
2.118230013464924e+03,2.110639319120813e+03,1.176470588235294e+00,1491181
2.119406484053159e+03,2.106773177654861e+03,1.764705882352941e+00,1491176
2.119994719347277e+03,2.119212788222929e+03,5.882352941176471e-01,1491193
2.122605179977889e+03,2.122016944683771e+03,5.882352941176471e-01,1491197
2.123193415272006e+03,2.122113356874226e+03,5.882352941176471e-01,1491198
2.123999648519088e+03,2.122682830196878e+03,5.882352941176471e-01,1491199
2.124659312033906e+03,2.123629411177935e+03,5.882352941176471e-01,1491201
2.125247547328024e+03,2.124106790850139e+03,5.882352941176471e-01,1491204
2.127477887431218e+03,2.126889652137101e+03,5.882352941176471e-01,1491205
2.128654358019454e+03,2.127705935332405e+03,5.882352941176471e-01,1491207
2.129242593313571e+03,2.128151478838385e+03,5.882352941176471e-01,1491208
2.130500939952823e+03,2.129581769568364e+03,5.882352941176471e-01,1491210
2.133263268906222e+03,2.131309499544431e+03,5.882352941176471e-01,1491214
2.133263268906222e+03,2.131070572817955e+03,5.882352941176471e-01,1491213
2.134769876825274e+03,2.134137611321435e+03,5.882352941176471e-01,1491215
2.135783294248368e+03,2.134402432782273e+03,5.882352941176471e-01,1491216
2.136371529542486e+03,2.135620241083226e+03,5.882352941176471e-01,1491218
2.136959764836603e+03,2.136324055027272e+03,5.882352941176471e-01,1491219
2.137548000130721e+03,2.136463977407403e+03,5.882352941176471e-01,1491220
2.138520476423164e+03,2.137150316519530e+03,5.882352941176471e-01,1491221
2.139696947011399e+03,2.113998455200767e+03,1.764705882352941e+00,1491188
2.144785853480982e+03,2.127124170074230e+03,1.176470588235294e+00,1491206
2.145374088775100e+03,2.144734550686613e+03,5.882352941176471e-01,1491228
2.146036391899877e+03,2.145448156605760e+03,5.882352941176471e-01,1491229
2.148543203489310e+03,2.147198944119991e+03,5.882352941176471e-01,1491232
2.150668206422159e+03,2.140141458814438e+03,1.764705882352941e+00,1491224
2.151814786599248e+03,2.146778497606957e+03,1.176470588235294e+00,1491230
2.152403021893366e+03,2.151784896188102e+03,5.882352941176471e-01,1491233
2.154682998460118e+03,2.154094763166000e+03,5.882352941176471e-01,1491234
2.156860706777664e+03,2.155721858601484e+03,5.882352941176471e-01,1491237
2.157624174930706e+03,2.154175889046700e+03,1.764705882352941e+00,1491235
2.158629628666074e+03,2.157498424298034e+03,5.882352941176471e-01,1491238
2.159217863960192e+03,2.158458611813206e+03,5.882352941176471e-01,1491240
2.160982569842545e+03,2.158852312308604e+03,5.882352941176471e-01,1491243
2.160982569842545e+03,2.158778841102996e+03,5.882352941176471e-01,1491242
2.163539966836386e+03,2.162178168406319e+03,5.882352941176471e-01,1491245
2.165770624886783e+03,2.155684236189429e+03,1.764705882352941e+00,1491236
2.169300036651489e+03,2.165619510932454e+03,1.176470588235294e+00,1491250
2.169300036651489e+03,2.163286935534976e+03,1.176470588235294e+00,1491248
2.169888271945606e+03,2.161693088262736e+03,1.764705882352941e+00,1491244
2.171183977029370e+03,2.170595741735252e+03,5.882352941176471e-01,1491252
2.171945348018530e+03,2.171015294060558e+03,5.882352941176471e-01,1491253
2.172546004388896e+03,2.171530248419455e+03,5.882352941176471e-01,1491255
2.173134239683013e+03,2.171970190171026e+03,5.882352941176471e-01,1491257
2.174191475775720e+03,2.166401046654317e+03,1.764705882352941e+00,1491251
2.174779711069838e+03,2.174004780051115e+03,5.882352941176471e-01,1491259
2.177132652246309e+03,2.172611349984499e+03,1.764705882352941e+00,1491258
2.178897358128662e+03,2.175641033847572e+03,1.176470588235294e+00,1491261
2.179485593422779e+03,2.174819656676187e+03,1.764705882352941e+00,1491260
2.181050308938237e+03,2.180462073644119e+03,5.882352941176471e-01,1491264
2.182143107898874e+03,2.181554872604756e+03,5.882352941176471e-01,1491265
2.183002320063066e+03,2.182401399644530e+03,5.882352941176471e-01,1491266
2.183691732240045e+03,2.182461663995807e+03,5.882352941176471e-01,1491267
2.185494045470117e+03,2.184905810176000e+03,5.882352941176471e-01,1491271
2.186082280764235e+03,2.185232536100023e+03,5.882352941176471e-01,1491272
2.186632908710633e+03,2.177550903617614e+03,1.764705882352941e+00,1491262
2.187221144004750e+03,2.186330340359709e+03,5.882352941176471e-01,1491273
2.189097902571590e+03,2.188509667277473e+03,5.882352941176471e-01,1491274
2.190360839182722e+03,2.189270834617384e+03,5.882352941176471e-01,1491277
2.190837021792353e+03,2.183204673828787e+03,1.764705882352941e+00,1491269
2.191425257086471e+03,2.190538525413433e+03,5.882352941176471e-01,1491278
2.192601727674706e+03,2.188517456278616e+03,1.764705882352941e+00,1491275
2.194721131295781e+03,2.193593312769026e+03,5.882352941176471e-01,1491280
2.195897601884017e+03,2.193544660707546e+03,1.764705882352941e+00,1491279
2.199298913515435e+03,2.198710678221317e+03,5.882352941176471e-01,1491281
2.200007845015648e+03,2.199419609721530e+03,5.882352941176471e-01,1491282
2.201623978515885e+03,2.200887170839652e+03,5.882352941176471e-01,1491285
2.202800449104120e+03,2.199519856089409e+03,1.764705882352941e+00,1491283
2.207290807352252e+03,2.204349630881664e+03,1.764705882352941e+00,1491286
2.210503606724727e+03,2.209915371430610e+03,5.882352941176471e-01,1491290
2.211570934832239e+03,2.210982699538121e+03,5.882352941176471e-01,1491291
2.211826043189533e+03,2.208678845179871e+03,1.176470588235294e+00,1491289
2.211826043189533e+03,2.208296631424827e+03,1.176470588235294e+00,1491288
2.216184462853455e+03,2.212655051088749e+03,1.764705882352941e+00,1491292
2.217360933441690e+03,2.214318665166019e+03,1.764705882352941e+00,1491294
2.220375455774315e+03,2.219336625982577e+03,5.882352941176471e-01,1491296
2.221551926362550e+03,2.219198985186079e+03,1.764705882352941e+00,1491295
2.222140161656668e+03,2.221420402402380e+03,5.882352941176471e-01,1491297
2.222788348956121e+03,2.222200113662004e+03,5.882352941176471e-01,1491298
2.224463866293492e+03,2.223546182027854e+03,5.882352941176471e-01,1491300
2.225640336881728e+03,2.224439568653461e+03,5.882352941176471e-01,1491302
2.225640336881728e+03,2.224049500794831e+03,5.882352941176471e-01,1491301
2.226816807469963e+03,2.223287395705257e+03,1.764705882352941e+00,1491299
2.227900724787965e+03,2.227312489493848e+03,5.882352941176471e-01,1491303
2.229077195376201e+03,2.227472700296486e+03,1.176470588235294e+00,1491304
2.230043422179754e+03,2.229455186885636e+03,5.882352941176471e-01,1491305
2.230631657473871e+03,2.230010306663258e+03,5.882352941176471e-01,1491306
2.231808128062106e+03,2.230053480294334e+03,1.176470588235294e+00,1491307
2.232795089290450e+03,2.232206853996332e+03,5.882352941176471e-01,1491308
2.233383324584568e+03,2.232597454962578e+03,5.882352941176471e-01,1491309
2.235937661809706e+03,2.235349426515588e+03,5.882352941176471e-01,1491312
2.236324501055156e+03,2.233327285171603e+03,1.764705882352941e+00,1491310
2.237500971643391e+03,2.234137768493577e+03,1.764705882352941e+00,1491311
2.239211292553352e+03,2.238623057259235e+03,5.882352941176471e-01,1491313
2.240485185584193e+03,2.239896950290076e+03,5.882352941176471e-01,1491314
2.243026323716472e+03,2.242438088422355e+03,5.882352941176471e-01,1491316
2.244151383079368e+03,2.243563147785250e+03,5.882352941176471e-01,1491317
2.244618037457084e+03,2.241676860986496e+03,1.764705882352941e+00,1491315
2.245394661495104e+03,2.244806426200986e+03,5.882352941176471e-01,1491318
2.248842223478519e+03,2.247694304199865e+03,5.882352941176471e-01,1491320
2.249430458772637e+03,2.248285426361245e+03,5.882352941176471e-01,1491322
2.250018694066754e+03,2.247634314713440e+03,1.176470588235294e+00,1491319
2.252843219565380e+03,2.251666748977145e+03,1.176470588235294e+00,1491323
2.255029544855351e+03,2.253264838972998e+03,1.764705882352941e+00,1491324
2.256404488847959e+03,2.255816253553841e+03,5.882352941176471e-01,1491325
2.258169194730312e+03,2.256316753055222e+03,5.882352941176471e-01,1491327
2.259078289653224e+03,2.258490054359107e+03,5.882352941176471e-01,1491329
2.260522135906782e+03,2.255884415152211e+03,1.764705882352941e+00,1491326
2.262584770145544e+03,2.261996534851427e+03,5.882352941176471e-01,1491330
2.263761240733780e+03,2.263127410514769e+03,5.882352941176471e-01,1491332
2.264349476027897e+03,2.263559491918420e+03,5.882352941176471e-01,1491333
2.265525946616133e+03,2.262242236995911e+03,1.764705882352941e+00,1491331
2.266114181910250e+03,2.265254353386753e+03,5.882352941176471e-01,1491334
2.266702417204368e+03,2.265903372251615e+03,5.882352941176471e-01,1491335
2.268042662158483e+03,2.266756446738976e+03,5.882352941176471e-01,1491338
2.268630897452600e+03,2.267591186462940e+03,5.882352941176471e-01,1491340
2.269219132746718e+03,2.268271445436115e+03,5.882352941176471e-01,1491341
2.269807368040835e+03,2.266247285033935e+03,1.176470588235294e+00,1491336
2.274349756686114e+03,2.273761521391996e+03,5.882352941176471e-01,1491342
2.276642244263751e+03,2.275797547633308e+03,5.882352941176471e-01,1491344
2.278406950146104e+03,2.277363504799668e+03,5.882352941176471e-01,1491347
2.280528161233722e+03,2.279939925939604e+03,5.882352941176471e-01,1491349
2.281704631821957e+03,2.280660277764531e+03,5.882352941176471e-01,1491351
2.282292867116075e+03,2.281131014513516e+03,5.882352941176471e-01,1491352
2.283298795556510e+03,2.281968147044137e+03,5.882352941176471e-01,1491353
2.283887030850628e+03,2.283128253408710e+03,5.882352941176471e-01,1491355
2.285063501438863e+03,2.284293311665458e+03,5.882352941176471e-01,1491357
2.286471702115951e+03,2.275465773675516e+03,1.764705882352941e+00,1491343
2.287923386296990e+03,2.287335151002872e+03,5.882352941176471e-01,1491358
2.288592485574635e+03,2.288004250280517e+03,5.882352941176471e-01,1491359
2.289823231864004e+03,2.289146055561559e+03,5.882352941176471e-01,1491360
2.291718391922425e+03,2.278810722248255e+03,1.764705882352941e+00,1491348
2.292306627216543e+03,2.291592513568649e+03,5.882352941176471e-01,1491364
2.293190894025580e+03,2.292602658731463e+03,5.882352941176471e-01,1491365
2.294114031321651e+03,2.293525796027533e+03,5.882352941176471e-01,1491366
2.295247803687131e+03,2.289267867270885e+03,1.764705882352941e+00,1491361
2.295836038981248e+03,2.295140395817601e+03,5.882352941176471e-01,1491367
2.299471476967647e+03,2.298883241673530e+03,5.882352941176471e-01,1491369
2.300753502994424e+03,2.300165267700306e+03,5.882352941176471e-01,1491371
2.301341738288541e+03,2.300413494391796e+03,5.882352941176471e-01,1491372
2.302570964276208e+03,2.301447249087404e+03,5.882352941176471e-01,1491375
2.302922048042702e+03,2.297575174996212e+03,1.764705882352941e+00,1491368
2.304881902160172e+03,2.303778821937531e+03,5.882352941176471e-01,1491379
2.305470137454289e+03,2.304354545800815e+03,5.882352941176471e-01,1491381
2.308084629961049e+03,2.307387500012322e+03,5.882352941176471e-01,1491382
2.309261100549285e+03,2.307629497042190e+03,5.882352941176471e-01,1491384
2.309261100549285e+03,2.307558508665782e+03,5.882352941176471e-01,1491383
2.309849335843402e+03,2.298930550569022e+03,1.764705882352941e+00,1491370
2.311326192029583e+03,2.310737956735465e+03,5.882352941176471e-01,1491385
2.312502662617818e+03,2.311793341826241e+03,5.882352941176471e-01,1491387
2.313090897911936e+03,2.312020783378855e+03,5.882352941176471e-01,1491388
2.313679133206053e+03,2.311038683447493e+03,1.176470588235294e+00,1491386
2.315728826913589e+03,2.315140591619471e+03,5.882352941176471e-01,1491391
2.316821456647188e+03,2.316233221353070e+03,5.882352941176471e-01,1491392
2.317947316521862e+03,2.313829669463038e+03,1.764705882352941e+00,1491389
2.318535551815979e+03,2.317696368411918e+03,5.882352941176471e-01,1491393
2.319123787110097e+03,2.317981100831693e+03,5.882352941176471e-01,1491394
2.319984608736959e+03,2.318570426800300e+03,5.882352941176471e-01,1491395
2.320572844031076e+03,2.319532666609213e+03,5.882352941176471e-01,1491398
2.322376446292192e+03,2.321788210998074e+03,5.882352941176471e-01,1491399
2.324726021084631e+03,2.323877209068844e+03,5.882352941176471e-01,1491401
2.325314256378748e+03,2.324327794366651e+03,5.882352941176471e-01,1491402
2.326490726966984e+03,2.323549550496396e+03,1.764705882352941e+00,1491400
2.327879034138689e+03,2.327181971564531e+03,5.882352941176471e-01,1491404
2.328467269432807e+03,2.327332973188483e+03,5.882352941176471e-01,1491405
2.329172886878821e+03,2.328123502799570e+03,5.882352941176471e-01,1491406
2.329761122172938e+03,2.328702033736600e+03,5.882352941176471e-01,1491408
2.330368370969571e+03,2.329780135675454e+03,5.882352941176471e-01,1491409
2.332114063349409e+03,2.326702563550454e+03,1.764705882352941e+00,1491403
2.332702298643527e+03,2.330969269642855e+03,1.176470588235294e+00,1491410
2.334743645067345e+03,2.334155409773228e+03,5.882352941176471e-01,1491411
2.335531612377933e+03,2.334365653414195e+03,5.882352941176471e-01,1491412
2.336119847672050e+03,2.335143109100284e+03,5.882352941176471e-01,1491414
2.336958047993251e+03,2.336369812699134e+03,5.882352941176471e-01,1491415
2.341425994980413e+03,2.340837759686295e+03,5.882352941176471e-01,1491416
2.342014230274531e+03,2.340937445051852e+03,5.882352941176471e-01,1491417
2.344827146962139e+03,2.343062441079786e+03,1.764705882352941e+00,1491418
2.346003617550375e+03,2.344685162338506e+03,1.176470588235294e+00,1491419
2.346591852844492e+03,2.345915383828602e+03,5.882352941176471e-01,1491420
2.348158183469427e+03,2.347371572917890e+03,5.882352941176471e-01,1491423
2.349334654057662e+03,2.348102532322781e+03,5.882352941176471e-01,1491425
2.349334654057662e+03,2.348085413028578e+03,5.882352941176471e-01,1491424
2.350511124645897e+03,2.346132418442344e+03,1.764705882352941e+00,1491421
2.351687595234132e+03,2.350454870417933e+03,1.176470588235294e+00,1491426
2.352798125736892e+03,2.352209890442774e+03,5.882352941176471e-01,1491427
2.355505900237241e+03,2.353741194354888e+03,1.764705882352941e+00,1491428
2.356526229729308e+03,2.355937994435190e+03,5.882352941176471e-01,1491429
2.357702700317543e+03,2.357032052896326e+03,5.882352941176471e-01,1491431
2.358290935611661e+03,2.357425776872657e+03,5.882352941176471e-01,1491432
2.359574156236822e+03,2.358985920942704e+03,5.882352941176471e-01,1491433
2.360055641494014e+03,2.356139467994358e+03,1.764705882352941e+00,1491430
2.361162588902213e+03,2.360574353608095e+03,5.882352941176471e-01,1491434
2.364439420155530e+03,2.361652226652277e+03,5.882352941176471e-01,1491437
2.364439420155530e+03,2.361615548344512e+03,5.882352941176471e-01,1491436
2.365339276819717e+03,2.364751041525600e+03,5.882352941176471e-01,1491440
2.367082499887202e+03,2.366494264593084e+03,5.882352941176471e-01,1491442
2.369036814147111e+03,2.368394334672314e+03,5.882352941176471e-01,1491444
2.369625049441229e+03,2.361498243684942e+03,1.764705882352941e+00,1491435
2.371015586323078e+03,2.370427351028960e+03,5.882352941176471e-01,1491445
2.371937260962925e+03,2.371308296014033e+03,5.882352941176471e-01,1491446
2.372525496257043e+03,2.365087325735130e+03,1.764705882352941e+00,1491441
2.376081559225048e+03,2.375493323930930e+03,5.882352941176471e-01,1491447
2.376787731562581e+03,2.376199496268464e+03,5.882352941176471e-01,1491448
2.379803629845589e+03,2.379215394551472e+03,5.882352941176471e-01,1491450
2.380671210539452e+03,2.378318269362981e+03,1.764705882352941e+00,1491449
2.381259445833569e+03,2.380364131565568e+03,5.882352941176471e-01,1491451
2.381847681127687e+03,2.380940049342728e+03,5.882352941176471e-01,1491452
2.383603851044498e+03,2.382588036375227e+03,5.882352941176471e-01,1491454
2.384780321632734e+03,2.384143977440396e+03,5.882352941176471e-01,1491456
2.385368556926851e+03,2.384480677950688e+03,5.882352941176471e-01,1491457
2.385956792220969e+03,2.385212550223099e+03,5.882352941176471e-01,1491458
2.387087904908789e+03,2.386499669614672e+03,5.882352941176471e-01,1491459
2.388309733397440e+03,2.382427380456263e+03,1.764705882352941e+00,1491453
2.389275909428145e+03,2.388065227946388e+03,5.882352941176471e-01,1491460
2.390452380016380e+03,2.389549321462087e+03,5.882352941176471e-01,1491463
2.391628850604616e+03,2.389065614870615e+03,1.764705882352941e+00,1491462
2.393389171521948e+03,2.392800936227830e+03,5.882352941176471e-01,1491465
2.394238565074909e+03,2.391885623898438e+03,1.764705882352941e+00,1491464
2.396123850863536e+03,2.394947380275301e+03,1.176470588235294e+00,1491466
2.397228724465249e+03,2.396640489171131e+03,5.882352941176471e-01,1491467
2.398019259452729e+03,2.397431024158611e+03,5.882352941176471e-01,1491468
2.398712528227159e+03,2.397467016677109e+03,5.882352941176471e-01,1491469
2.400477234109512e+03,2.398176809673198e+03,1.764705882352941e+00,1491472
2.404663556762054e+03,2.402032170413284e+03,1.176470588235294e+00,1491474
2.404663556762054e+03,2.401722380291466e+03,1.176470588235294e+00,1491473
2.405483987462587e+03,2.404895752168469e+03,5.882352941176471e-01,1491476
2.405840027350289e+03,2.403744870229921e+03,1.176470588235294e+00,1491475
2.407231785452647e+03,2.406643550158530e+03,5.882352941176471e-01,1491477
2.410356841014669e+03,2.409768605720552e+03,5.882352941176471e-01,1491480
2.411533311602905e+03,2.409772200705021e+03,5.882352941176471e-01,1491481
2.412446111925237e+03,2.411857876631119e+03,5.882352941176471e-01,1491483
2.413096160510003e+03,2.412507925215885e+03,5.882352941176471e-01,1491484
2.413849815368217e+03,2.413261580074099e+03,5.882352941176471e-01,1491485
2.414903397505362e+03,2.408432809270067e+03,1.764705882352941e+00,1491478
2.415491632799479e+03,2.410117598422571e+03,1.176470588235294e+00,1491482
2.416209713118699e+03,2.415621477824581e+03,5.882352941176471e-01,1491486
2.419908824839308e+03,2.418910447490355e+03,5.882352941176471e-01,1491491
2.421201779787648e+03,2.420613544493530e+03,5.882352941176471e-01,1491492
2.422375549792823e+03,2.421787314498705e+03,5.882352941176471e-01,1491493
2.422850001309897e+03,2.417511759360440e+03,1.176470588235294e+00,1491487
2.424368056789755e+03,2.423779821495638e+03,5.882352941176471e-01,1491495
2.425684617472155e+03,2.417665466743167e+03,1.764705882352941e+00,1491488
2.426272852766273e+03,2.425578057163826e+03,5.882352941176471e-01,1491497
2.426861088060391e+03,2.425769245857308e+03,5.882352941176471e-01,1491498
2.427965328833462e+03,2.427377093539344e+03,5.882352941176471e-01,1491499
2.429214029236861e+03,2.422873944854550e+03,1.764705882352941e+00,1491494
2.429802264530979e+03,2.428991578012439e+03,5.882352941176471e-01,1491500
2.431636367818826e+03,2.431048132524708e+03,5.882352941176471e-01,1491501
2.435714172511319e+03,2.435125937217202e+03,5.882352941176471e-01,1491502
2.436889322902013e+03,2.436301087607895e+03,5.882352941176471e-01,1491503
2.440683126541765e+03,2.440094891247647e+03,5.882352941176471e-01,1491504
2.441764851199136e+03,2.441176615905019e+03,5.882352941176471e-01,1491505
2.442941321787372e+03,2.441367588355629e+03,5.882352941176471e-01,1491506
2.444117792375607e+03,2.443474340161448e+03,5.882352941176471e-01,1491508
2.444760616975871e+03,2.443920761006327e+03,5.882352941176471e-01,1491509
2.447270640599055e+03,2.446199740176142e+03,5.882352941176471e-01,1491514
2.447858875893172e+03,2.446760946528293e+03,5.882352941176471e-01,1491517
2.449623581775525e+03,2.448118647055255e+03,5.882352941176471e-01,1491519
2.450211817069643e+03,2.441721561846400e+03,1.764705882352941e+00,1491507
2.454652991472643e+03,2.454064756178525e+03,5.882352941176471e-01,1491524
2.455505934716702e+03,2.444226970987900e+03,1.176470588235294e+00,1491511
2.456215202142175e+03,2.455626966848058e+03,5.882352941176471e-01,1491525
2.457391672730411e+03,2.456585562740185e+03,5.882352941176471e-01,1491527
2.457858875893172e+03,2.445048619398489e+03,1.764705882352941e+00,1491512
2.460366493878142e+03,2.459770262225819e+03,5.882352941176471e-01,1491529
2.462496234874219e+03,2.451283523837778e+03,1.764705882352941e+00,1491521
2.464257066363702e+03,2.463664956676715e+03,5.882352941176471e-01,1491531
2.464962483749894e+03,2.464374248455777e+03,5.882352941176471e-01,1491532
2.465433536951938e+03,2.459190023289906e+03,1.764705882352941e+00,1491528
2.466610007540173e+03,2.465409714207521e+03,1.176470588235294e+00,1491533
2.467342884575791e+03,2.466754649281673e+03,5.882352941176471e-01,1491534
2.467931119869909e+03,2.466910761366972e+03,5.882352941176471e-01,1491535
2.468519355164026e+03,2.467677954970948e+03,5.882352941176471e-01,1491536
2.472252586731250e+03,2.470487880848897e+03,1.764705882352941e+00,1491537
2.475133013265580e+03,2.474544777971463e+03,5.882352941176471e-01,1491539
2.475814716285173e+03,2.475226480991055e+03,5.882352941176471e-01,1491540
2.476574189993724e+03,2.473633013523136e+03,1.764705882352941e+00,1491538
2.478322731939912e+03,2.477720907194152e+03,5.882352941176471e-01,1491542
2.478910967234029e+03,2.478065329127640e+03,5.882352941176471e-01,1491543
2.480661536691142e+03,2.479118219871723e+03,5.882352941176471e-01,1491545
2.481838007279377e+03,2.481222245781369e+03,5.882352941176471e-01,1491548
2.483014477867613e+03,2.481649619848558e+03,5.882352941176471e-01,1491550
2.484039417663654e+03,2.477146261351676e+03,1.764705882352941e+00,1491541
2.485706163041663e+03,2.485117927747546e+03,5.882352941176471e-01,1491551
2.486980594134242e+03,2.479062498026223e+03,1.764705882352941e+00,1491544
2.489888739241401e+03,2.489300503947283e+03,5.882352941176471e-01,1491552
2.490476974535518e+03,2.489726783613891e+03,5.882352941176471e-01,1491553
2.493418151006106e+03,2.489990134139940e+03,1.764705882352941e+00,1491554
2.496578056301151e+03,2.495422621818422e+03,5.882352941176471e-01,1491558
2.497308333265247e+03,2.496053569527389e+03,5.882352941176471e-01,1491561
2.497896568559365e+03,2.496862139641109e+03,5.882352941176471e-01,1491563
2.499002596136919e+03,2.494615410367404e+03,1.764705882352941e+00,1491556
2.500179066725155e+03,2.495274088672202e+03,1.764705882352941e+00,1491557
2.501465867187628e+03,2.500877631893511e+03,5.882352941176471e-01,1491564
2.505281525934626e+03,2.504693290640508e+03,5.882352941176471e-01,1491569
2.507328604004890e+03,2.506739194368895e+03,5.882352941176471e-01,1491570
2.507916839299007e+03,2.502602380447975e+03,1.764705882352941e+00,1491565
2.509351231402770e+03,2.508762996108652e+03,5.882352941176471e-01,1491571
2.513068167946628e+03,2.512070762439744e+03,5.882352941176471e-01,1491574
2.514219555845486e+03,2.510690144080781e+03,1.764705882352941e+00,1491572
2.515050715204287e+03,2.514462479910170e+03,5.882352941176471e-01,1491576
2.515638950498405e+03,2.514808494663916e+03,5.882352941176471e-01,1491577
2.516227185792523e+03,2.515470625184374e+03,5.882352941176471e-01,1491578
2.517912940003085e+03,2.517324704708967e+03,5.882352941176471e-01,1491580
2.518925438198428e+03,2.511891697358393e+03,1.764705882352941e+00,1491573
2.521278379374898e+03,2.516270047276115e+03,1.764705882352941e+00,1491579
2.523043085257251e+03,2.519078114379467e+03,1.764705882352941e+00,1491581
2.524334569257638e+03,2.523746333963521e+03,5.882352941176471e-01,1491583
2.524922804551756e+03,2.524119817392109e+03,5.882352941176471e-01,1491584
2.526687510434109e+03,2.524562479940918e+03,1.764705882352941e+00,1491585
2.527863981022344e+03,2.526551649129307e+03,1.176470588235294e+00,1491586
2.530903958479161e+03,2.529139252596808e+03,1.764705882352941e+00,1491587
2.533055341292856e+03,2.532467105998739e+03,5.882352941176471e-01,1491589
2.534447009614270e+03,2.533485736759213e+03,5.882352941176471e-01,1491592
2.534679979967639e+03,2.531523605763873e+03,1.176470588235294e+00,1491588
2.535658208416541e+03,2.534613357294352e+03,5.882352941176471e-01,1491593
2.536246443710659e+03,2.535459966277208e+03,5.882352941176471e-01,1491595
2.536834679004777e+03,2.536225982797712e+03,5.882352941176471e-01,1491596
2.537422914298894e+03,2.536450227855028e+03,5.882352941176471e-01,1491597
2.538599384887130e+03,2.532615574415864e+03,1.764705882352941e+00,1491590
2.540423656306485e+03,2.539356175880014e+03,5.882352941176471e-01,1491599
2.543364832777073e+03,2.539247185718250e+03,1.764705882352941e+00,1491598
2.546006020770230e+03,2.545417785476112e+03,5.882352941176471e-01,1491605
2.547770726652582e+03,2.546453329608610e+03,5.882352941176471e-01,1491607
2.550837602839144e+03,2.549996815648953e+03,5.882352941176471e-01,1491611
2.551600126894720e+03,2.544208358166504e+03,1.176470588235294e+00,1491604
2.551600126894720e+03,2.543482073623948e+03,1.176470588235294e+00,1491603
2.552188362188838e+03,2.542428886556669e+03,1.764705882352941e+00,1491601
2.552776597482956e+03,2.551971762334584e+03,5.882352941176471e-01,1491612
2.554843432296653e+03,2.545736229420877e+03,1.176470588235294e+00,1491606
2.555431667590771e+03,2.554748063509062e+03,5.882352941176471e-01,1491613
2.558350420730004e+03,2.556585714847651e+03,1.764705882352941e+00,1491614
2.559954173912844e+03,2.559365938618727e+03,5.882352941176471e-01,1491616
2.561291597200592e+03,2.558225238783447e+03,1.764705882352941e+00,1491615
2.562424172372015e+03,2.561155711096163e+03,5.882352941176471e-01,1491618
2.563012407666132e+03,2.562380276955201e+03,5.882352941176471e-01,1491620
2.564188878254367e+03,2.559383911958193e+03,1.764705882352941e+00,1491617
2.567125785598161e+03,2.566343494346472e+03,5.882352941176471e-01,1491623
2.568776694746879e+03,2.568074662719126e+03,5.882352941176471e-01,1491624
2.569364930040996e+03,2.568558526810637e+03,5.882352941176471e-01,1491625
2.569953165335114e+03,2.565361079715808e+03,1.764705882352941e+00,1491621
2.571375873628245e+03,2.570199403040010e+03,1.176470588235294e+00,1491626
2.571964108922363e+03,2.571295629120412e+03,5.882352941176471e-01,1491627
2.572984512891175e+03,2.572396277597057e+03,5.882352941176471e-01,1491628
2.574795134316996e+03,2.574206899022879e+03,5.882352941176471e-01,1491630
2.575971604905232e+03,2.574444392003029e+03,5.882352941176471e-01,1491632
2.575971604905232e+03,2.574207815380715e+03,5.882352941176471e-01,1491631
2.576513924655881e+03,2.572570313526178e+03,1.764705882352941e+00,1491629
2.577139917118835e+03,2.576551681824717e+03,5.882352941176471e-01,1491633
2.578316387707070e+03,2.577119578868423e+03,5.882352941176471e-01,1491635
2.579492858295306e+03,2.577000796568310e+03,1.764705882352941e+00,1491634
2.580669328883541e+03,2.579270539102483e+03,1.176470588235294e+00,1491636
2.581257564177659e+03,2.580599395830951e+03,5.882352941176471e-01,1491637
2.582953091276910e+03,2.582364855982792e+03,5.882352941176471e-01,1491639
2.584129561865145e+03,2.582734495327206e+03,5.882352941176471e-01,1491640
2.587188469043737e+03,2.581440708280165e+03,1.764705882352941e+00,1491638
2.587776704337855e+03,2.586936832555208e+03,5.882352941176471e-01,1491646
2.588364939631972e+03,2.587453038304592e+03,5.882352941176471e-01,1491647
2.591019914738543e+03,2.590431679444426e+03,5.882352941176471e-01,1491649
2.592356945561031e+03,2.591726829890325e+03,5.882352941176471e-01,1491650
2.592945180855148e+03,2.592280538973500e+03,5.882352941176471e-01,1491651
2.594962554142585e+03,2.582771484065359e+03,1.764705882352941e+00,1491641
2.597315495319055e+03,2.593450515665315e+03,1.176470588235294e+00,1491654
2.597903730613173e+03,2.589540666722443e+03,1.764705882352941e+00,1491648
2.599080201201408e+03,2.595756301278597e+03,1.764705882352941e+00,1491655
2.602032156919706e+03,2.601443921625588e+03,5.882352941176471e-01,1491657
2.602620392213823e+03,2.601996328723405e+03,5.882352941176471e-01,1491658
2.603796862802059e+03,2.602197263783237e+03,5.882352941176471e-01,1491660
2.603796862802059e+03,2.602038996355533e+03,5.882352941176471e-01,1491659
2.604713867731200e+03,2.600596220672376e+03,1.764705882352941e+00,1491656
2.605309585097575e+03,2.604721349803458e+03,5.882352941176471e-01,1491661
2.608838996862281e+03,2.605772748805285e+03,1.176470588235294e+00,1491664
2.609471448045593e+03,2.608883212751475e+03,5.882352941176471e-01,1491665
2.610015467450516e+03,2.605260549267375e+03,1.764705882352941e+00,1491662
2.610752266549499e+03,2.610164031255381e+03,5.882352941176471e-01,1491666
2.611475673954128e+03,2.610887438660010e+03,5.882352941176471e-01,1491667
2.612279965443801e+03,2.611691730149684e+03,5.882352941176471e-01,1491668
2.614612306023783e+03,2.613435835435548e+03,1.176470588235294e+00,1491669
2.615200541317901e+03,2.614539928635602e+03,5.882352941176471e-01,1491670
2.617767560097125e+03,2.616677162893421e+03,5.882352941176471e-01,1491672
2.618944030685360e+03,2.617374602891683e+03,5.882352941176471e-01,1491676
2.620042228436405e+03,2.619453993142287e+03,5.882352941176471e-01,1491677
2.620773411451169e+03,2.620185176157052e+03,5.882352941176471e-01,1491678
2.621361646745287e+03,2.620609054685360e+03,5.882352941176471e-01,1491679
2.622538117333522e+03,2.621273037082704e+03,5.882352941176471e-01,1491681
2.623331978755890e+03,2.622743743461772e+03,5.882352941176471e-01,1491682
2.624826383626537e+03,2.616562982456128e+03,1.764705882352941e+00,1491671
2.626591089508890e+03,2.620810753509214e+03,1.764705882352941e+00,1491680
2.629095928986924e+03,2.628507693692806e+03,5.882352941176471e-01,1491684
2.629684164281041e+03,2.628788132236490e+03,5.882352941176471e-01,1491685
2.630272399575159e+03,2.629345100147345e+03,5.882352941176471e-01,1491686
2.632503916481361e+03,2.631915681187243e+03,5.882352941176471e-01,1491687
2.633092151775478e+03,2.632064752675216e+03,5.882352941176471e-01,1491688
2.633680387069596e+03,2.632813215729399e+03,5.882352941176471e-01,1491689
2.636131199949767e+03,2.635542964655649e+03,5.882352941176471e-01,1491690
2.638312407392946e+03,2.637652605304526e+03,5.882352941176471e-01,1491692
2.638900642687064e+03,2.636547701510593e+03,1.764705882352941e+00,1491691
2.639812074732367e+03,2.639223839438249e+03,5.882352941176471e-01,1491693
2.640536911394649e+03,2.639445743353539e+03,5.882352941176471e-01,1491694
2.641713381982884e+03,2.640252806747755e+03,5.882352941176471e-01,1491697
2.642482965030161e+03,2.641894729736043e+03,5.882352941176471e-01,1491698
2.644066323159355e+03,2.640085277468696e+03,1.764705882352941e+00,1491696
2.645242793747590e+03,2.644537420609907e+03,5.882352941176471e-01,1491701
2.645831029041708e+03,2.645132311888194e+03,5.882352941176471e-01,1491702
2.648098293529798e+03,2.646877624408385e+03,5.882352941176471e-01,1491704
2.648098293529798e+03,2.646836146253182e+03,5.882352941176471e-01,1491703
2.648686528823915e+03,2.642812289460320e+03,1.764705882352941e+00,1491699
2.650822734678045e+03,2.649623421854004e+03,5.882352941176471e-01,1491707
2.650822734678045e+03,2.649545842254354e+03,5.882352941176471e-01,1491706
2.652587440560398e+03,2.649058028795692e+03,1.764705882352941e+00,1491705
2.653795098551255e+03,2.653206863257137e+03,5.882352941176471e-01,1491709
2.655226654123253e+03,2.654305268518780e+03,5.882352941176471e-01,1491712
2.657579134830671e+03,2.650861191932906e+03,1.764705882352941e+00,1491708
2.661243992000072e+03,2.660548951369895e+03,5.882352941176471e-01,1491721
2.662076752443358e+03,2.661488517149241e+03,5.882352941176471e-01,1491722
2.663754307876034e+03,2.663166072581916e+03,5.882352941176471e-01,1491723
2.664930778464269e+03,2.664056396363546e+03,5.882352941176471e-01,1491725
2.666402664242436e+03,2.653488975420970e+03,1.764705882352941e+00,1491710
2.669343840713024e+03,2.660067521411837e+03,1.176470588235294e+00,1491720
2.669343840713024e+03,2.658518966419126e+03,1.176470588235294e+00,1491719
2.671226784448476e+03,2.669897345203346e+03,5.882352941176471e-01,1491729
2.671226784448476e+03,2.669783399650676e+03,5.882352941176471e-01,1491728
2.671696781889495e+03,2.658512466579420e+03,1.764705882352941e+00,1491718
2.672714224448739e+03,2.672125989154622e+03,5.882352941176471e-01,1491730
2.674637958360083e+03,2.668186453801617e+03,1.764705882352941e+00,1491726
2.675814428948318e+03,2.672674274792866e+03,1.176470588235294e+00,1491731
2.676990899536554e+03,2.674746574952384e+03,1.764705882352941e+00,1491732
2.678204608356248e+03,2.677616373062130e+03,5.882352941176471e-01,1491733
2.679853497342607e+03,2.679262837352070e+03,5.882352941176471e-01,1491735
2.680648106250365e+03,2.680059870956247e+03,5.882352941176471e-01,1491736
2.681618203224960e+03,2.680919645642741e+03,5.882352941176471e-01,1491737
2.682206438519077e+03,2.681458139126275e+03,5.882352941176471e-01,1491738
2.682794673813195e+03,2.681750714647325e+03,5.882352941176471e-01,1491739
2.683382909107312e+03,2.682684846906423e+03,5.882352941176471e-01,1491740
2.683971144401430e+03,2.682812168816576e+03,5.882352941176471e-01,1491741
2.684559379695548e+03,2.678677026754371e+03,1.764705882352941e+00,1491734
2.685188931250491e+03,2.684600695956373e+03,5.882352941176471e-01,1491742
2.688746841313558e+03,2.688150365694431e+03,5.882352941176471e-01,1491744
2.689923311901794e+03,2.687570370725323e+03,1.764705882352941e+00,1491743
2.692735896293745e+03,2.692118276575297e+03,5.882352941176471e-01,1491747
2.693615072048254e+03,2.693026836754136e+03,5.882352941176471e-01,1491748
2.694791542636489e+03,2.693136907898092e+03,5.882352941176471e-01,1491749
2.697991570477719e+03,2.697364891720517e+03,5.882352941176471e-01,1491754
2.698579805771837e+03,2.697897462415795e+03,5.882352941176471e-01,1491755
2.700344511654190e+03,2.690971190411392e+03,1.764705882352941e+00,1491745
2.701048572029415e+03,2.700176853262216e+03,5.882352941176471e-01,1491758
2.701636807323533e+03,2.700576161816406e+03,5.882352941176471e-01,1491760
2.705546310997626e+03,2.704958075703508e+03,5.882352941176471e-01,1491763
2.707311016879979e+03,2.705879402344641e+03,5.882352941176471e-01,1491766
2.708695630852945e+03,2.698720446736165e+03,1.176470588235294e+00,1491756
2.709283866147062e+03,2.693613602851927e+03,1.764705882352941e+00,1491750
2.709872101441180e+03,2.709124950701474e+03,5.882352941176471e-01,1491767
2.710571847504987e+03,2.709983612210869e+03,5.882352941176471e-01,1491768
2.713010868118957e+03,2.712422632824839e+03,5.882352941176471e-01,1491770
2.713599103413074e+03,2.712679872713657e+03,5.882352941176471e-01,1491771
2.714259402943878e+03,2.713671167649760e+03,5.882352941176471e-01,1491772
2.715754454382357e+03,2.702642906667409e+03,1.764705882352941e+00,1491761
2.716358294477468e+03,2.715770059183350e+03,5.882352941176471e-01,1491773
2.716930924970592e+03,2.711507762291008e+03,1.176470588235294e+00,1491769
2.719491628085230e+03,2.718903392791113e+03,5.882352941176471e-01,1491774
2.720529207753199e+03,2.719940972459082e+03,5.882352941176471e-01,1491775
2.721705678341435e+03,2.720379510290608e+03,1.176470588235294e+00,1491776
2.723740365236416e+03,2.722563894648181e+03,1.176470588235294e+00,1491777
2.726972168644286e+03,2.725632798552809e+03,5.882352941176471e-01,1491779
2.727560403938404e+03,2.726847312668925e+03,5.882352941176471e-01,1491781
2.728736874526639e+03,2.727479887819383e+03,5.882352941176471e-01,1491783
2.728736874526639e+03,2.727026694638333e+03,5.882352941176471e-01,1491782
2.729325109820757e+03,2.725332318737295e+03,1.176470588235294e+00,1491778
2.731089815703110e+03,2.729208290010808e+03,1.764705882352941e+00,1491784
2.731678050997228e+03,2.730891608526126e+03,5.882352941176471e-01,1491785
2.732983518905510e+03,2.732395283611392e+03,5.882352941176471e-01,1491786
2.734169190460751e+03,2.733374346815197e+03,5.882352941176471e-01,1491788
2.734757425754869e+03,2.732992719872516e+03,1.176470588235294e+00,1491787
2.736644825433822e+03,2.734880119551470e+03,1.764705882352941e+00,1491789
2.737606420501345e+03,2.737018185207228e+03,5.882352941176471e-01,1491790
2.740052413827825e+03,2.739012446837807e+03,5.882352941176471e-01,1491793
2.740774586114498e+03,2.737833409643910e+03,1.764705882352941e+00,1491791
2.741951056702733e+03,2.738875943239590e+03,1.764705882352941e+00,1491792
2.742539291996851e+03,2.741943350073138e+03,5.882352941176471e-01,1491794
2.743599857947028e+03,2.743011622652911e+03,5.882352941176471e-01,1491795
2.744368180947183e+03,2.743779945653066e+03,5.882352941176471e-01,1491796
2.746701680602079e+03,2.746113445307961e+03,5.882352941176471e-01,1491797
2.747614107185015e+03,2.747025871890897e+03,5.882352941176471e-01,1491798
2.749856745409085e+03,2.748863586419497e+03,5.882352941176471e-01,1491800
2.751033215997321e+03,2.749532988827357e+03,5.882352941176471e-01,1491801
2.752024887282564e+03,2.751436651988446e+03,5.882352941176471e-01,1491803
2.753386157173791e+03,2.748680274820850e+03,1.176470588235294e+00,1491799
2.753974392467909e+03,2.749743614102152e+03,1.764705882352941e+00,1491802
2.755150863056144e+03,2.754468091171901e+03,5.882352941176471e-01,1491805
2.756327333644379e+03,2.755461392733198e+03,5.882352941176471e-01,1491807
2.756915568938497e+03,2.751694922447859e+03,1.764705882352941e+00,1491804
2.757503804232615e+03,2.756720530623119e+03,5.882352941176471e-01,1491808
2.758092039526732e+03,2.757305322683396e+03,5.882352941176471e-01,1491809
2.759268510114968e+03,2.754607708972692e+03,1.764705882352941e+00,1491806
2.759856745409085e+03,2.759227910081241e+03,5.882352941176471e-01,1491810
2.764528647092275e+03,2.763499573235230e+03,5.882352941176471e-01,1491817
2.765116882386393e+03,2.764238653018082e+03,5.882352941176471e-01,1491819
2.765571052313122e+03,2.759425057511495e+03,1.176470588235294e+00,1491811
2.766159287607240e+03,2.765474015759642e+03,5.882352941176471e-01,1491820
2.766747522901358e+03,2.765903150005923e+03,5.882352941176471e-01,1491821
2.767976709416595e+03,2.766808390681286e+03,5.882352941176471e-01,1491823
2.768564944710712e+03,2.767414832085978e+03,5.882352941176471e-01,1491826
2.769741415298948e+03,2.768714683623009e+03,5.882352941176471e-01,1491828
2.770656079759263e+03,2.769402997377535e+03,5.882352941176471e-01,1491829
2.771817847145929e+03,2.770176654187212e+03,5.882352941176471e-01,1491833
2.772406082440046e+03,2.771420789215994e+03,5.882352941176471e-01,1491837
2.772994317734164e+03,2.772002786552068e+03,5.882352941176471e-01,1491838
2.774170788322399e+03,2.773047779368322e+03,5.882352941176471e-01,1491840
2.777195482010851e+03,2.776440145617223e+03,5.882352941176471e-01,1491842
2.777783717304968e+03,2.777148693030469e+03,5.882352941176471e-01,1491843
2.777974326377873e+03,2.763053935284115e+03,1.176470588235294e+00,1491816
2.779520704470979e+03,2.778932469176861e+03,5.882352941176471e-01,1491845
2.781285410353332e+03,2.779990427545917e+03,5.882352941176471e-01,1491848
2.781285410353332e+03,2.779532563999089e+03,5.882352941176471e-01,1491847
2.782900384796169e+03,2.782037161409579e+03,5.882352941176471e-01,1491850
2.783856679319049e+03,2.776019011422616e+03,1.764705882352941e+00,1491841
2.785621385201402e+03,2.779157485878642e+03,1.764705882352941e+00,1491846
2.787802963039310e+03,2.786038257156957e+03,1.764705882352941e+00,1491851
2.788979433627545e+03,2.787743655514996e+03,5.882352941176471e-01,1491853
2.788979433627545e+03,2.787711398637003e+03,5.882352941176471e-01,1491852
2.789792644568122e+03,2.789204409274004e+03,5.882352941176471e-01,1491854
2.792253478378418e+03,2.791665243084300e+03,5.882352941176471e-01,1491855
2.793514800605383e+03,2.792926565311266e+03,5.882352941176471e-01,1491856
2.794157536473486e+03,2.793569301179368e+03,5.882352941176471e-01,1491857
2.795140421750142e+03,2.794552186456024e+03,5.882352941176471e-01,1491858
2.795728657044260e+03,2.794813365993704e+03,5.882352941176471e-01,1491859
2.797848149483018e+03,2.795881565811860e+03,5.882352941176471e-01,1491862
2.798436384777136e+03,2.797693197922262e+03,5.882352941176471e-01,1491865
2.802319509866030e+03,2.800887184773222e+03,5.882352941176471e-01,1491870
2.803495980454266e+03,2.795494633432691e+03,1.764705882352941e+00,1491860
2.804981982211978e+03,2.804393746917860e+03,5.882352941176471e-01,1491873
2.807025392218971e+03,2.802084987896101e+03,1.176470588235294e+00,1491872
2.807025392218971e+03,2.800136537297841e+03,1.176470588235294e+00,1491868
2.807025392218971e+03,2.798453152679670e+03,1.176470588235294e+00,1491866
2.807613627513089e+03,2.799351448560307e+03,1.764705882352941e+00,1491867
2.808652161658550e+03,2.808063926364432e+03,5.882352941176471e-01,1491874
2.811005102835021e+03,2.808650414098608e+03,1.764705882352941e+00,1491875
2.811593338129138e+03,2.809436142353331e+03,1.176470588235294e+00,1491876
2.821655538062859e+03,2.818154738068651e+03,1.764705882352941e+00,1491877
2.822832008651094e+03,2.821992579014453e+03,5.882352941176471e-01,1491882
2.824490836355169e+03,2.823902601061051e+03,5.882352941176471e-01,1491883
2.825184949827565e+03,2.819264975470392e+03,1.176470588235294e+00,1491878
2.825773185121683e+03,2.820450455704126e+03,1.764705882352941e+00,1491880
2.829115439697179e+03,2.828404857459178e+03,5.882352941176471e-01,1491888
2.830230143772664e+03,2.826112496713841e+03,1.764705882352941e+00,1491884
2.830818379066782e+03,2.829984172481091e+03,5.882352941176471e-01,1491889
2.831406614360899e+03,2.830623421933388e+03,5.882352941176471e-01,1491890
2.833759555537370e+03,2.826762498520708e+03,1.176470588235294e+00,1491885
2.834347790831488e+03,2.827253112425447e+03,1.764705882352941e+00,1491886
2.835524261419723e+03,2.832410176389178e+03,1.764705882352941e+00,1491891
2.838510045023650e+03,2.837921809729533e+03,5.882352941176471e-01,1491892
2.839098280317768e+03,2.837968415452561e+03,5.882352941176471e-01,1491893
2.842132704072695e+03,2.841544468778578e+03,5.882352941176471e-01,1491894
2.843185514372532e+03,2.841894958912942e+03,5.882352941176471e-01,1491895
2.843773749666649e+03,2.843061854084133e+03,5.882352941176471e-01,1491897
2.845538455549002e+03,2.843199043659138e+03,1.764705882352941e+00,1491898
2.847784067957526e+03,2.847195832663408e+03,5.882352941176471e-01,1491899
2.849142194165022e+03,2.848553958870904e+03,5.882352941176471e-01,1491900
2.849775851376973e+03,2.848684387726079e+03,5.882352941176471e-01,1491901
2.850364086671091e+03,2.849210327041772e+03,5.882352941176471e-01,1491904
2.851085524716907e+03,2.850497289422790e+03,5.882352941176471e-01,1491905
2.852749618730356e+03,2.851217573049227e+03,5.882352941176471e-01,1491908
2.855102559906827e+03,2.850556021343689e+03,1.764705882352941e+00,1491906
2.857087347655897e+03,2.856499112361779e+03,5.882352941176471e-01,1491911
2.858366785516176e+03,2.856615958458904e+03,5.882352941176471e-01,1491912
2.858955020810294e+03,2.858124151505140e+03,5.882352941176471e-01,1491915
2.860719726692647e+03,2.859733172703480e+03,5.882352941176471e-01,1491918
2.861896197280882e+03,2.858987082725565e+03,1.176470588235294e+00,1491917
2.861896197280882e+03,2.858620464142841e+03,1.176470588235294e+00,1491916
2.862788545823524e+03,2.862200310529407e+03,5.882352941176471e-01,1491919
2.866275836582202e+03,2.864023912742474e+03,5.882352941176471e-01,1491922
2.867831555852766e+03,2.866950587488913e+03,5.882352941176471e-01,1491925
2.868542787549772e+03,2.867954552255654e+03,5.882352941176471e-01,1491926
2.870244568131629e+03,2.869581875082814e+03,5.882352941176471e-01,1491927
2.870832803425747e+03,2.863922895405732e+03,1.764705882352941e+00,1491920
2.871747723886181e+03,2.871159488592063e+03,5.882352941176471e-01,1491928
2.872009274013982e+03,2.866655085264530e+03,1.176470588235294e+00,1491924
2.876900587282895e+03,2.875805233692523e+03,5.882352941176471e-01,1491936
2.878416747480079e+03,2.877828512185961e+03,5.882352941176471e-01,1491938
2.879004982774196e+03,2.877832484293848e+03,5.882352941176471e-01,1491939
2.879604258795462e+03,2.879016023501344e+03,5.882352941176471e-01,1491940
2.879989293368469e+03,2.873344750932731e+03,1.764705882352941e+00,1491929
2.880818899756559e+03,2.880230664462441e+03,5.882352941176471e-01,1491941
2.882583605638912e+03,2.880518854435807e+03,5.882352941176471e-01,1491942
2.883270775383580e+03,2.882682540089463e+03,5.882352941176471e-01,1491945
2.885478476345807e+03,2.884482857633035e+03,5.882352941176471e-01,1491949
2.886066711639925e+03,2.885087997902395e+03,5.882352941176471e-01,1491950
2.887473418513460e+03,2.885722482364571e+03,5.882352941176471e-01,1491951
2.889218826056637e+03,2.888630590762519e+03,5.882352941176471e-01,1491955
2.890988616823349e+03,2.874985367609532e+03,1.176470588235294e+00,1491933
2.891576852117467e+03,2.874373691905981e+03,1.764705882352941e+00,1491930
2.894525179570899e+03,2.893936944276781e+03,5.882352941176471e-01,1491957
2.896289885453252e+03,2.894972289324635e+03,5.882352941176471e-01,1491960
2.896289885453252e+03,2.894710340760744e+03,5.882352941176471e-01,1491959
2.896932035057933e+03,2.880612837563445e+03,1.176470588235294e+00,1491943
2.898108505646168e+03,2.897456504463666e+03,5.882352941176471e-01,1491962
2.899505594976693e+03,2.898917359682575e+03,5.882352941176471e-01,1491964
2.901637917410874e+03,2.894257376703826e+03,1.764705882352941e+00,1491958
2.902482617626936e+03,2.901894382332818e+03,5.882352941176471e-01,1491965
2.904957481828481e+03,2.904369246534364e+03,5.882352941176471e-01,1491970
2.905674807943626e+03,2.905086572649508e+03,5.882352941176471e-01,1491971
2.906685916601122e+03,2.903493448441156e+03,1.176470588235294e+00,1491969
2.907274151895239e+03,2.901988738784952e+03,1.764705882352941e+00,1491966
2.908233990953345e+03,2.907645755659227e+03,5.882352941176471e-01,1491972
2.909410461541580e+03,2.908700331236738e+03,5.882352941176471e-01,1491974
2.910817242450512e+03,2.910229007156394e+03,5.882352941176471e-01,1491975
2.911175167423933e+03,2.907757787269527e+03,1.764705882352941e+00,1491973
2.913680572540819e+03,2.913092337246701e+03,5.882352941176471e-01,1491978
2.915045133189004e+03,2.914456897894886e+03,5.882352941176471e-01,1491980
2.915881049776874e+03,2.910868331743953e+03,1.764705882352941e+00,1491976
2.917891355680179e+03,2.917303120386061e+03,5.882352941176471e-01,1491984
2.920898564630987e+03,2.919982175389437e+03,5.882352941176471e-01,1491987
2.921486799925105e+03,2.920365970306964e+03,5.882352941176471e-01,1491989
2.922253754055271e+03,2.921548244072056e+03,5.882352941176471e-01,1491990
2.922841989349389e+03,2.913192569476696e+03,1.764705882352941e+00,1491979
2.924452457540230e+03,2.923824982319591e+03,5.882352941176471e-01,1491992
2.925818588197875e+03,2.924685354557819e+03,5.882352941176471e-01,1491994
2.926406823491992e+03,2.925647311057148e+03,5.882352941176471e-01,1491995
2.928582296712295e+03,2.926830548954629e+03,5.882352941176471e-01,1491997
2.929170532006412e+03,2.928493562734210e+03,5.882352941176471e-01,1492000
2.929901860186011e+03,2.929313624891894e+03,5.882352941176471e-01,1492001
2.931641826994747e+03,2.930049227113570e+03,5.882352941176471e-01,1492003
2.932818297582982e+03,2.931732901845856e+03,5.882352941176471e-01,1492006
2.934320816573490e+03,2.933470394387527e+03,5.882352941176471e-01,1492009
2.935527640883452e+03,2.934939405589334e+03,5.882352941176471e-01,1492010
2.935907007192464e+03,2.918584019438677e+03,1.764705882352941e+00,1491985
2.941168099091626e+03,2.940573258647929e+03,5.882352941176471e-01,1492013
2.943416417970785e+03,2.942306472234240e+03,5.882352941176471e-01,1492018
2.945772780902195e+03,2.945110512728431e+03,5.882352941176471e-01,1492023
2.946361016196312e+03,2.945660145068192e+03,5.882352941176471e-01,1492024
2.948091226959987e+03,2.947468496547191e+03,5.882352941176471e-01,1492027
2.949267697548222e+03,2.923275986951995e+03,1.764705882352941e+00,1491991
2.949996473870938e+03,2.949408238576820e+03,5.882352941176471e-01,1492029
2.953039299274078e+03,2.952451063979960e+03,5.882352941176471e-01,1492030
2.954489116618917e+03,2.953900881324800e+03,5.882352941176471e-01,1492031
2.955077351913035e+03,2.953914085961380e+03,5.882352941176471e-01,1492032
2.956253822501270e+03,2.955436227689652e+03,5.882352941176471e-01,1492034
2.956842057795388e+03,2.956145651630991e+03,5.882352941176471e-01,1492035
2.957430293089505e+03,2.956620167763244e+03,5.882352941176471e-01,1492036
2.958790510491753e+03,2.958202275197635e+03,5.882352941176471e-01,1492038
2.959518887963809e+03,2.958469858780507e+03,5.882352941176471e-01,1492039
2.960182540829784e+03,2.959070794847630e+03,5.882352941176471e-01,1492041
2.960982753525549e+03,2.959632014321596e+03,5.882352941176471e-01,1492044
2.963423642201203e+03,2.962422425805458e+03,5.882352941176471e-01,1492049
2.964600112789438e+03,2.937738164771521e+03,1.764705882352941e+00,1492011
2.966350262550168e+03,2.965762027256051e+03,5.882352941176471e-01,1492053
2.968066202537895e+03,2.954610366871813e+03,1.176470588235294e+00,1492033
2.968654437832012e+03,2.968050372033832e+03,5.882352941176471e-01,1492054
2.969242673126130e+03,2.968310720109804e+03,5.882352941176471e-01,1492055
2.969989674397760e+03,2.969045897123202e+03,5.882352941176471e-01,1492056
2.971166144985995e+03,2.969698386255722e+03,5.882352941176471e-01,1492059
2.972204532435456e+03,2.971616297141338e+03,5.882352941176471e-01,1492060
2.972342615574231e+03,2.969560205081154e+03,1.176470588235294e+00,1492058
2.973779114231999e+03,2.973190878937882e+03,5.882352941176471e-01,1492061
2.974367349526117e+03,2.973543189310398e+03,5.882352941176471e-01,1492062
2.975831533584017e+03,2.974787080690154e+03,5.882352941176471e-01,1492064
2.977008004172252e+03,2.974655062995782e+03,1.764705882352941e+00,1492063
2.979528827286938e+03,2.978940591992820e+03,5.882352941176471e-01,1492065
2.982333179584756e+03,2.981033986925224e+03,5.882352941176471e-01,1492068
2.982333179584756e+03,2.980736319036938e+03,5.882352941176471e-01,1492067
2.984338227251975e+03,2.983749991957857e+03,5.882352941176471e-01,1492070
2.984686120761227e+03,2.980568473702403e+03,1.764705882352941e+00,1492066
2.985437569598921e+03,2.984849334304804e+03,5.882352941176471e-01,1492071
2.986025804893039e+03,2.985406208058173e+03,5.882352941176471e-01,1492072
2.987039061937697e+03,2.982522429181990e+03,1.764705882352941e+00,1492069
2.988750843845514e+03,2.988162608551396e+03,5.882352941176471e-01,1492073
2.990690100961047e+03,2.990101865666930e+03,5.882352941176471e-01,1492075
2.991298661902818e+03,2.990710426608700e+03,5.882352941176471e-01,1492076
2.991692020316102e+03,2.988720395412677e+03,1.764705882352941e+00,1492074
2.993184454754584e+03,2.992596219460467e+03,5.882352941176471e-01,1492077
2.994789921324250e+03,2.994201686030132e+03,5.882352941176471e-01,1492078
2.995845073938110e+03,2.995256838643993e+03,5.882352941176471e-01,1492079
2.997583471393251e+03,2.996074683270506e+03,5.882352941176471e-01,1492081
2.998759941981486e+03,2.997709452763519e+03,5.882352941176471e-01,1492084
3.001816073735466e+03,3.001199528640033e+03,5.882352941176471e-01,1492089
3.002650498707237e+03,3.002062263413119e+03,5.882352941176471e-01,1492090
3.003456595522844e+03,3.002868360228727e+03,5.882352941176471e-01,1492091
3.004585675320031e+03,2.995286933089199e+03,1.764705882352941e+00,1492080
3.005394383812687e+03,3.004806148518569e+03,5.882352941176471e-01,1492092
3.006020420462140e+03,3.005432185168022e+03,5.882352941176471e-01,1492093
3.006608655756257e+03,3.005716521717017e+03,5.882352941176471e-01,1492094
3.007196891050375e+03,3.006129578074576e+03,5.882352941176471e-01,1492095
3.008091113889245e+03,3.007502878595127e+03,5.882352941176471e-01,1492096
3.009267584477480e+03,3.008161391806374e+03,5.882352941176471e-01,1492098
3.010468028261208e+03,2.998931516867509e+03,1.764705882352941e+00,1492085
3.012289858069226e+03,3.011170511406656e+03,5.882352941176471e-01,1492101
3.013466328657461e+03,3.007529462159464e+03,1.764705882352941e+00,1492097
3.014580640128061e+03,3.010957808745767e+03,1.176470588235294e+00,1492099
3.015168875422178e+03,3.014518481010424e+03,5.882352941176471e-01,1492103
3.016446092186595e+03,3.015857856892478e+03,5.882352941176471e-01,1492105
3.016933581304531e+03,3.015002711988841e+03,1.176470588235294e+00,1492104
3.019059547548456e+03,3.018198593611917e+03,5.882352941176471e-01,1492107
3.020071789641549e+03,3.018511497533813e+03,5.882352941176471e-01,1492108
3.020660024935666e+03,3.019907561146406e+03,5.882352941176471e-01,1492110
3.021851512229819e+03,3.020701411764072e+03,5.882352941176471e-01,1492112
3.022457315832353e+03,3.021308859489333e+03,5.882352941176471e-01,1492113
3.025084943092952e+03,3.017883076960221e+03,1.176470588235294e+00,1492106
3.025948221172461e+03,3.025359985878343e+03,5.882352941176471e-01,1492119
3.028721656987379e+03,3.027581844288501e+03,5.882352941176471e-01,1492121
3.029459828205013e+03,3.028871592910895e+03,5.882352941176471e-01,1492122
3.029790825445894e+03,3.020675041641583e+03,1.764705882352941e+00,1492111
3.031380183817923e+03,3.030791948523805e+03,5.882352941176471e-01,1492124
3.032143766622364e+03,3.027545186399144e+03,1.764705882352941e+00,1492120
3.033320237210599e+03,3.029834972475400e+03,1.764705882352941e+00,1492123
3.035097528010799e+03,3.034100767468096e+03,5.882352941176471e-01,1492126
3.037450469187270e+03,3.033921057422564e+03,1.764705882352941e+00,1492125
3.038163616833730e+03,3.037575381539612e+03,5.882352941176471e-01,1492128
3.039448980401429e+03,3.038860745107311e+03,5.882352941176471e-01,1492129
3.040037215695547e+03,3.039358446622062e+03,5.882352941176471e-01,1492130
3.041393440025882e+03,3.040306846308697e+03,5.882352941176471e-01,1492134
3.041981675319999e+03,3.039501486447278e+03,1.176470588235294e+00,1492131
3.043095477667226e+03,3.042507242373108e+03,5.882352941176471e-01,1492135
3.047149197781201e+03,3.045384491898848e+03,1.764705882352941e+00,1492136
3.047737433075319e+03,3.046846947211132e+03,5.882352941176471e-01,1492137
3.049853202940955e+03,3.049264967646838e+03,5.882352941176471e-01,1492139
3.050503658329502e+03,3.049915423035384e+03,5.882352941176471e-01,1492140
3.051091893623619e+03,3.050197990856803e+03,5.882352941176471e-01,1492141
3.051514607640727e+03,3.047985195876021e+03,1.764705882352941e+00,1492138
3.052726415904399e+03,3.051797171389866e+03,5.882352941176471e-01,1492143
3.055728333714937e+03,3.055140098420819e+03,5.882352941176471e-01,1492149
3.057083125620439e+03,3.056067099530587e+03,5.882352941176471e-01,1492151
3.059151141760111e+03,3.054192806890625e+03,1.176470588235294e+00,1492148
3.059151141760111e+03,3.053811161733471e+03,1.176470588235294e+00,1492147
3.059151141760111e+03,3.051392946736193e+03,1.176470588235294e+00,1492142
3.059739377054229e+03,3.052173518285718e+03,1.764705882352941e+00,1492145
3.060915847642464e+03,3.059678761899132e+03,5.882352941176471e-01,1492153
3.062092318230700e+03,3.055906655032204e+03,1.176470588235294e+00,1492150
3.062680553524817e+03,3.059496611575508e+03,1.764705882352941e+00,1492152
3.066167564062311e+03,3.064906307011675e+03,5.882352941176471e-01,1492156
3.066167564062311e+03,3.064530238648843e+03,5.882352941176471e-01,1492155
3.067344034650546e+03,3.064402858179958e+03,1.764705882352941e+00,1492154
3.070326996405160e+03,3.069150525816924e+03,1.176470588235294e+00,1492157
3.071519999787146e+03,3.070931764493029e+03,5.882352941176471e-01,1492158
3.073658835888814e+03,3.072482365300578e+03,1.176470588235294e+00,1492159
3.074551618210566e+03,3.073963382916449e+03,5.882352941176471e-01,1492160
3.077949040198877e+03,3.077046240059258e+03,5.882352941176471e-01,1492163
3.080890216669465e+03,3.076184334316524e+03,1.764705882352941e+00,1492161
3.082274741801866e+03,3.081224892297404e+03,5.882352941176471e-01,1492166
3.083451212390102e+03,3.081098271213631e+03,1.764705882352941e+00,1492165
3.085235265387178e+03,3.084058794798942e+03,1.176470588235294e+00,1492167
3.087791426945295e+03,3.087203191651177e+03,5.882352941176471e-01,1492168
3.089556132827648e+03,3.087457303040505e+03,1.764705882352941e+00,1492169
3.091909074004118e+03,3.089426472122583e+03,1.764705882352941e+00,1492170
3.093673779886471e+03,3.090719586786093e+03,1.764705882352941e+00,1492171
3.094262015180589e+03,3.092547995401283e+03,1.176470588235294e+00,1492172
3.097690563253266e+03,3.097102327959149e+03,5.882352941176471e-01,1492173
3.099551058713365e+03,3.098374588125130e+03,1.176470588235294e+00,1492174
3.100186685742068e+03,3.099598450447951e+03,5.882352941176471e-01,1492175
3.106451383404686e+03,3.100289346918770e+03,1.764705882352941e+00,1492176
3.107337853436654e+03,3.106749618142536e+03,5.882352941176471e-01,1492185
3.109465571866547e+03,3.108080096795819e+03,5.882352941176471e-01,1492189
3.110974888879538e+03,3.110386653585421e+03,5.882352941176471e-01,1492190
3.112885662535592e+03,3.112297427241474e+03,5.882352941176471e-01,1492191
3.114461454775755e+03,3.103886600976126e+03,1.176470588235294e+00,1492181
3.115207464995971e+03,3.114619229701854e+03,5.882352941176471e-01,1492192
3.116195830946697e+03,3.114937780313277e+03,5.882352941176471e-01,1492193
3.116784066240814e+03,3.116007726309187e+03,5.882352941176471e-01,1492195
3.117214526608833e+03,3.101017362884335e+03,1.764705882352941e+00,1492177
3.119567467785304e+03,3.107199105864359e+03,1.764705882352941e+00,1492186
3.120743938373539e+03,3.118546832949407e+03,1.764705882352941e+00,1492196
3.122879567398698e+03,3.122082852519991e+03,5.882352941176471e-01,1492199
3.123792654158269e+03,3.123204418864151e+03,5.882352941176471e-01,1492200
3.124380889452386e+03,3.123568472713354e+03,5.882352941176471e-01,1492201
3.125820743869286e+03,3.121114861516345e+03,1.764705882352941e+00,1492197
3.127722747876311e+03,3.127053469156185e+03,5.882352941176471e-01,1492203
3.130075689052782e+03,3.125958041993958e+03,1.764705882352941e+00,1492202
3.132428630229252e+03,3.127416676398731e+03,1.764705882352941e+00,1492204
3.135917942391590e+03,3.135329707097472e+03,5.882352941176471e-01,1492212
3.137742295164539e+03,3.132387380064152e+03,1.176470588235294e+00,1492207
3.138330530458657e+03,3.132875641465843e+03,1.764705882352941e+00,1492208
3.138918765752775e+03,3.138087662622446e+03,5.882352941176471e-01,1492213
3.140255502464234e+03,3.139667267170116e+03,5.882352941176471e-01,1492214
3.142760604448721e+03,3.141992543986917e+03,5.882352941176471e-01,1492218
3.144553661559599e+03,3.143965426265481e+03,5.882352941176471e-01,1492220
3.145141896853717e+03,3.144266868056346e+03,5.882352941176471e-01,1492221
3.145549620111292e+03,3.139816217562073e+03,1.176470588235294e+00,1492215
3.146398018993752e+03,3.145809783699634e+03,5.882352941176471e-01,1492222
3.147314325993645e+03,3.140010678229687e+03,1.764705882352941e+00,1492216
3.149079031875998e+03,3.142821755227302e+03,1.176470588235294e+00,1492219
3.150255502464234e+03,3.141584133860486e+03,1.764705882352941e+00,1492217
3.151431973052469e+03,3.149110191327798e+03,1.764705882352941e+00,1492224
3.152889489379374e+03,3.152301254085256e+03,5.882352941176471e-01,1492225
3.154363974661024e+03,3.153775739366906e+03,5.882352941176471e-01,1492226
3.154952209955142e+03,3.154131248495313e+03,5.882352941176471e-01,1492227
3.155622310081363e+03,3.154453916764806e+03,5.882352941176471e-01,1492228
3.157508376128026e+03,3.156568437359266e+03,5.882352941176471e-01,1492234
3.159476577124526e+03,3.158888341830409e+03,5.882352941176471e-01,1492236
3.160887421943312e+03,3.155115939619349e+03,1.764705882352941e+00,1492230
3.161475657237430e+03,3.160737055993893e+03,5.882352941176471e-01,1492237
3.162063892531547e+03,3.161062676982158e+03,5.882352941176471e-01,1492238
3.164416833708018e+03,3.163117625415603e+03,5.882352941176471e-01,1492242
3.164416833708018e+03,3.163025354158229e+03,5.882352941176471e-01,1492241
3.165593304296253e+03,3.162095566024831e+03,1.176470588235294e+00,1492240
3.166181539590371e+03,3.161643906347640e+03,1.764705882352941e+00,1492239
3.166769774884489e+03,3.165992728690816e+03,5.882352941176471e-01,1492243
3.169122716060959e+03,3.168220087177772e+03,5.882352941176471e-01,1492246
3.169710951355077e+03,3.166631125711975e+03,1.764705882352941e+00,1492244
3.170928469936090e+03,3.170340234641973e+03,5.882352941176471e-01,1492247
3.173095205368300e+03,3.167929774763844e+03,1.764705882352941e+00,1492245
3.174001024979903e+03,3.173412789685785e+03,5.882352941176471e-01,1492251
3.174589260274021e+03,3.173584083838695e+03,5.882352941176471e-01,1492252
3.175549139074456e+03,3.174960903780338e+03,5.882352941176471e-01,1492253
3.177714045954965e+03,3.170613711737143e+03,1.764705882352941e+00,1492248
3.179464522556787e+03,3.178876287262669e+03,5.882352941176471e-01,1492257
3.180655222425553e+03,3.177495035118733e+03,1.176470588235294e+00,1492256
3.181243457719671e+03,3.175862298306336e+03,1.764705882352941e+00,1492254
3.181831693013788e+03,3.181070780769202e+03,5.882352941176471e-01,1492258
3.182490596310496e+03,3.181902361016379e+03,5.882352941176471e-01,1492259
3.186132200205879e+03,3.184367494323526e+03,1.764705882352941e+00,1492260
3.186720435499996e+03,3.186061479689524e+03,5.882352941176471e-01,1492261
3.187308670794114e+03,3.186717519457635e+03,5.882352941176471e-01,1492262
3.190062408368587e+03,3.189474173074469e+03,5.882352941176471e-01,1492264
3.191827114250940e+03,3.189728883053247e+03,5.882352941176471e-01,1492266
3.191827114250940e+03,3.189718176552974e+03,5.882352941176471e-01,1492265
3.192933103851049e+03,3.188815456792225e+03,1.764705882352941e+00,1492263
3.194109574439284e+03,3.190005640186750e+03,1.764705882352941e+00,1492267
3.196178971123086e+03,3.195339951827878e+03,5.882352941176471e-01,1492269
3.197943677005439e+03,3.195002500534851e+03,1.764705882352941e+00,1492268
3.198839309356476e+03,3.198251074062358e+03,5.882352941176471e-01,1492271
3.200884853476028e+03,3.196182770866479e+03,1.764705882352941e+00,1492270
3.203237794652498e+03,3.199566744492759e+03,1.176470588235294e+00,1492273
3.205009041684402e+03,3.203679668225543e+03,5.882352941176471e-01,1492277
3.205971958725170e+03,3.198389920731999e+03,1.764705882352941e+00,1492272
3.207874539544809e+03,3.207286304250692e+03,5.882352941176471e-01,1492282
3.211334882671791e+03,3.210117444368149e+03,5.882352941176471e-01,1492286
3.211694106690266e+03,3.201280382047851e+03,1.176470588235294e+00,1492274
3.213730178257719e+03,3.213141942963601e+03,5.882352941176471e-01,1492288
3.214512286200729e+03,3.213924050906611e+03,5.882352941176471e-01,1492289
3.215410525881278e+03,3.213970739694302e+03,5.882352941176471e-01,1492290
3.215998761175395e+03,3.215132294973591e+03,5.882352941176471e-01,1492292
3.217372915735443e+03,3.216784680441326e+03,5.882352941176471e-01,1492294
3.218514632537038e+03,3.217926397242921e+03,5.882352941176471e-01,1492295
3.219102867831156e+03,3.218272842282479e+03,5.882352941176471e-01,1492296
3.220803692176350e+03,3.220209469804205e+03,5.882352941176471e-01,1492297
3.221391927470468e+03,3.220617745318461e+03,5.882352941176471e-01,1492298
3.222568398058703e+03,3.221756365162395e+03,5.882352941176471e-01,1492300
3.223156633352821e+03,3.206663890032614e+03,1.764705882352941e+00,1492281
3.224921339235174e+03,3.221326180110685e+03,1.176470588235294e+00,1492299
3.224921339235174e+03,3.216076840417553e+03,1.176470588235294e+00,1492293
3.226097809823409e+03,3.223500258097880e+03,1.764705882352941e+00,1492301
3.226686045117527e+03,3.225877953112303e+03,5.882352941176471e-01,1492302
3.227739746877411e+03,3.227151511583293e+03,5.882352941176471e-01,1492303
3.228327982171529e+03,3.227175453778433e+03,5.882352941176471e-01,1492304
3.231547916169893e+03,3.229783210287540e+03,1.764705882352941e+00,1492305
3.232136151464011e+03,3.231309254069523e+03,5.882352941176471e-01,1492306
3.232724386758128e+03,3.231725759944579e+03,5.882352941176471e-01,1492307
3.234788782428248e+03,3.233965835393363e+03,5.882352941176471e-01,1492310
3.235377017722365e+03,3.234267933153312e+03,5.882352941176471e-01,1492311
3.237141723604718e+03,3.233024076545895e+03,1.764705882352941e+00,1492308
3.240692085427910e+03,3.240103850133793e+03,5.882352941176471e-01,1492312
3.242901946066005e+03,3.242313710771887e+03,5.882352941176471e-01,1492314
3.243630346486748e+03,3.241277405310278e+03,1.764705882352941e+00,1492313
3.245938970431151e+03,3.245350735137034e+03,5.882352941176471e-01,1492316
3.247796773885145e+03,3.246960969729789e+03,5.882352941176471e-01,1492320
3.247990108325791e+03,3.244367598989444e+03,1.176470588235294e+00,1492315
3.249166578914026e+03,3.245453850703857e+03,1.764705882352941e+00,1492317
3.252914157398000e+03,3.251149451515647e+03,1.176470588235294e+00,1492321
3.254090627986236e+03,3.251773360724270e+03,1.764705882352941e+00,1492322
3.255356275891329e+03,3.254231752037367e+03,5.882352941176471e-01,1492324
3.256566711513893e+03,3.255978476219776e+03,5.882352941176471e-01,1492325
3.257154946808011e+03,3.256365896294964e+03,5.882352941176471e-01,1492326
3.257886318113182e+03,3.256602833985858e+03,5.882352941176471e-01,1492327
3.258474553407300e+03,3.257441218830118e+03,5.882352941176471e-01,1492329
3.260292542364968e+03,3.254179805303094e+03,1.764705882352941e+00,1492323
3.261782423123983e+03,3.261194187829865e+03,5.882352941176471e-01,1492335
3.262370658418100e+03,3.261769723463587e+03,5.882352941176471e-01,1492336
3.263766302619622e+03,3.263178067325504e+03,5.882352941176471e-01,1492337
3.265586660012027e+03,3.258233328871965e+03,1.764705882352941e+00,1492330
3.268156292267052e+03,3.267139491476513e+03,5.882352941176471e-01,1492341
3.268527836482615e+03,3.263368016277669e+03,1.764705882352941e+00,1492338
3.269116071776732e+03,3.268237424341971e+03,5.882352941176471e-01,1492342
3.270289223665965e+03,3.269700988371847e+03,5.882352941176471e-01,1492343
3.270877458960082e+03,3.270124507894784e+03,5.882352941176471e-01,1492344
3.272145104218791e+03,3.271556868924674e+03,5.882352941176471e-01,1492345
3.273233718835556e+03,3.266391586384699e+03,1.764705882352941e+00,1492339
3.274410189423791e+03,3.271891054160610e+03,1.764705882352941e+00,1492346
3.277864889026817e+03,3.276100183144464e+03,1.764705882352941e+00,1492347
3.278790929817230e+03,3.278202694523112e+03,5.882352941176471e-01,1492348
3.281344953191900e+03,3.278992012015429e+03,1.764705882352941e+00,1492349
3.282521423780135e+03,3.279671013170608e+03,1.764705882352941e+00,1492350
3.283410835046318e+03,3.282822599752201e+03,5.882352941176471e-01,1492351
3.283999070340436e+03,3.282999344502036e+03,5.882352941176471e-01,1492352
3.284677662175955e+03,3.283526456039243e+03,5.882352941176471e-01,1492353
3.285854132764190e+03,3.284246190949341e+03,5.882352941176471e-01,1492357
3.287618838646543e+03,3.284134605152537e+03,1.764705882352941e+00,1492356
3.288799440016511e+03,3.288211204722393e+03,5.882352941176471e-01,1492360
3.290703800291090e+03,3.290115564996972e+03,5.882352941176471e-01,1492361
3.291880270879325e+03,3.290903572934237e+03,5.882352941176471e-01,1492363
3.292324720999484e+03,3.286412361351102e+03,1.764705882352941e+00,1492358
3.293835450097249e+03,3.293247214803131e+03,5.882352941176471e-01,1492365
3.294089426881837e+03,3.290265911230449e+03,1.176470588235294e+00,1492362
3.295265897470072e+03,3.292351098051554e+03,1.764705882352941e+00,1492364
3.297225764766098e+03,3.296637529471981e+03,5.882352941176471e-01,1492366
3.299414228766495e+03,3.298825993472377e+03,5.882352941176471e-01,1492367
3.302939054857716e+03,3.302350819563598e+03,5.882352941176471e-01,1492368
3.303527290151834e+03,3.302511664465369e+03,5.882352941176471e-01,1492369
3.304668789807010e+03,3.303482037674078e+03,5.882352941176471e-01,1492370
3.306433495689363e+03,3.304633818873952e+03,1.764705882352941e+00,1492372
3.307075077954257e+03,3.306486842660139e+03,5.882352941176471e-01,1492373
3.311452581617971e+03,3.310733042157140e+03,5.882352941176471e-01,1492375
3.312656611234661e+03,3.312068375940543e+03,5.882352941176471e-01,1492377
3.315485567002443e+03,3.314765019754322e+03,5.882352941176471e-01,1492380
3.316073802296560e+03,3.310276111029735e+03,1.764705882352941e+00,1492374
3.317822969186301e+03,3.317219194899570e+03,5.882352941176471e-01,1492381
3.318411204480418e+03,3.312577349775890e+03,1.764705882352941e+00,1492378
3.321352380951007e+03,3.318139673390322e+03,1.764705882352941e+00,1492382
3.323672015285384e+03,3.323083779991266e+03,5.882352941176471e-01,1492386
3.324966482563893e+03,3.323908008665932e+03,5.882352941176471e-01,1492389
3.325554717858011e+03,3.324736781107742e+03,5.882352941176471e-01,1492390
3.326219858343509e+03,3.325165927202140e+03,5.882352941176471e-01,1492391
3.326843925455363e+03,3.325708528240771e+03,5.882352941176471e-01,1492393
3.330316723997530e+03,3.329701139604640e+03,5.882352941176471e-01,1492402
3.332636919259701e+03,3.321095434229741e+03,1.764705882352941e+00,1492384
3.333813389847936e+03,3.332382970398364e+03,5.882352941176471e-01,1492405
3.335376526947160e+03,3.334788291653043e+03,5.882352941176471e-01,1492408
3.335964762241278e+03,3.335147894928258e+03,5.882352941176471e-01,1492409
3.336552997535396e+03,3.335630078940868e+03,5.882352941176471e-01,1492410
3.338990394496290e+03,3.338402159202172e+03,5.882352941176471e-01,1492412
3.341821021340985e+03,3.340903446198484e+03,5.882352941176471e-01,1492416
3.342409256635103e+03,3.341798338470583e+03,5.882352941176471e-01,1492417
3.344072285293670e+03,3.328200210660466e+03,1.176470588235294e+00,1492400
3.344660520587788e+03,3.323264781193378e+03,1.764705882352941e+00,1492387
3.345248755881906e+03,3.344434734506956e+03,5.882352941176471e-01,1492418
3.345869300535867e+03,3.345281065241750e+03,5.882352941176471e-01,1492419
3.347007147999491e+03,3.346418912705373e+03,5.882352941176471e-01,1492420
3.348923286667537e+03,3.348335051373420e+03,5.882352941176471e-01,1492422
3.350859301582787e+03,3.350180463875238e+03,5.882352941176471e-01,1492424
3.352035772171023e+03,3.351231735875531e+03,5.882352941176471e-01,1492426
3.352685176214477e+03,3.352096940920359e+03,5.882352941176471e-01,1492427
3.353273411508594e+03,3.352505337810028e+03,5.882352941176471e-01,1492428
3.353861646802712e+03,3.352929283264084e+03,5.882352941176471e-01,1492429
3.354449882096830e+03,3.353292727414541e+03,5.882352941176471e-01,1492430
3.355661550919071e+03,3.354520278564842e+03,5.882352941176471e-01,1492433
3.356249786213189e+03,3.355231605330585e+03,5.882352941176471e-01,1492434
3.356776852757970e+03,3.333988449242975e+03,1.764705882352941e+00,1492407
3.357581577498787e+03,3.356993342204670e+03,5.882352941176471e-01,1492435
3.358169812792905e+03,3.357451367207294e+03,5.882352941176471e-01,1492436
3.358758048087023e+03,3.357952851927890e+03,5.882352941176471e-01,1492437
3.359346283381140e+03,3.358589388678710e+03,5.882352941176471e-01,1492438
3.359934518675258e+03,3.359214856867455e+03,5.882352941176471e-01,1492439
3.360723605296777e+03,3.359779402243631e+03,5.882352941176471e-01,1492440
3.362108436811168e+03,3.361520201517050e+03,5.882352941176471e-01,1492444
3.362698052797366e+03,3.361569059805962e+03,5.882352941176471e-01,1492445
3.363682557142749e+03,3.362111198195328e+03,5.882352941176471e-01,1492447
3.364793469932208e+03,3.363490590899897e+03,5.882352941176471e-01,1492449
3.365381705226326e+03,3.364727912133432e+03,5.882352941176471e-01,1492451
3.367074927709204e+03,3.366486692415086e+03,5.882352941176471e-01,1492452
3.367663163003321e+03,3.367069229161871e+03,5.882352941176471e-01,1492453
3.368865260947125e+03,3.367723236917731e+03,5.882352941176471e-01,1492455
3.369453496241243e+03,3.368790931592288e+03,5.882352941176471e-01,1492456
3.370041731535361e+03,3.368886987566960e+03,5.882352941176471e-01,1492457
3.371218202123596e+03,3.370429451952892e+03,5.882352941176471e-01,1492459
3.372778748758899e+03,3.370806884746933e+03,5.882352941176471e-01,1492460
3.373366984053016e+03,3.372676669135374e+03,5.882352941176471e-01,1492463
3.375131689935369e+03,3.373340974331748e+03,5.882352941176471e-01,1492466
3.375131689935369e+03,3.373126468142257e+03,5.882352941176471e-01,1492465
3.375131689935369e+03,3.372785843311259e+03,5.882352941176471e-01,1492464
3.375929166194656e+03,3.350699642091766e+03,1.176470588235294e+00,1492425
3.376517401488773e+03,3.347737721250413e+03,1.764705882352941e+00,1492421
3.377470251678184e+03,3.376882016384067e+03,5.882352941176471e-01,1492467
3.378058486972302e+03,3.377281327204347e+03,5.882352941176471e-01,1492468
3.379407331503477e+03,3.378819096209360e+03,5.882352941176471e-01,1492470
3.381305155022438e+03,3.380716919728320e+03,5.882352941176471e-01,1492471
3.381811519135832e+03,3.360235795666360e+03,1.764705882352941e+00,1492443
3.382399754429950e+03,3.381607242617375e+03,5.882352941176471e-01,1492472
3.383365003327514e+03,3.382776768033396e+03,5.882352941176471e-01,1492473
3.383576225018185e+03,3.377962864244565e+03,1.176470588235294e+00,1492469
3.385158667843780e+03,3.384570432549663e+03,5.882352941176471e-01,1492474
3.386335138432016e+03,3.385053652928344e+03,1.176470588235294e+00,1492475
3.387511609020251e+03,3.386818949274915e+03,5.882352941176471e-01,1492477
3.388153939832396e+03,3.387565704538278e+03,5.882352941176471e-01,1492478
3.388688079608486e+03,3.386287133527798e+03,1.176470588235294e+00,1492476
3.390674836726256e+03,3.389498366138021e+03,1.176470588235294e+00,1492479
3.391447017917102e+03,3.390858782622984e+03,5.882352941176471e-01,1492480
3.392705601796544e+03,3.392117366502426e+03,5.882352941176471e-01,1492481
3.394217127111972e+03,3.393040656523737e+03,1.176470588235294e+00,1492482
3.396230955831053e+03,3.395642720536935e+03,5.882352941176471e-01,1492483
3.396819191125171e+03,3.395914401695962e+03,5.882352941176471e-01,1492484
3.397430828402088e+03,3.396441485448357e+03,5.882352941176471e-01,1492485
3.399174505437013e+03,3.397647267556327e+03,5.882352941176471e-01,1492488
3.399762740731131e+03,3.399153476589586e+03,5.882352941176471e-01,1492490
3.400350976025249e+03,3.399351511368555e+03,5.882352941176471e-01,1492491
3.400961093758075e+03,3.400249195668528e+03,5.882352941176471e-01,1492492
3.401549329052192e+03,3.400394740902665e+03,5.882352941176471e-01,1492494
3.402137564346310e+03,3.401499640887668e+03,5.882352941176471e-01,1492495
3.402725799640427e+03,3.401989372851247e+03,5.882352941176471e-01,1492496
3.403693376799054e+03,3.403105141504936e+03,5.882352941176471e-01,1492497
3.405078740816898e+03,3.396865995090769e+03,1.764705882352941e+00,1492487
3.405666976111016e+03,3.403559549983914e+03,1.176470588235294e+00,1492498
3.407836783969086e+03,3.407248548674968e+03,5.882352941176471e-01,1492499
3.408961008592616e+03,3.408372773298498e+03,5.882352941176471e-01,1492500
3.412457386842510e+03,3.411869151548393e+03,5.882352941176471e-01,1492501
3.414577412542378e+03,3.413989177248260e+03,5.882352941176471e-01,1492502
3.418102261535465e+03,3.416989733678733e+03,5.882352941176471e-01,1492505
3.419278732123700e+03,3.418646585053506e+03,5.882352941176471e-01,1492508
3.421043438006053e+03,3.417617680538134e+03,1.176470588235294e+00,1492507
3.421688416347010e+03,3.421100181052892e+03,5.882352941176471e-01,1492509
3.422219908594288e+03,3.416233901356325e+03,1.764705882352941e+00,1492503
3.422840478992057e+03,3.422252243697939e+03,5.882352941176471e-01,1492510
3.424016949580292e+03,3.422482542269974e+03,5.882352941176471e-01,1492512
3.425193420168527e+03,3.422258389344999e+03,1.764705882352941e+00,1492511
3.425781655462645e+03,3.425156234052145e+03,5.882352941176471e-01,1492513
3.431124103270753e+03,3.430535867976636e+03,5.882352941176471e-01,1492514
3.432922345984185e+03,3.432334110690067e+03,5.882352941176471e-01,1492515
3.437540370083966e+03,3.435775664201613e+03,1.764705882352941e+00,1492516
3.439252330125724e+03,3.438664094831607e+03,5.882352941176471e-01,1492517
3.441419438263729e+03,3.440831202969611e+03,5.882352941176471e-01,1492518
3.442069017139112e+03,3.441480781844995e+03,5.882352941176471e-01,1492519
3.442657252433230e+03,3.441776821841854e+03,5.882352941176471e-01,1492520
3.447276504001709e+03,3.443158856942885e+03,1.764705882352941e+00,1492521
3.448156788794743e+03,3.447568553500625e+03,5.882352941176471e-01,1492524
3.448745024088860e+03,3.447635081638040e+03,5.882352941176471e-01,1492525
3.451700035466852e+03,3.451111800172735e+03,5.882352941176471e-01,1492527
3.452407738540008e+03,3.451819503245890e+03,5.882352941176471e-01,1492528
3.454588001767879e+03,3.453474375115891e+03,5.882352941176471e-01,1492535
3.455888429408104e+03,3.450178754415526e+03,1.764705882352941e+00,1492526
3.458829605878692e+03,3.452072379546225e+03,1.764705882352941e+00,1492529
3.460006076466927e+03,3.456334793847256e+03,1.764705882352941e+00,1492537
3.461032162175216e+03,3.460443926881098e+03,5.882352941176471e-01,1492538
3.461924191309990e+03,3.461335956015873e+03,5.882352941176471e-01,1492539
3.462581304719921e+03,3.461993069425803e+03,5.882352941176471e-01,1492540
3.463169540014038e+03,3.462026980462562e+03,5.882352941176471e-01,1492541
3.464207482514842e+03,3.463619247220724e+03,5.882352941176471e-01,1492542
3.464795717808960e+03,3.463732963194886e+03,5.882352941176471e-01,1492543
3.465383953103077e+03,3.464737809719232e+03,5.882352941176471e-01,1492544
3.467685147325603e+03,3.467096912031485e+03,5.882352941176471e-01,1492545
3.468674033615190e+03,3.467201828081898e+03,5.882352941176471e-01,1492546
3.469262268909307e+03,3.468486449316541e+03,5.882352941176471e-01,1492548
3.470724103309020e+03,3.469832996532262e+03,5.882352941176471e-01,1492551
3.472488809191373e+03,3.468970132508080e+03,1.764705882352941e+00,1492549
3.473833678992586e+03,3.473245443698468e+03,5.882352941176471e-01,1492553
3.475429985661961e+03,3.471187485447979e+03,1.764705882352941e+00,1492552
3.476560126204631e+03,3.475971890910514e+03,5.882352941176471e-01,1492556
3.477789917069627e+03,3.477201681775509e+03,5.882352941176471e-01,1492557
3.478378152363745e+03,3.477735795160963e+03,5.882352941176471e-01,1492558
3.478959397426667e+03,3.473450573781227e+03,1.764705882352941e+00,1492554
3.480579849210233e+03,3.479991613916115e+03,5.882352941176471e-01,1492559
3.481168084504351e+03,3.480120555350083e+03,5.882352941176471e-01,1492560
3.482673415721087e+03,3.481341532208160e+03,5.882352941176471e-01,1492562
3.483261651015205e+03,3.482180835378070e+03,5.882352941176471e-01,1492565
3.485683443312486e+03,3.484353952846935e+03,5.882352941176471e-01,1492569
3.487967533368146e+03,3.481305635230651e+03,1.764705882352941e+00,1492561
3.488555768662264e+03,3.487775137692104e+03,5.882352941176471e-01,1492571
3.489664423445166e+03,3.489076188151049e+03,5.882352941176471e-01,1492572
3.490793357681135e+03,3.489102134338093e+03,5.882352941176471e-01,1492573
3.491381592975253e+03,3.490745821328869e+03,5.882352941176471e-01,1492575
3.492321169056421e+03,3.490995411175135e+03,5.882352941176471e-01,1492576
3.494161708637413e+03,3.493573473343295e+03,5.882352941176471e-01,1492579
3.496443534880214e+03,3.495823751065915e+03,5.882352941176471e-01,1492582
3.497031770174332e+03,3.483918737430133e+03,1.764705882352941e+00,1492567
3.499885141867370e+03,3.499253004184477e+03,5.882352941176471e-01,1492584
3.500630389137698e+03,3.500042153843580e+03,5.882352941176471e-01,1492585
3.501061612455605e+03,3.492084274549355e+03,1.764705882352941e+00,1492578
3.503431151805122e+03,3.501812337892230e+03,5.882352941176471e-01,1492589
3.504591024220311e+03,3.497418745986951e+03,1.764705882352941e+00,1492583
3.505179259514429e+03,3.504499161866671e+03,5.882352941176471e-01,1492590
3.506310806391219e+03,3.504606353044989e+03,5.882352941176471e-01,1492591
3.507955342184370e+03,3.506586603306833e+03,5.882352941176471e-01,1492594
3.509131812772605e+03,3.508284883184074e+03,5.882352941176471e-01,1492597
3.510308283360841e+03,3.509376145475532e+03,5.882352941176471e-01,1492599
3.510896518654958e+03,3.510207099106611e+03,5.882352941176471e-01,1492600
3.515070822175165e+03,3.514221275545468e+03,5.882352941176471e-01,1492602
3.516499646035884e+03,3.515613608523037e+03,5.882352941176471e-01,1492604
3.516835528057518e+03,3.501078210628651e+03,1.764705882352941e+00,1492586
3.518600233939871e+03,3.513788035820383e+03,1.764705882352941e+00,1492601
3.519928879913336e+03,3.518752409325101e+03,1.176470588235294e+00,1492605
3.522948434414357e+03,3.522360199120239e+03,5.882352941176471e-01,1492606
3.525173160888455e+03,3.524584925594337e+03,5.882352941176471e-01,1492609
3.525960214673455e+03,3.524612657649644e+03,5.882352941176471e-01,1492610
3.528579717321628e+03,3.527493754164456e+03,5.882352941176471e-01,1492618
3.529884402612236e+03,3.522613108164696e+03,1.764705882352941e+00,1492607
3.531060873200472e+03,3.530091201652775e+03,5.882352941176471e-01,1492620
3.532553464352076e+03,3.531965229057958e+03,5.882352941176471e-01,1492621
3.534002049671060e+03,3.529807722514822e+03,1.176470588235294e+00,1492619
3.534002049671060e+03,3.527162254726532e+03,1.176470588235294e+00,1492616
3.534707424576241e+03,3.534119189282123e+03,5.882352941176471e-01,1492622
3.535178520259295e+03,3.525471388624779e+03,1.764705882352941e+00,1492613
3.536943226141648e+03,3.536271907473735e+03,5.882352941176471e-01,1492624
3.537531461435766e+03,3.534905087882341e+03,1.764705882352941e+00,1492623
3.540063245405035e+03,3.539475010110917e+03,5.882352941176471e-01,1492627
3.541438775423833e+03,3.540787306046304e+03,5.882352941176471e-01,1492629
3.542027010717950e+03,3.540859939406248e+03,5.882352941176471e-01,1492630
3.543203481306185e+03,3.537909363659127e+03,1.764705882352941e+00,1492625
3.546144657776774e+03,3.541995051146562e+03,1.176470588235294e+00,1492631
3.546805757133110e+03,3.546217521838993e+03,5.882352941176471e-01,1492634
3.547321128365009e+03,3.538550999968272e+03,1.764705882352941e+00,1492626
3.548497598953244e+03,3.544302588438238e+03,1.176470588235294e+00,1492633
3.549085834247362e+03,3.543340800103681e+03,1.764705882352941e+00,1492632
3.549674069541480e+03,3.548774312880136e+03,5.882352941176471e-01,1492635
3.552833780646000e+03,3.550809125129463e+03,5.882352941176471e-01,1492637
3.553422015940117e+03,3.552695860212103e+03,5.882352941176471e-01,1492640
3.554010251234235e+03,3.553348059553499e+03,5.882352941176471e-01,1492641
3.556363192410706e+03,3.550756680337323e+03,1.764705882352941e+00,1492636
3.558127898293059e+03,3.554192409192964e+03,1.764705882352941e+00,1492642
3.559151636480623e+03,3.558563401186506e+03,5.882352941176471e-01,1492644
3.560020409130451e+03,3.559432173836333e+03,5.882352941176471e-01,1492645
3.561785115012804e+03,3.559826314085764e+03,1.764705882352941e+00,1492646
3.563335864268307e+03,3.562747628974189e+03,5.882352941176471e-01,1492647
3.564622915751112e+03,3.563447501750641e+03,5.882352941176471e-01,1492649
3.565522261277482e+03,3.564145261351565e+03,5.882352941176471e-01,1492651
3.566110496571599e+03,3.565245136215616e+03,5.882352941176471e-01,1492653
3.566698731865717e+03,3.565619196381248e+03,5.882352941176471e-01,1492654
3.567875202453952e+03,3.567034293160523e+03,5.882352941176471e-01,1492656
3.568463437748070e+03,3.567344632741368e+03,5.882352941176471e-01,1492657
3.570767478804980e+03,3.569543011122043e+03,5.882352941176471e-01,1492661
3.570767478804980e+03,3.569542108097185e+03,5.882352941176471e-01,1492660
3.572890892076842e+03,3.572187892830420e+03,5.882352941176471e-01,1492662
3.573479127370960e+03,3.572707860204635e+03,5.882352941176471e-01,1492663
3.574655597959195e+03,3.573637819717583e+03,5.882352941176471e-01,1492665
3.575812072129864e+03,3.574350273910137e+03,5.882352941176471e-01,1492666
3.576400307423982e+03,3.575792075712298e+03,5.882352941176471e-01,1492668
3.577313877475031e+03,3.575917120148727e+03,5.882352941176471e-01,1492669
3.578490348063267e+03,3.577874626160862e+03,5.882352941176471e-01,1492672
3.580255053945620e+03,3.578510629697449e+03,5.882352941176471e-01,1492674
3.581014994158765e+03,3.580426758864648e+03,5.882352941176471e-01,1492676
3.581431524533855e+03,3.563064139067718e+03,1.764705882352941e+00,1492648
3.583885534484873e+03,3.582229452278964e+03,5.882352941176471e-01,1492679
3.585244348388329e+03,3.583471239824996e+03,5.882352941176471e-01,1492683
3.585832583682447e+03,3.585041402398881e+03,5.882352941176471e-01,1492686
3.587009054270682e+03,3.585739933666963e+03,5.882352941176471e-01,1492688
3.587009054270682e+03,3.585712113669926e+03,5.882352941176471e-01,1492687
3.588115082437091e+03,3.587526847142974e+03,5.882352941176471e-01,1492689
3.588827093620042e+03,3.588238858325925e+03,5.882352941176471e-01,1492690
3.591086922710984e+03,3.573439085275971e+03,1.176470588235294e+00,1492664
3.591675158005102e+03,3.590971789774310e+03,5.882352941176471e-01,1492692
3.593393651822454e+03,3.592759204463336e+03,5.882352941176471e-01,1492693
3.593981887116572e+03,3.582187241993916e+03,1.764705882352941e+00,1492678
3.596112832500191e+03,3.595524597206074e+03,5.882352941176471e-01,1492694
3.597291071987528e+03,3.596702836693410e+03,5.882352941176471e-01,1492696
3.597879307281645e+03,3.597117853884827e+03,5.882352941176471e-01,1492697
3.598467542575763e+03,3.597538226636181e+03,5.882352941176471e-01,1492698
3.599076055103853e+03,3.598487819809735e+03,5.882352941176471e-01,1492699
3.600966331859133e+03,3.600378096565015e+03,5.882352941176471e-01,1492701
3.601406950147250e+03,3.595628175474089e+03,1.764705882352941e+00,1492695
3.602583420735485e+03,3.598495824622939e+03,1.764705882352941e+00,1492700
3.604635995675740e+03,3.604047760381623e+03,5.882352941176471e-01,1492702
3.606586955619266e+03,3.605998720325149e+03,5.882352941176471e-01,1492703
3.607763426207502e+03,3.607029081159905e+03,5.882352941176471e-01,1492705
3.609230914850541e+03,3.608345462317111e+03,5.882352941176471e-01,1492708
3.609819150144659e+03,3.609012974801789e+03,5.882352941176471e-01,1492709
3.612172091321130e+03,3.606287828368670e+03,1.764705882352941e+00,1492704
3.614525032497600e+03,3.611004503005644e+03,1.764705882352941e+00,1492710
3.616289738379953e+03,3.612597318848620e+03,1.764705882352941e+00,1492711
3.619373849510537e+03,3.618319436240162e+03,5.882352941176471e-01,1492717
3.620995620732894e+03,3.616191014963265e+03,1.764705882352941e+00,1492713
3.622172091321130e+03,3.618197378922301e+03,1.176470588235294e+00,1492716
3.622172091321130e+03,3.617584339322449e+03,1.176470588235294e+00,1492715
3.624018673614980e+03,3.622253967732627e+03,1.764705882352941e+00,1492718
3.625636490457763e+03,3.625048255163646e+03,5.882352941176471e-01,1492719
3.628165089834918e+03,3.627092228583385e+03,5.882352941176471e-01,1492723
3.629324931673217e+03,3.628736696379100e+03,5.882352941176471e-01,1492724
3.629825447809235e+03,3.625707800750411e+03,1.764705882352941e+00,1492720
3.631590153691588e+03,3.626400383952565e+03,1.764705882352941e+00,1492721
3.633493580143801e+03,3.632905344849683e+03,5.882352941176471e-01,1492725
3.636242298905970e+03,3.635109930160024e+03,5.882352941176471e-01,1492729
3.637611227202624e+03,3.633028061183159e+03,1.176470588235294e+00,1492726
3.638199462496742e+03,3.633129286878926e+03,1.764705882352941e+00,1492727
3.640529009225050e+03,3.639749676924773e+03,5.882352941176471e-01,1492733
3.641117244519167e+03,3.640163907045323e+03,5.882352941176471e-01,1492734
3.643807986131652e+03,3.635065828317735e+03,1.176470588235294e+00,1492728
3.644396221425769e+03,3.643714040409373e+03,5.882352941176471e-01,1492739
3.645292242146710e+03,3.644704006852592e+03,5.882352941176471e-01,1492740
3.646220463010919e+03,3.645632227716801e+03,5.882352941176471e-01,1492741
3.647060511670922e+03,3.646472276376804e+03,5.882352941176471e-01,1492742
3.648399839023799e+03,3.647811603729682e+03,5.882352941176471e-01,1492743
3.650243062013183e+03,3.649224144347264e+03,5.882352941176471e-01,1492745
3.650856536144669e+03,3.649659683286635e+03,5.882352941176471e-01,1492746
3.652033006732905e+03,3.650280920269236e+03,5.882352941176471e-01,1492749
3.652621242027022e+03,3.638633676306398e+03,1.764705882352941e+00,1492731
3.654385947909375e+03,3.649054753973693e+03,1.764705882352941e+00,1492744
3.658413885696852e+03,3.657825650402734e+03,5.882352941176471e-01,1492752
3.659239147307733e+03,3.658650912013616e+03,5.882352941176471e-01,1492753
3.659988170979516e+03,3.659287626279884e+03,5.882352941176471e-01,1492754
3.660576406273634e+03,3.657046994508928e+03,1.764705882352941e+00,1492751
3.661372496497198e+03,3.660341793747734e+03,5.882352941176471e-01,1492755
3.661960731791315e+03,3.660992116132526e+03,5.882352941176471e-01,1492757
3.662548967085433e+03,3.661482884146762e+03,5.882352941176471e-01,1492758
3.663137202379551e+03,3.662145031877349e+03,5.882352941176471e-01,1492759
3.664313672967786e+03,3.662595988505391e+03,5.882352941176471e-01,1492761
3.665490143556021e+03,3.662565739668967e+03,1.764705882352941e+00,1492760
3.668035808626999e+03,3.667447573332882e+03,5.882352941176471e-01,1492762
3.669727845803213e+03,3.668561841502201e+03,5.882352941176471e-01,1492764
3.670904316391448e+03,3.669839927981827e+03,5.882352941176471e-01,1492766
3.672080786979683e+03,3.670563199215904e+03,5.882352941176471e-01,1492767
3.673845492862036e+03,3.669247354013902e+03,1.176470588235294e+00,1492765
3.673845492862036e+03,3.668551375214978e+03,1.176470588235294e+00,1492763
3.674433728156154e+03,3.670789049700277e+03,1.764705882352941e+00,1492768
3.675296665148125e+03,3.674708429854008e+03,5.882352941176471e-01,1492769
3.677061371030478e+03,3.675282276545260e+03,5.882352941176471e-01,1492772
3.678567606004477e+03,3.677979370710359e+03,5.882352941176471e-01,1492773
3.678826076912831e+03,3.675237579857321e+03,1.176470588235294e+00,1492771
3.678826076912831e+03,3.675227224649408e+03,1.176470588235294e+00,1492770
3.680715615712582e+03,3.680127380418464e+03,5.882352941176471e-01,1492776
3.682469090500023e+03,3.679471001758580e+03,1.176470588235294e+00,1492775
3.683057325794141e+03,3.678939678735317e+03,1.764705882352941e+00,1492774
3.684233796382376e+03,3.680502327181367e+03,1.764705882352941e+00,1492777
3.685001555341239e+03,3.684413320047121e+03,5.882352941176471e-01,1492778
3.685979933155316e+03,3.685391697861199e+03,5.882352941176471e-01,1492779
3.687159543956679e+03,3.686571308662562e+03,5.882352941176471e-01,1492780
3.687747779250797e+03,3.686793732781655e+03,5.882352941176471e-01,1492781
3.688360658228590e+03,3.687226300640180e+03,5.882352941176471e-01,1492782
3.690033172309029e+03,3.688741095182576e+03,5.882352941176471e-01,1492785
3.690621407603147e+03,3.689940980507115e+03,5.882352941176471e-01,1492787
3.691209642897265e+03,3.687797066618149e+03,1.176470588235294e+00,1492784
3.696245206908217e+03,3.695329911870605e+03,5.882352941176471e-01,1492789
3.696833442202334e+03,3.695993989244154e+03,5.882352941176471e-01,1492790
3.697421677496452e+03,3.696355395191719e+03,5.882352941176471e-01,1492791
3.698487853978902e+03,3.697156389401753e+03,5.882352941176471e-01,1492792
3.699076089273020e+03,3.698138589278951e+03,5.882352941176471e-01,1492795
3.699664324567137e+03,3.698784287393813e+03,5.882352941176471e-01,1492796
3.700840795155373e+03,3.695068736319982e+03,1.764705882352941e+00,1492788
3.703134449445810e+03,3.702136178178428e+03,5.882352941176471e-01,1492798
3.703978358194307e+03,3.703390122900189e+03,5.882352941176471e-01,1492799
3.705156908814695e+03,3.704413523518444e+03,5.882352941176471e-01,1492801
3.706075625916399e+03,3.701957978857575e+03,1.764705882352941e+00,1492797
3.706663861210516e+03,3.703980438226460e+03,1.176470588235294e+00,1492800
3.710015978946375e+03,3.709427743652257e+03,5.882352941176471e-01,1492802
3.710758454856886e+03,3.709442149475232e+03,5.882352941176471e-01,1492803
3.711346690151003e+03,3.710324460179162e+03,5.882352941176471e-01,1492805
3.711934925445121e+03,3.711004900554358e+03,5.882352941176471e-01,1492806
3.714186987179971e+03,3.712422281297618e+03,1.764705882352941e+00,1492807
3.714775222474089e+03,3.714140189861596e+03,5.882352941176471e-01,1492808
3.718275851034739e+03,3.716871817354004e+03,5.882352941176471e-01,1492810
3.720628792211209e+03,3.716631693189134e+03,1.764705882352941e+00,1492809
3.721217027505327e+03,3.720507312534865e+03,5.882352941176471e-01,1492814
3.724069438569071e+03,3.723481203274953e+03,5.882352941176471e-01,1492815
3.725701873041760e+03,3.724525402453525e+03,1.176470588235294e+00,1492816
3.726527769468147e+03,3.725939534174029e+03,5.882352941176471e-01,1492817
3.727139657064379e+03,3.726551421770261e+03,5.882352941176471e-01,1492818
3.727727892358496e+03,3.726639129884692e+03,5.882352941176471e-01,1492819
3.729216412690729e+03,3.728628177396611e+03,5.882352941176471e-01,1492820
3.732721881825975e+03,3.730957175943622e+03,1.764705882352941e+00,1492821
3.734470280164515e+03,3.733882044870397e+03,5.882352941176471e-01,1492822
3.735065251234978e+03,3.734477015940860e+03,5.882352941176471e-01,1492823
3.735701861338799e+03,3.735113626044681e+03,5.882352941176471e-01,1492824
3.736290096632917e+03,3.735433664522184e+03,5.882352941176471e-01,1492825
3.736878331927034e+03,3.736040674527466e+03,5.882352941176471e-01,1492826
3.738643037809387e+03,3.737540761152493e+03,5.882352941176471e-01,1492829
3.739753075075918e+03,3.739164839781800e+03,5.882352941176471e-01,1492830
3.740407743691740e+03,3.736543088479502e+03,1.176470588235294e+00,1492827
3.740995978985858e+03,3.737334502836152e+03,1.764705882352941e+00,1492828
3.741726782751648e+03,3.741138547457530e+03,5.882352941176471e-01,1492831
3.742382635609223e+03,3.741375091623405e+03,5.882352941176471e-01,1492832
3.744147341491576e+03,3.741862017878563e+03,1.764705882352941e+00,1492834
3.745921079442273e+03,3.745130047785792e+03,5.882352941176471e-01,1492836
3.746509314736391e+03,3.744744608854038e+03,1.176470588235294e+00,1492835
3.749000504923113e+03,3.748412269628996e+03,5.882352941176471e-01,1492837
3.751340107812982e+03,3.750751872518865e+03,5.882352941176471e-01,1492838
3.752757961370513e+03,3.752169726076395e+03,5.882352941176471e-01,1492840
3.753346196664630e+03,3.752525209037969e+03,5.882352941176471e-01,1492841
3.754421253351850e+03,3.753833018057732e+03,5.882352941176471e-01,1492842
3.754869519577688e+03,3.750843180833315e+03,1.764705882352941e+00,1492839
3.759853717346431e+03,3.756324305581725e+03,1.176470588235294e+00,1492843
3.760441952640549e+03,3.756863885927789e+03,1.764705882352941e+00,1492844
3.761030187934667e+03,3.760355246343456e+03,5.882352941176471e-01,1492847
3.762794893817019e+03,3.757766228381238e+03,1.764705882352941e+00,1492845
3.765182276048437e+03,3.763946967120087e+03,5.882352941176471e-01,1492850
3.765182276048437e+03,3.763473613663906e+03,5.882352941176471e-01,1492849
3.766358746636672e+03,3.763417570166084e+03,1.764705882352941e+00,1492848
3.767748438677852e+03,3.767160203383735e+03,5.882352941176471e-01,1492851
3.772236747580089e+03,3.771648512285972e+03,5.882352941176471e-01,1492853
3.773401916314934e+03,3.771048975138463e+03,1.764705882352941e+00,1492852
3.773990151609052e+03,3.773308136238895e+03,5.882352941176471e-01,1492854
3.776825241146498e+03,3.775891202828619e+03,5.882352941176471e-01,1492859
3.778741307655586e+03,3.777266398902048e+03,5.882352941176471e-01,1492861
3.781130095099821e+03,3.774694626447886e+03,1.176470588235294e+00,1492856
3.781718330393939e+03,3.774575670723432e+03,1.764705882352941e+00,1492855
3.783190355411216e+03,3.782602120117098e+03,5.882352941176471e-01,1492866
3.784609685861421e+03,3.783996540065750e+03,5.882352941176471e-01,1492867
3.785197921155538e+03,3.784273043911683e+03,5.882352941176471e-01,1492868
3.785786156449656e+03,3.777225387690741e+03,1.764705882352941e+00,1492860
3.790003336016982e+03,3.789241353666383e+03,5.882352941176471e-01,1492871
3.791302110569350e+03,3.790713875275232e+03,5.882352941176471e-01,1492872
3.791890345863467e+03,3.790960408981112e+03,5.882352941176471e-01,1492873
3.792478581157585e+03,3.791524533487889e+03,5.882352941176471e-01,1492874
3.792809690795425e+03,3.788103808442483e+03,1.764705882352941e+00,1492869
3.793397926089542e+03,3.792710797237840e+03,5.882352941176471e-01,1492875
3.794574396677777e+03,3.788826865428746e+03,1.764705882352941e+00,1492870
3.795305909935441e+03,3.794717674641323e+03,5.882352941176471e-01,1492876
3.796814453074038e+03,3.796226217779921e+03,5.882352941176471e-01,1492877
3.801418435068547e+03,3.799653729186194e+03,1.764705882352941e+00,1492878
3.802595544134013e+03,3.802007308839896e+03,5.882352941176471e-01,1492879
3.804553419931534e+03,3.803965184637417e+03,5.882352941176471e-01,1492880
3.807950513316576e+03,3.806774042728340e+03,1.176470588235294e+00,1492881
3.809126983904811e+03,3.807854144631397e+03,1.176470588235294e+00,1492882
3.811640375438518e+03,3.811052140144400e+03,5.882352941176471e-01,1492883
3.812228610732635e+03,3.811543512544912e+03,5.882352941176471e-01,1492884
3.813691502032784e+03,3.813103266738666e+03,5.882352941176471e-01,1492885
3.815805651776277e+03,3.814040945893924e+03,1.764705882352941e+00,1492886
3.816792640515617e+03,3.816204405221499e+03,5.882352941176471e-01,1492887
3.817969111103852e+03,3.817140628567885e+03,5.882352941176471e-01,1492889
3.818557346397970e+03,3.817883917189550e+03,5.882352941176471e-01,1492890
3.819145581692087e+03,3.818238858214812e+03,5.882352941176471e-01,1492891
3.821241218662906e+03,3.820652983368789e+03,5.882352941176471e-01,1492893
3.821829453957024e+03,3.821211070122342e+03,5.882352941176471e-01,1492894
3.822718793125763e+03,3.821246530631033e+03,5.882352941176471e-01,1492895
3.823307028419881e+03,3.822230925789853e+03,5.882352941176471e-01,1492899
3.823564332625533e+03,3.818725774865006e+03,1.176470588235294e+00,1492892
3.823564332625533e+03,3.816213936465731e+03,1.176470588235294e+00,1492888
3.825264199960061e+03,3.824675964665943e+03,5.882352941176471e-01,1492900
3.825922584777328e+03,3.824987665636213e+03,5.882352941176471e-01,1492901
3.827687290659681e+03,3.825827406892668e+03,5.882352941176471e-01,1492905
3.827687290659681e+03,3.825404499006359e+03,5.882352941176471e-01,1492903
3.828350048154704e+03,3.827761812860586e+03,5.882352941176471e-01,1492906
3.829139869524152e+03,3.828551634230035e+03,5.882352941176471e-01,1492907
3.829735200493174e+03,3.829146965199057e+03,5.882352941176471e-01,1492908
3.831581218340983e+03,3.830852690667813e+03,5.882352941176471e-01,1492912
3.832474484978078e+03,3.825816461726705e+03,1.764705882352941e+00,1492904
3.833655951217932e+03,3.833067715923814e+03,5.882352941176471e-01,1492913
3.834244186512050e+03,3.833567996276637e+03,5.882352941176471e-01,1492914
3.834745603031533e+03,3.829228021915776e+03,1.176470588235294e+00,1492909
3.835922073619768e+03,3.835159963705026e+03,5.882352941176471e-01,1492916
3.836510308913886e+03,3.834663779908518e+03,1.176470588235294e+00,1492915
3.838327676122857e+03,3.837258893403683e+03,5.882352941176471e-01,1492918
3.839328712530782e+03,3.838740477236665e+03,5.882352941176471e-01,1492919
3.839916947824900e+03,3.838985663055366e+03,5.882352941176471e-01,1492920
3.840092382005210e+03,3.837151205534622e+03,1.176470588235294e+00,1492917
3.840940286031829e+03,3.840352050737711e+03,5.882352941176471e-01,1492921
3.843026475377064e+03,3.842438240082946e+03,5.882352941176471e-01,1492923
3.843797688428650e+03,3.843209453134532e+03,5.882352941176471e-01,1492924
3.844490882696673e+03,3.843902647402555e+03,5.882352941176471e-01,1492925
3.845206801143734e+03,3.844602452620146e+03,5.882352941176471e-01,1492926
3.845795036437852e+03,3.844679202251725e+03,5.882352941176471e-01,1492927
3.846383271731970e+03,3.841677389379028e+03,1.764705882352941e+00,1492922
3.846971507026087e+03,3.846234495156239e+03,5.882352941176471e-01,1492928
3.847559742320205e+03,3.846659334646648e+03,5.882352941176471e-01,1492929
3.848869536527993e+03,3.848281301233875e+03,5.882352941176471e-01,1492930
3.849889973789498e+03,3.849301738495380e+03,5.882352941176471e-01,1492931
3.850478209083615e+03,3.849785393395366e+03,5.882352941176471e-01,1492932
3.852115337630646e+03,3.851527102336528e+03,5.882352941176471e-01,1492933
3.852771583598083e+03,3.851791121421394e+03,5.882352941176471e-01,1492934
3.853948054186318e+03,3.852256944672961e+03,5.882352941176471e-01,1492937
3.853948054186318e+03,3.852251358977284e+03,5.882352941176471e-01,1492936
3.855084962711219e+03,3.854496727417102e+03,5.882352941176471e-01,1492938
3.860278078838380e+03,3.856748667073674e+03,1.764705882352941e+00,1492939
3.861454549426615e+03,3.859124572602034e+03,1.176470588235294e+00,1492941
3.862042784720733e+03,3.860618636047242e+03,1.176470588235294e+00,1492942
3.864576332736182e+03,3.863988097442064e+03,5.882352941176471e-01,1492943
3.866552890514220e+03,3.865730818042518e+03,5.882352941176471e-01,1492945
3.867141125808337e+03,3.866482657309648e+03,5.882352941176471e-01,1492946
3.867794273952575e+03,3.867206038658457e+03,5.882352941176471e-01,1492947
3.869503278258633e+03,3.867405624544142e+03,5.882352941176471e-01,1492948
3.871203071290866e+03,3.865376419925984e+03,1.764705882352941e+00,1492944
3.872032582404708e+03,3.871444347110590e+03,5.882352941176471e-01,1492952
3.873556012467336e+03,3.869475427470485e+03,1.764705882352941e+00,1492951
3.874811819938621e+03,3.874223584644503e+03,5.882352941176471e-01,1492954
3.875320718349689e+03,3.872264904047319e+03,1.764705882352941e+00,1492953
3.876497188937924e+03,3.875634542593768e+03,5.882352941176471e-01,1492956
3.877085424232042e+03,3.876153329457442e+03,5.882352941176471e-01,1492957
3.877673659526160e+03,3.875298657051207e+03,1.176470588235294e+00,1492955
3.879066649217169e+03,3.878478413923052e+03,5.882352941176471e-01,1492958
3.879654884511287e+03,3.879011252835949e+03,5.882352941176471e-01,1492959
3.880243119805405e+03,3.879490342197911e+03,5.882352941176471e-01,1492960
3.882605871795786e+03,3.882017636501668e+03,5.882352941176471e-01,1492961
3.883194107089903e+03,3.882451178773648e+03,5.882352941176471e-01,1492962
3.884047006177071e+03,3.883458770882953e+03,5.882352941176471e-01,1492963
3.886474239660174e+03,3.885886004366056e+03,5.882352941176471e-01,1492964
3.887613732233607e+03,3.887025496939490e+03,5.882352941176471e-01,1492965
3.888799539567064e+03,3.888211304272946e+03,5.882352941176471e-01,1492966
3.896034849772873e+03,3.894688498144265e+03,5.882352941176471e-01,1492970
3.896655319585210e+03,3.896067084291092e+03,5.882352941176471e-01,1492971
3.897243554879328e+03,3.896415476950653e+03,5.882352941176471e-01,1492972
3.899391366987938e+03,3.898803131693820e+03,5.882352941176471e-01,1492974
3.899979602282055e+03,3.899201302667234e+03,5.882352941176471e-01,1492975
3.901328967419932e+03,3.893681908596402e+03,1.764705882352941e+00,1492967
3.902106585290811e+03,3.901518349996693e+03,5.882352941176471e-01,1492976
3.902694820584928e+03,3.901849115376931e+03,5.882352941176471e-01,1492977
3.903681908596402e+03,3.896817401698583e+03,1.764705882352941e+00,1492973
3.907165920534984e+03,3.906577685240866e+03,5.882352941176471e-01,1492978
3.908835479660724e+03,3.908247244366607e+03,5.882352941176471e-01,1492979
3.910011950248960e+03,3.908616621538009e+03,1.176470588235294e+00,1492980
3.912092453655325e+03,3.911504218361207e+03,5.882352941176471e-01,1492982
3.912932224001805e+03,3.910579282825334e+03,1.764705882352941e+00,1492981
3.915801732177744e+03,3.914037026295391e+03,1.764705882352941e+00,1492983
3.916510875335774e+03,3.915922640041656e+03,5.882352941176471e-01,1492984
3.917822125529518e+03,3.917233890235401e+03,5.882352941176471e-01,1492985
3.920483271892018e+03,3.918718566009665e+03,1.764705882352941e+00,1492986
3.922396256251762e+03,3.921808020957644e+03,5.882352941176471e-01,1492987
3.922984491545880e+03,3.921834890727262e+03,5.882352941176471e-01,1492988
3.924016101621637e+03,3.923427866327520e+03,5.882352941176471e-01,1492989
3.925127116878376e+03,3.924538881584258e+03,5.882352941176471e-01,1492990
3.925729311616840e+03,3.925141076322723e+03,5.882352941176471e-01,1492991
3.928682726438390e+03,3.928094491144272e+03,5.882352941176471e-01,1492992
3.929859197026625e+03,3.928655243907544e+03,1.176470588235294e+00,1492993
3.931356010709330e+03,3.930767775415212e+03,5.882352941176471e-01,1492995
3.932522081877523e+03,3.930169140701052e+03,1.764705882352941e+00,1492994
3.934234791754757e+03,3.933646556460640e+03,5.882352941176471e-01,1492997
3.935090819414380e+03,3.934383527277384e+03,5.882352941176471e-01,1492998
3.935679054708498e+03,3.935055608708498e+03,5.882352941176471e-01,1492999
3.936267290002615e+03,3.932737878237909e+03,1.764705882352941e+00,1492996
3.942016509947210e+03,3.940840039358974e+03,1.176470588235294e+00,1493000
3.943442504288888e+03,3.942749822218237e+03,5.882352941176471e-01,1493002
3.945221349981147e+03,3.944494124094192e+03,5.882352941176471e-01,1493004
3.945795445465358e+03,3.942266033700652e+03,1.764705882352941e+00,1493001
3.946651449402110e+03,3.946063214107992e+03,5.882352941176471e-01,1493005
3.947239684696228e+03,3.946306095207677e+03,5.882352941176471e-01,1493006
3.948736621935946e+03,3.947833555831678e+03,5.882352941176471e-01,1493008
3.949324857230064e+03,3.944044879392912e+03,1.764705882352941e+00,1493003
3.950501327818299e+03,3.947508672879372e+03,1.764705882352941e+00,1493007
3.952266033700652e+03,3.950261717764819e+03,1.764705882352941e+00,1493009
3.956035492676458e+03,3.954822445107335e+03,5.882352941176471e-01,1493012
3.957800198558811e+03,3.954597419894306e+03,1.176470588235294e+00,1493011
3.958388433852929e+03,3.954270786794105e+03,1.764705882352941e+00,1493010
3.961329610323517e+03,3.956488154197276e+03,1.764705882352941e+00,1493013
3.962506080911753e+03,3.959747164122193e+03,1.764705882352941e+00,1493015
3.964529931634422e+03,3.963941696340305e+03,5.882352941176471e-01,1493016
3.965118166928540e+03,3.964284803042509e+03,5.882352941176471e-01,1493017
3.965706402222658e+03,3.964989257830527e+03,5.882352941176471e-01,1493018
3.966720031825649e+03,3.966131796531531e+03,5.882352941176471e-01,1493019
3.967896502413884e+03,3.966848180480766e+03,5.882352941176471e-01,1493021
3.968484737708002e+03,3.967319190011358e+03,5.882352941176471e-01,1493022
3.971154044465122e+03,3.970353690948693e+03,5.882352941176471e-01,1493026
3.971857229295308e+03,3.971268994001190e+03,5.882352941176471e-01,1493027
3.972445464589426e+03,3.971749456382292e+03,5.882352941176471e-01,1493028
3.973125110413216e+03,3.971977101582868e+03,5.882352941176471e-01,1493029
3.974597089058040e+03,3.972628285648771e+03,5.882352941176471e-01,1493031
3.975185324352157e+03,3.974450725439275e+03,5.882352941176471e-01,1493034
3.975930479823674e+03,3.966252224803099e+03,1.176470588235294e+00,1493020
3.976518715117792e+03,3.968412380639525e+03,1.764705882352941e+00,1493023
3.977978433906365e+03,3.977390198612248e+03,5.882352941176471e-01,1493036
3.980048126882498e+03,3.969389338582769e+03,1.764705882352941e+00,1493024
3.980850408036272e+03,3.980262172742154e+03,5.882352941176471e-01,1493038
3.981812832764851e+03,3.976577521832921e+03,1.176470588235294e+00,1493035
3.982401068058968e+03,3.978229374682451e+03,1.764705882352941e+00,1493037
3.985369355169452e+03,3.984781119875334e+03,5.882352941176471e-01,1493039
3.985957590463569e+03,3.984870601758979e+03,5.882352941176471e-01,1493040
3.986545825757687e+03,3.985905823909967e+03,5.882352941176471e-01,1493041
3.989099745152211e+03,3.987335039269858e+03,1.764705882352941e+00,1493042
3.990276215740446e+03,3.989428274520995e+03,5.882352941176471e-01,1493044
3.993805627505152e+03,3.988984881562583e+03,1.176470588235294e+00,1493043
3.994601239592640e+03,3.994013004298522e+03,5.882352941176471e-01,1493048
3.995570333387505e+03,3.989883977204006e+03,1.764705882352941e+00,1493045
3.997335039269858e+03,3.992419112431129e+03,1.764705882352941e+00,1493047
3.999202245581764e+03,3.998488458026897e+03,5.882352941176471e-01,1493051
4.002143422052352e+03,3.998025774993528e+03,1.764705882352941e+00,1493050
4.003319892640587e+03,4.000442467661032e+03,1.764705882352941e+00,1493053
4.004496363228823e+03,4.003323311538585e+03,5.882352941176471e-01,1493055
4.005672833817058e+03,4.003255931115239e+03,1.764705882352941e+00,1493054
4.008122607767840e+03,4.007174190347826e+03,5.882352941176471e-01,1493059
4.008710843061958e+03,4.007701948610887e+03,5.882352941176471e-01,1493061
4.009299078356076e+03,4.008445787699533e+03,5.882352941176471e-01,1493062
4.012828490120781e+03,4.005794696442938e+03,1.764705882352941e+00,1493056
4.013528515457864e+03,4.012940280163747e+03,5.882352941176471e-01,1493066
4.014116750751982e+03,4.013215829733037e+03,5.882352941176471e-01,1493067
4.015335815183616e+03,4.014747579889499e+03,5.882352941176471e-01,1493068
4.015924050477734e+03,4.014856414377316e+03,5.882352941176471e-01,1493069
4.018603344234226e+03,4.017713275347714e+03,5.882352941176471e-01,1493073
4.021421720366639e+03,4.020729479463341e+03,5.882352941176471e-01,1493079
4.022598190954874e+03,4.021818107816148e+03,5.882352941176471e-01,1493081
4.023607430502346e+03,4.022046969317328e+03,5.882352941176471e-01,1493082
4.024195665796464e+03,4.023440199461582e+03,5.882352941176471e-01,1493084
4.025177801620037e+03,4.009439569748819e+03,1.764705882352941e+00,1493063
4.029702854879234e+03,4.029078453766368e+03,5.882352941176471e-01,1493086
4.030291090173352e+03,4.016552236650150e+03,1.764705882352941e+00,1493070
4.031467560761587e+03,4.026388645948388e+03,1.764705882352941e+00,1493085
4.036271553495878e+03,4.035683318201761e+03,5.882352941176471e-01,1493091
4.036970201911252e+03,4.036381966617134e+03,5.882352941176471e-01,1493092
4.038481653112053e+03,4.033118461919007e+03,1.764705882352941e+00,1493087
4.041276541203204e+03,4.040688305909086e+03,5.882352941176471e-01,1493093
4.041864776497322e+03,4.041006737378012e+03,5.882352941176471e-01,1493094
4.043266692711021e+03,4.042112689707043e+03,5.882352941176471e-01,1493096
4.043854928005138e+03,4.042733723975272e+03,5.882352941176471e-01,1493098
4.044443163299256e+03,4.042034955564416e+03,1.176470588235294e+00,1493095
4.045569258953643e+03,4.044981023659525e+03,5.882352941176471e-01,1493099
4.046157494247761e+03,4.045242656263761e+03,5.882352941176471e-01,1493100
4.046804824878520e+03,4.046216589584402e+03,5.882352941176471e-01,1493101
4.050034598464022e+03,4.049060650851228e+03,5.882352941176471e-01,1493104
4.052378116784592e+03,4.050195067226096e+03,5.882352941176471e-01,1493107
4.053463465959764e+03,4.052333288166123e+03,5.882352941176471e-01,1493110
4.058169348312705e+03,4.053372344546701e+03,1.176470588235294e+00,1493112
4.058169348312705e+03,4.048475164559064e+03,1.176470588235294e+00,1493103
4.058757583606823e+03,4.048269892581669e+03,1.764705882352941e+00,1493102
4.060462069861725e+03,4.059873834567607e+03,5.882352941176471e-01,1493116
4.061661566763192e+03,4.061054734811965e+03,5.882352941176471e-01,1493117
4.062249802057310e+03,4.055302219504354e+03,1.764705882352941e+00,1493113
4.067983275362644e+03,4.067395040068527e+03,5.882352941176471e-01,1493118
4.068571510656762e+03,4.067597315596172e+03,5.882352941176471e-01,1493119
4.069936341698207e+03,4.069348106404089e+03,5.882352941176471e-01,1493121
4.070924451833232e+03,4.068223358875093e+03,1.764705882352941e+00,1493120
4.075595211343737e+03,4.075006976049620e+03,5.882352941176471e-01,1493122
4.078655882942634e+03,4.077827395891663e+03,5.882352941176471e-01,1493124
4.079832353530869e+03,4.078904691092230e+03,5.882352941176471e-01,1493126
4.082138965456496e+03,4.081504400911535e+03,5.882352941176471e-01,1493128
4.082727200750614e+03,4.077479412354399e+03,1.764705882352941e+00,1493123
4.083903671338849e+03,4.080651247564521e+03,1.764705882352941e+00,1493127
4.085886635017071e+03,4.084121929134718e+03,1.764705882352941e+00,1493129
4.091246281862916e+03,4.089481575980563e+03,1.764705882352941e+00,1493130
4.093184376457094e+03,4.092596141162976e+03,5.882352941176471e-01,1493132
4.093599223039387e+03,4.091087885013744e+03,1.764705882352941e+00,1493131
4.094782650155211e+03,4.094194414861093e+03,5.882352941176471e-01,1493133
4.096371766854627e+03,4.095783531560509e+03,5.882352941176471e-01,1493134
4.097096423767406e+03,4.096508188473288e+03,5.882352941176471e-01,1493135
4.100252626837415e+03,4.099664391543298e+03,5.882352941176471e-01,1493137
4.101429097425651e+03,4.100267916273040e+03,5.882352941176471e-01,1493139
4.102017332719768e+03,4.101044818128753e+03,5.882352941176471e-01,1493140
4.102330008773521e+03,4.098800597008816e+03,1.176470588235294e+00,1493136
4.103506479361757e+03,4.099842369715705e+03,1.764705882352941e+00,1493138
4.104094714655874e+03,4.103256488638818e+03,5.882352941176471e-01,1493141
4.105453760508112e+03,4.104865525213995e+03,5.882352941176471e-01,1493142
4.107454023880547e+03,4.106865788586430e+03,5.882352941176471e-01,1493143
4.108630494468783e+03,4.107116125888538e+03,5.882352941176471e-01,1493145
4.109806965057018e+03,4.107028193213196e+03,1.764705882352941e+00,1493144
4.111571670939371e+03,4.109583216346866e+03,1.764705882352941e+00,1493146
4.112350087966006e+03,4.111761852671888e+03,5.882352941176471e-01,1493147
4.113526558554241e+03,4.112553818913802e+03,5.882352941176471e-01,1493149
4.115308593064249e+03,4.114720357770132e+03,5.882352941176471e-01,1493151
4.116485063652485e+03,4.115302291195855e+03,5.882352941176471e-01,1493153
4.117644205613065e+03,4.111779585392542e+03,1.764705882352941e+00,1493148
4.119484140597392e+03,4.118895905303274e+03,5.882352941176471e-01,1493155
4.119880058214066e+03,4.114068837154080e+03,1.176470588235294e+00,1493150
4.120468293508184e+03,4.119821513926331e+03,5.882352941176471e-01,1493156
4.121957935638578e+03,4.121369700344461e+03,5.882352941176471e-01,1493158
4.122846308570964e+03,4.122258073276846e+03,5.882352941176471e-01,1493159
4.123617430488235e+03,4.120676254017647e+03,1.764705882352941e+00,1493157
4.127776947758494e+03,4.127188712464376e+03,5.882352941176471e-01,1493160
4.129706898343164e+03,4.129118663049047e+03,5.882352941176471e-01,1493162
4.130295133637282e+03,4.129355872188043e+03,5.882352941176471e-01,1493163
4.131157680789539e+03,4.128216504318951e+03,1.764705882352941e+00,1493161
4.131745916083657e+03,4.130998183654236e+03,5.882352941176471e-01,1493164
4.132334151377774e+03,4.131691127275992e+03,5.882352941176471e-01,1493165
4.133510621966010e+03,4.132797985982860e+03,5.882352941176471e-01,1493167
4.134098857260127e+03,4.133471688828561e+03,5.882352941176471e-01,1493168
4.134687092554245e+03,4.133987168519135e+03,5.882352941176471e-01,1493169
4.135275327848363e+03,4.134323575992465e+03,5.882352941176471e-01,1493170
4.135863563142480e+03,4.134689224378996e+03,5.882352941176471e-01,1493171
4.137040033730716e+03,4.132099960071761e+03,1.764705882352941e+00,1493166
4.138492224828095e+03,4.137903989533978e+03,5.882352941176471e-01,1493172
4.139080460122213e+03,4.138408617789996e+03,5.882352941176471e-01,1493173
4.141118132949946e+03,4.140362165609204e+03,5.882352941176471e-01,1493175
4.142294603538181e+03,4.139941662361711e+03,1.764705882352941e+00,1493174
4.144389731845823e+03,4.143699595158989e+03,5.882352941176471e-01,1493177
4.144977967139940e+03,4.144330510897775e+03,5.882352941176471e-01,1493178
4.145566202434058e+03,4.144404212906193e+03,5.882352941176471e-01,1493179
4.146742673022293e+03,4.143213261257587e+03,1.764705882352941e+00,1493176
4.147330908316411e+03,4.146488764307895e+03,5.882352941176471e-01,1493180
4.147919143610529e+03,4.146746777383059e+03,5.882352941176471e-01,1493181
4.150089733973530e+03,4.149501498679412e+03,5.882352941176471e-01,1493183
4.151804932306161e+03,4.151216697012043e+03,5.882352941176471e-01,1493185
4.152393167600278e+03,4.151293619026200e+03,5.882352941176471e-01,1493186
4.152981402894396e+03,4.151926579811986e+03,5.882352941176471e-01,1493187
4.153337626312223e+03,4.148631743959282e+03,1.764705882352941e+00,1493182
4.153925861606340e+03,4.153290950534270e+03,5.882352941176471e-01,1493188
4.155943187541825e+03,4.155245062749194e+03,5.882352941176471e-01,1493191
4.156531422835943e+03,4.155697624828680e+03,5.882352941176471e-01,1493192
4.157346188590671e+03,4.155971497497753e+03,5.882352941176471e-01,1493193
4.157934423884788e+03,4.156871218526858e+03,5.882352941176471e-01,1493196
4.158858274419892e+03,4.150134742689234e+03,1.764705882352941e+00,1493184
4.160528523905231e+03,4.154178481659472e+03,1.176470588235294e+00,1493189
4.161350434937067e+03,4.160434067508217e+03,5.882352941176471e-01,1493198
4.163735682827197e+03,4.163069564847393e+03,5.882352941176471e-01,1493204
4.164787002728790e+03,4.164198767434672e+03,5.882352941176471e-01,1493205
4.165926261918581e+03,4.164213685818109e+03,5.882352941176471e-01,1493206
4.168651403946675e+03,4.167599239911791e+03,5.882352941176471e-01,1493212
4.169239639240792e+03,4.168597721050934e+03,5.882352941176471e-01,1493213
4.169827874534910e+03,4.168921159368703e+03,5.882352941176471e-01,1493214
4.171129495809788e+03,4.159568270093932e+03,1.176470588235294e+00,1493197
4.171717731103905e+03,4.160995875380668e+03,1.764705882352941e+00,1493200
4.173222931030154e+03,4.172634695736036e+03,5.882352941176471e-01,1493215
4.174070672280376e+03,4.166111801961176e+03,1.176470588235294e+00,1493209
4.174070672280376e+03,4.165889050520137e+03,1.176470588235294e+00,1493208
4.176066291508484e+03,4.175036245073067e+03,5.882352941176471e-01,1493219
4.176654526802602e+03,4.175913815827945e+03,5.882352941176471e-01,1493220
4.177158272903782e+03,4.167258898915945e+03,1.764705882352941e+00,1493211
4.178805033145774e+03,4.178216797851656e+03,5.882352941176471e-01,1493222
4.179393268439892e+03,4.178368595093022e+03,5.882352941176471e-01,1493223
4.180687684668488e+03,4.174155161473313e+03,1.176470588235294e+00,1493216
4.181275919962606e+03,4.174252328056646e+03,1.764705882352941e+00,1493217
4.183040625844959e+03,4.177465021447843e+03,1.764705882352941e+00,1493221
4.184704351020841e+03,4.184116115726723e+03,5.882352941176471e-01,1493225
4.186810580459780e+03,4.186222345165663e+03,5.882352941176471e-01,1493227
4.187889474707382e+03,4.185536533530911e+03,1.764705882352941e+00,1493226
4.189065945295617e+03,4.188173566230418e+03,5.882352941176471e-01,1493229
4.190242415883852e+03,4.187806121532737e+03,1.764705882352941e+00,1493228
4.191028554320412e+03,4.190440319026294e+03,5.882352941176471e-01,1493230
4.191616789614530e+03,4.190905707563453e+03,5.882352941176471e-01,1493231
4.192574962330229e+03,4.191986727036111e+03,5.882352941176471e-01,1493232
4.193163197624346e+03,4.192134918171435e+03,5.882352941176471e-01,1493233
4.195895377616446e+03,4.195070486666483e+03,5.882352941176471e-01,1493236
4.196705430503032e+03,4.193764254032444e+03,1.764705882352941e+00,1493234
4.197881901091267e+03,4.194718907028210e+03,1.764705882352941e+00,1493235
4.199427835900812e+03,4.198839600606695e+03,5.882352941176471e-01,1493237
4.200334916834443e+03,4.199746681540325e+03,5.882352941176471e-01,1493238
4.203506199187000e+03,4.202917963892882e+03,5.882352941176471e-01,1493242
4.204676490363975e+03,4.200784856295454e+03,1.176470588235294e+00,1493240
4.205264725658092e+03,4.200558843305151e+03,1.764705882352941e+00,1493239
4.206048224335325e+03,4.205459989041208e+03,5.882352941176471e-01,1493243
4.206706682619486e+03,4.206118447325368e+03,5.882352941176471e-01,1493244
4.207549039887913e+03,4.206960804593796e+03,5.882352941176471e-01,1493245
4.209598531488038e+03,4.209010296193921e+03,5.882352941176471e-01,1493246
4.211536741844076e+03,4.210948506549959e+03,5.882352941176471e-01,1493248
4.214869676372467e+03,4.214281441078350e+03,5.882352941176471e-01,1493254
4.216232122919122e+03,4.215167795130946e+03,5.882352941176471e-01,1493256
4.216869107266480e+03,4.215690409613134e+03,5.882352941176471e-01,1493258
4.218220120081685e+03,4.217130920606935e+03,5.882352941176471e-01,1493263
4.218569561633646e+03,4.209731524001038e+03,1.764705882352941e+00,1493247
4.220825839397451e+03,4.220237604103333e+03,5.882352941176471e-01,1493266
4.221414074691568e+03,4.220381665918274e+03,5.882352941176471e-01,1493267
4.222002309985686e+03,4.221064360435287e+03,5.882352941176471e-01,1493268
4.226683868856033e+03,4.225391108235708e+03,5.882352941176471e-01,1493271
4.226683868856033e+03,4.225389194569568e+03,5.882352941176471e-01,1493270
4.227272104150150e+03,4.211271346670596e+03,1.764705882352941e+00,1493249
4.228984776073329e+03,4.228344506820036e+03,5.882352941176471e-01,1493272
4.229573011367446e+03,4.219232784566240e+03,1.764705882352941e+00,1493265
4.231373249654971e+03,4.230785014360854e+03,5.882352941176471e-01,1493274
4.231961484949089e+03,4.230978634332948e+03,5.882352941176471e-01,1493275
4.232792864180705e+03,4.229851687710117e+03,1.764705882352941e+00,1493273
4.234764752263489e+03,4.233000046381136e+03,1.764705882352941e+00,1493276
4.235352987557607e+03,4.234555999334106e+03,5.882352941176471e-01,1493277
4.236529458145842e+03,4.235481762020259e+03,5.882352941176471e-01,1493279
4.237117693439960e+03,4.236058140475216e+03,5.882352941176471e-01,1493280
4.238294164028195e+03,4.235325214698697e+03,1.764705882352941e+00,1493278
4.240409782116195e+03,4.239821546822077e+03,5.882352941176471e-01,1493281
4.241958861948294e+03,4.241370626654177e+03,5.882352941176471e-01,1493282
4.242591094127334e+03,4.241637887796988e+03,5.882352941176471e-01,1493283
4.244944035303805e+03,4.242046855718139e+03,1.176470588235294e+00,1493285
4.246708741186158e+03,4.243442426142727e+03,1.764705882352941e+00,1493286
4.251223365269755e+03,4.249458659387402e+03,1.176470588235294e+00,1493288
4.253108976960522e+03,4.251887170176479e+03,5.882352941176471e-01,1493291
4.254285447548757e+03,4.252550452333359e+03,5.882352941176471e-01,1493294
4.254812198368370e+03,4.250126373340633e+03,1.764705882352941e+00,1493289
4.257165139544841e+03,4.254685578275323e+03,1.176470588235294e+00,1493296
4.257165139544841e+03,4.251873085038378e+03,1.176470588235294e+00,1493290
4.257753374838958e+03,4.252572124302049e+03,1.764705882352941e+00,1493295
4.259229504260230e+03,4.258641268966112e+03,5.882352941176471e-01,1493297
4.260944367260690e+03,4.259261979101142e+03,5.882352941176471e-01,1493299
4.262089600938291e+03,4.260625328172684e+03,5.882352941176471e-01,1493302
4.262677836232409e+03,4.262058364027657e+03,5.882352941176471e-01,1493304
4.263266071526526e+03,4.262236835503638e+03,5.882352941176471e-01,1493305
4.263854306820644e+03,4.263219544127850e+03,5.882352941176471e-01,1493306
4.265030777408879e+03,4.258846530735708e+03,1.764705882352941e+00,1493298
4.268542731244355e+03,4.266778025362002e+03,1.764705882352941e+00,1493307
4.269755972920735e+03,4.268706705792951e+03,5.882352941176471e-01,1493309
4.270932443508970e+03,4.268579502332500e+03,1.764705882352941e+00,1493308
4.272550769652477e+03,4.271962534358360e+03,5.882352941176471e-01,1493310
4.274614315891672e+03,4.273437845303437e+03,1.176470588235294e+00,1493311
4.278102164175397e+03,4.277513928881279e+03,5.882352941176471e-01,1493312
4.278729556544330e+03,4.278141321250212e+03,5.882352941176471e-01,1493313
4.280385902139089e+03,4.279209431550853e+03,1.176470588235294e+00,1493314
4.281138624295011e+03,4.280550389000893e+03,5.882352941176471e-01,1493315
4.281884712875800e+03,4.281296477581682e+03,5.882352941176471e-01,1493316
4.283066303244073e+03,4.282478067949956e+03,5.882352941176471e-01,1493317
4.284242773832309e+03,4.282700936584545e+03,5.882352941176471e-01,1493318
4.284831009126426e+03,4.282889750961918e+03,1.176470588235294e+00,1493319
4.287656793292626e+03,4.285329526968690e+03,5.882352941176471e-01,1493321
4.289919947888169e+03,4.289331712594051e+03,5.882352941176471e-01,1493325
4.296852730096221e+03,4.285303852116156e+03,1.764705882352941e+00,1493320
4.301136970210093e+03,4.300089793222255e+03,5.882352941176471e-01,1493340
4.304028127568493e+03,4.303439892274376e+03,5.882352941176471e-01,1493343
4.304631894346916e+03,4.304043659052798e+03,5.882352941176471e-01,1493344
4.306263345515303e+03,4.305675110221185e+03,5.882352941176471e-01,1493345
4.307796029273747e+03,4.307102160612382e+03,5.882352941176471e-01,1493346
4.308384264567864e+03,4.288362217708217e+03,1.764705882352941e+00,1493324
4.311205832526291e+03,4.310348886180396e+03,5.882352941176471e-01,1493348
4.313301476247481e+03,4.312713240953363e+03,5.882352941176471e-01,1493349
4.313678382214923e+03,4.297112604328427e+03,1.764705882352941e+00,1493336
4.314854852803159e+03,4.313644700477708e+03,5.882352941176471e-01,1493351
4.314854852803159e+03,4.313356422015277e+03,5.882352941176471e-01,1493350
4.316031323391394e+03,4.310029361938056e+03,1.764705882352941e+00,1493347
4.316887149489791e+03,4.316298914195673e+03,5.882352941176471e-01,1493352
4.318617892500077e+03,4.317718558122867e+03,5.882352941176471e-01,1493356
4.319206127794195e+03,4.318248620053444e+03,5.882352941176471e-01,1493357
4.320382598382430e+03,4.316431170031652e+03,1.764705882352941e+00,1493353
4.322498488916033e+03,4.321673202979048e+03,5.882352941176471e-01,1493361
4.323674959504269e+03,4.320363745391612e+03,1.176470588235294e+00,1493358
4.324263194798386e+03,4.320508878242103e+03,1.764705882352941e+00,1493359
4.326027900680739e+03,4.324215092291310e+03,1.764705882352941e+00,1493362
4.327663880998732e+03,4.327075645704615e+03,5.882352941176471e-01,1493363
4.334358198818439e+03,4.332593492936086e+03,1.764705882352941e+00,1493364
4.336122904700792e+03,4.334221162381012e+03,1.176470588235294e+00,1493365
4.337471566579743e+03,4.336883331285625e+03,5.882352941176471e-01,1493367
4.337887610583145e+03,4.335056738015902e+03,1.764705882352941e+00,1493366
4.339568688198905e+03,4.338980452904788e+03,5.882352941176471e-01,1493368
4.340573397417586e+03,4.339015044667328e+03,5.882352941176471e-01,1493369
4.342373863040384e+03,4.341785627746266e+03,5.882352941176471e-01,1493373
4.343514573888174e+03,4.340635456218072e+03,1.176470588235294e+00,1493372
4.343514573888174e+03,4.340401636048032e+03,1.176470588235294e+00,1493371
4.345781894808291e+03,4.344017188925938e+03,1.764705882352941e+00,1493374
4.347601630264949e+03,4.345836924382596e+03,1.764705882352941e+00,1493375
4.348189865559066e+03,4.347598172699984e+03,5.882352941176471e-01,1493376
4.349707599085411e+03,4.349119363791294e+03,5.882352941176471e-01,1493378
4.350295834379529e+03,4.349178090337528e+03,5.882352941176471e-01,1493379
4.350884069673647e+03,4.350007939309150e+03,5.882352941176471e-01,1493380
4.351472304967764e+03,4.350394156840315e+03,5.882352941176471e-01,1493381
4.352307512617890e+03,4.351696364270704e+03,5.882352941176471e-01,1493382
4.353483983206125e+03,4.347840572054348e+03,1.764705882352941e+00,1493377
4.354660453794360e+03,4.351912293797922e+03,1.764705882352941e+00,1493383
4.355336673152674e+03,4.354748437858556e+03,5.882352941176471e-01,1493384
4.356513143740909e+03,4.354845763105015e+03,5.882352941176471e-01,1493385
4.358277849623262e+03,4.354859590026598e+03,1.764705882352941e+00,1493386
4.359454320211498e+03,4.357287451877947e+03,1.764705882352941e+00,1493387
4.360804575378342e+03,4.360216340084225e+03,5.882352941176471e-01,1493388
4.363104809483500e+03,4.362516574189382e+03,5.882352941176471e-01,1493389
4.367198345708018e+03,4.366610110413900e+03,5.882352941176471e-01,1493394
4.368604587977723e+03,4.368016352683606e+03,5.882352941176471e-01,1493395
4.369192823271841e+03,4.368211703089741e+03,5.882352941176471e-01,1493396
4.371733691408475e+03,4.371145456114358e+03,5.882352941176471e-01,1493398
4.372321926702593e+03,4.371571985965455e+03,5.882352941176471e-01,1493399
4.373329668424487e+03,4.363917903718605e+03,1.764705882352941e+00,1493390
4.374303367978698e+03,4.373715132684580e+03,5.882352941176471e-01,1493401
4.375682609600958e+03,4.369038526751650e+03,1.764705882352941e+00,1493397
4.376859080189193e+03,4.375629397085293e+03,1.176470588235294e+00,1493402
4.378150208342038e+03,4.377561973047921e+03,5.882352941176471e-01,1493403
4.379326678930274e+03,4.377676326038078e+03,1.176470588235294e+00,1493404
4.382190290613354e+03,4.381602055319237e+03,5.882352941176471e-01,1493406
4.383451730367448e+03,4.382472544773920e+03,5.882352941176471e-01,1493408
4.384628200955683e+03,4.383389879864026e+03,5.882352941176471e-01,1493411
4.385400171012254e+03,4.380609319493454e+03,1.764705882352941e+00,1493405
4.386448699539998e+03,4.385860464245880e+03,5.882352941176471e-01,1493412
4.387036934834115e+03,4.386149481230501e+03,5.882352941176471e-01,1493413
4.390037347393261e+03,4.388731028872479e+03,5.882352941176471e-01,1493417
4.390625582687378e+03,4.390026555568667e+03,5.882352941176471e-01,1493419
4.392441911153553e+03,4.391853675859436e+03,5.882352941176471e-01,1493421
4.392825936196745e+03,4.381766739265599e+03,1.764705882352941e+00,1493407
4.393818384480264e+03,4.393230149186146e+03,5.882352941176471e-01,1493422
4.394563931579459e+03,4.393975696285342e+03,5.882352941176471e-01,1493423
4.396205226520577e+03,4.395616991226459e+03,5.882352941176471e-01,1493425
4.396793461814695e+03,4.395967287255622e+03,5.882352941176471e-01,1493426
4.397422755442240e+03,4.396834520148122e+03,5.882352941176471e-01,1493427
4.398120053843804e+03,4.390991368257088e+03,1.176470588235294e+00,1493420
4.398120053843804e+03,4.387247602504407e+03,1.176470588235294e+00,1493414
4.399665092533994e+03,4.398490224099772e+03,5.882352941176471e-01,1493429
4.400841563122229e+03,4.399211231426434e+03,5.882352941176471e-01,1493431
4.401195604500950e+03,4.387604832056064e+03,1.764705882352941e+00,1493415
4.402960310383303e+03,4.402273091276982e+03,5.882352941176471e-01,1493435
4.404851191672038e+03,4.404262956377920e+03,5.882352941176471e-01,1493436
4.407630227967393e+03,4.394165263554808e+03,1.764705882352941e+00,1493424
4.408731243858281e+03,4.407482438390761e+03,5.882352941176471e-01,1493438
4.411672420328870e+03,4.408655789160935e+03,1.176470588235294e+00,1493440
4.412260655622987e+03,4.406444766186944e+03,1.764705882352941e+00,1493437
4.414025361505340e+03,4.409419445195074e+03,1.764705882352941e+00,1493441
4.416264654093649e+03,4.415676418799532e+03,5.882352941176471e-01,1493443
4.417645362442814e+03,4.417057127148696e+03,5.882352941176471e-01,1493444
4.419721386806163e+03,4.419133151512045e+03,5.882352941176471e-01,1493445
4.421486092688516e+03,4.420865773440770e+03,5.882352941176471e-01,1493448
4.423250798570869e+03,4.419599980564840e+03,1.764705882352941e+00,1493446
4.425862332147827e+03,4.425274096853710e+03,5.882352941176471e-01,1493449
4.427217499972801e+03,4.426629264678684e+03,5.882352941176471e-01,1493450
4.429398292122753e+03,4.428289556822857e+03,5.882352941176471e-01,1493452
4.429986527416870e+03,4.428854031171837e+03,5.882352941176471e-01,1493454
4.432110611047518e+03,4.430894451340858e+03,5.882352941176471e-01,1493457
4.432698846341636e+03,4.431683308163245e+03,5.882352941176471e-01,1493459
4.433676871591421e+03,4.428177847191316e+03,1.764705882352941e+00,1493451
4.434853342179657e+03,4.430241545154113e+03,1.176470588235294e+00,1493456
4.435635430667162e+03,4.435047195373045e+03,5.882352941176471e-01,1493460
4.436811901255398e+03,4.436168463281074e+03,5.882352941176471e-01,1493462
4.437400136549515e+03,4.436765777926042e+03,5.882352941176471e-01,1493463
4.437794518650245e+03,4.430184972755320e+03,1.764705882352941e+00,1493455
4.438973268922329e+03,4.438385033628211e+03,5.882352941176471e-01,1493464
4.440149739510564e+03,4.438774019679833e+03,5.882352941176471e-01,1493466
4.440735695120833e+03,4.435422256909724e+03,1.764705882352941e+00,1493461
4.441323930414951e+03,4.440724851732093e+03,5.882352941176471e-01,1493467
4.444266443667392e+03,4.442441198244081e+03,5.882352941176471e-01,1493469
4.445281694240064e+03,4.443983711751661e+03,5.882352941176471e-01,1493473
4.445869929534182e+03,4.445120474224502e+03,5.882352941176471e-01,1493475
4.446196867593372e+03,4.438523732041825e+03,1.764705882352941e+00,1493465
4.447373338181607e+03,4.446655924359991e+03,5.882352941176471e-01,1493477
4.449227750908304e+03,4.448601420634503e+03,5.882352941176471e-01,1493479
4.450314514652195e+03,4.446140985670228e+03,1.176470588235294e+00,1493476
4.450902749946313e+03,4.442173462943997e+03,1.764705882352941e+00,1493468
4.453411857193679e+03,4.452823621899561e+03,5.882352941176471e-01,1493482
4.453843926416901e+03,4.448051280320068e+03,1.764705882352941e+00,1493478
4.454432161711019e+03,4.453751357321075e+03,5.882352941176471e-01,1493483
4.455189754591049e+03,4.453857238197179e+03,5.882352941176471e-01,1493484
4.455777989885166e+03,4.454770876882843e+03,5.882352941176471e-01,1493486
4.456954460473402e+03,4.451687042336045e+03,1.764705882352941e+00,1493481
4.457833541823601e+03,4.457245306529484e+03,5.882352941176471e-01,1493487
4.459908102675590e+03,4.459277690982509e+03,5.882352941176471e-01,1493489
4.460496337969708e+03,4.458731632087355e+03,1.176470588235294e+00,1493488
4.462508042122958e+03,4.460743336240605e+03,1.764705882352941e+00,1493490
4.463096277417075e+03,4.462413702703574e+03,5.882352941176471e-01,1493491
4.463851847572350e+03,4.462549344150167e+03,5.882352941176471e-01,1493492
4.465616553454703e+03,4.463430947139390e+03,1.176470588235294e+00,1493494
4.466494295195869e+03,4.465906059901751e+03,5.882352941176471e-01,1493496
4.467381259337056e+03,4.464629190405514e+03,1.764705882352941e+00,1493495
4.467969494631174e+03,4.467110039971396e+03,5.882352941176471e-01,1493497
4.470879294499813e+03,4.469702823911578e+03,1.176470588235294e+00,1493498
4.474242805203063e+03,4.473654569908945e+03,5.882352941176471e-01,1493500
4.474682499753405e+03,4.472329558576935e+03,1.764705882352941e+00,1493499
4.477200333262078e+03,4.476522618899674e+03,5.882352941176471e-01,1493504
4.477788568556196e+03,4.476830552658641e+03,5.882352941176471e-01,1493505
4.478376803850313e+03,4.477391135744538e+03,5.882352941176471e-01,1493506
4.479478333635128e+03,4.478890098341010e+03,5.882352941176471e-01,1493507
4.480249951086842e+03,4.479661715792725e+03,5.882352941176471e-01,1493508
4.481180372653959e+03,4.480592137359842e+03,5.882352941176471e-01,1493509
4.481768607948077e+03,4.480811331598416e+03,5.882352941176471e-01,1493510
4.486513975504550e+03,4.474847392085608e+03,1.764705882352941e+00,1493501
4.490043387269256e+03,4.483572596629487e+03,1.176470588235294e+00,1493513
4.490631622563374e+03,4.481748586533864e+03,1.764705882352941e+00,1493511
4.492360653414148e+03,4.490944560173820e+03,5.882352941176471e-01,1493518
4.493486173362146e+03,4.492148565156028e+03,5.882352941176471e-01,1493520
4.494074408656264e+03,4.493435222721910e+03,5.882352941176471e-01,1493522
4.497784905702390e+03,4.497196670408272e+03,5.882352941176471e-01,1493528
4.499511412783410e+03,4.490808035789915e+03,1.764705882352941e+00,1493517
4.501122356413830e+03,4.500534121119713e+03,5.882352941176471e-01,1493531
4.503514049443470e+03,4.502507340905019e+03,5.882352941176471e-01,1493536
4.505827167513264e+03,4.503774588149789e+03,5.882352941176471e-01,1493539
4.506415402807381e+03,4.505742121283346e+03,5.882352941176471e-01,1493542
4.507377176831284e+03,4.506788941537166e+03,5.882352941176471e-01,1493543
4.509510341529902e+03,4.496433762429715e+03,1.764705882352941e+00,1493527
4.510214852522282e+03,4.509626617228165e+03,5.882352941176471e-01,1493545
4.513804230816479e+03,4.512954105629927e+03,5.882352941176471e-01,1493549
4.514804459176961e+03,4.507340284823406e+03,1.176470588235294e+00,1493544
4.514804459176961e+03,4.502036806608836e+03,1.176470588235294e+00,1493534
4.515392694471079e+03,4.500707352140360e+03,1.764705882352941e+00,1493532
4.516121008153794e+03,4.515532772859677e+03,5.882352941176471e-01,1493550
4.517699662117331e+03,4.517111426823214e+03,5.882352941176471e-01,1493551
4.518333870941667e+03,4.511037368982945e+03,1.176470588235294e+00,1493546
4.520098576824020e+03,4.512627760228243e+03,1.764705882352941e+00,1493548
4.520098576824020e+03,4.511328594648259e+03,1.764705882352941e+00,1493547
4.521863282706373e+03,4.518733482945964e+03,1.764705882352941e+00,1493552
4.523627988588726e+03,4.522926533373483e+03,5.882352941176471e-01,1493555
4.524216223882843e+03,4.520469172968757e+03,1.764705882352941e+00,1493553
4.525392694471079e+03,4.524773126947450e+03,5.882352941176471e-01,1493556
4.525980929765196e+03,4.522212395572220e+03,1.764705882352941e+00,1493554
4.527714412636423e+03,4.527126177342306e+03,5.882352941176471e-01,1493557
4.529726207502245e+03,4.529137972208128e+03,5.882352941176471e-01,1493558
4.530397774588584e+03,4.529809539294466e+03,5.882352941176471e-01,1493559
4.531039160122686e+03,4.529876344635413e+03,5.882352941176471e-01,1493560
4.531730627405557e+03,4.530504075068553e+03,5.882352941176471e-01,1493562
4.532318862699674e+03,4.531245624100192e+03,5.882352941176471e-01,1493564
4.535362698639393e+03,4.534774463345276e+03,5.882352941176471e-01,1493565
4.536095950127728e+03,4.535507714833610e+03,5.882352941176471e-01,1493566
4.537838503657114e+03,4.536662033068879e+03,1.176470588235294e+00,1493567
4.542646556796508e+03,4.538804219398234e+03,1.176470588235294e+00,1493570
4.543234792090626e+03,4.538528909737685e+03,1.764705882352941e+00,1493568
4.543823027384743e+03,4.543140238635927e+03,5.882352941176471e-01,1493572
4.544999497972979e+03,4.543938099937865e+03,5.882352941176471e-01,1493574
4.545587733267096e+03,4.544851858321990e+03,5.882352941176471e-01,1493575
4.546764203855332e+03,4.543542767592309e+03,1.176470588235294e+00,1493573
4.547352439149449e+03,4.540716298579067e+03,1.764705882352941e+00,1493571
4.547940674443567e+03,4.547118434212521e+03,5.882352941176471e-01,1493576
4.549705380325920e+03,4.548629700782609e+03,5.882352941176471e-01,1493579
4.550293615620038e+03,4.549220747649936e+03,5.882352941176471e-01,1493580
4.552330538408300e+03,4.551742303114183e+03,5.882352941176471e-01,1493582
4.553194234737305e+03,4.547559931433231e+03,1.176470588235294e+00,1493577
4.553782470031422e+03,4.553173956060644e+03,5.882352941176471e-01,1493583
4.554958940619658e+03,4.554084056085809e+03,5.882352941176471e-01,1493585
4.556135411207893e+03,4.555249125614915e+03,5.882352941176471e-01,1493587
4.558459389952207e+03,4.557871154658090e+03,5.882352941176471e-01,1493589
4.561075323836111e+03,4.553557289170176e+03,1.764705882352941e+00,1493584
4.561748174828976e+03,4.561159939534858e+03,5.882352941176471e-01,1493593
4.563171238815919e+03,4.562583003521801e+03,5.882352941176471e-01,1493595
4.563824609322650e+03,4.563236374028532e+03,5.882352941176471e-01,1493596
4.565192970894935e+03,4.558103015405290e+03,1.764705882352941e+00,1493590
4.566369441483170e+03,4.561641885700648e+03,1.764705882352941e+00,1493594
4.567186591428793e+03,4.566598356134675e+03,5.882352941176471e-01,1493597
4.571182488200900e+03,4.570594252906782e+03,5.882352941176471e-01,1493605
4.572358958789135e+03,4.571399349412587e+03,5.882352941176471e-01,1493607
4.573199508128270e+03,4.572611272834152e+03,5.882352941176471e-01,1493608
4.575875327067844e+03,4.575230266529143e+03,5.882352941176471e-01,1493610
4.576463562361962e+03,4.575449955312785e+03,5.882352941176471e-01,1493611
4.577051797656080e+03,4.576357597964243e+03,5.882352941176471e-01,1493612
4.577640032950197e+03,4.566775600861820e+03,1.764705882352941e+00,1493598
4.578522260107023e+03,4.577934024812905e+03,5.882352941176471e-01,1493613
4.579110495401141e+03,4.578300565329921e+03,5.882352941176471e-01,1493614
4.579698730695258e+03,4.578931679279296e+03,5.882352941176471e-01,1493615
4.580581209420785e+03,4.571113995816920e+03,1.176470588235294e+00,1493606
4.581169444714903e+03,4.573340214475354e+03,1.764705882352941e+00,1493609
4.583610003267333e+03,4.582591769797914e+03,5.882352941176471e-01,1493617
4.584541323253065e+03,4.583048266433389e+03,5.882352941176471e-01,1493621
4.585191349656146e+03,4.584296172650561e+03,5.882352941176471e-01,1493623
4.586367820244381e+03,4.585403292061310e+03,5.882352941176471e-01,1493626
4.586956055538499e+03,4.585894002292725e+03,5.882352941176471e-01,1493627
4.588096776757026e+03,4.587508541462908e+03,5.882352941176471e-01,1493628
4.588685012051144e+03,4.587763572179476e+03,5.882352941176471e-01,1493629
4.589897232009087e+03,4.584664905470992e+03,1.176470588235294e+00,1493625
4.590485467303205e+03,4.582354037298579e+03,1.764705882352941e+00,1493616
4.594603114362028e+03,4.588896944756244e+03,1.764705882352941e+00,1493630
4.595779584950264e+03,4.594603600553971e+03,5.882352941176471e-01,1493636
4.596867294146608e+03,4.596279058852490e+03,5.882352941176471e-01,1493637
4.597685250467148e+03,4.597097015173031e+03,5.882352941176471e-01,1493638
4.598273485761266e+03,4.597574690934981e+03,5.882352941176471e-01,1493639
4.598861721055384e+03,4.597743742352531e+03,5.882352941176471e-01,1493640
4.600038191643619e+03,4.598883660554976e+03,5.882352941176471e-01,1493642
4.600996651954602e+03,4.600408416660485e+03,5.882352941176471e-01,1493643
4.601584887248720e+03,4.600662353736742e+03,5.882352941176471e-01,1493644
4.603272874639940e+03,4.602684639345822e+03,5.882352941176471e-01,1493646
4.604449345228175e+03,4.603027640636229e+03,5.882352941176471e-01,1493647
4.605237042908609e+03,4.604648807614491e+03,5.882352941176471e-01,1493649
4.605961417231998e+03,4.604818826381990e+03,5.882352941176471e-01,1493650
4.606549652526115e+03,4.605509320967151e+03,5.882352941176471e-01,1493652
4.607092194567770e+03,4.592732493203409e+03,1.176470588235294e+00,1493634
4.607092194567770e+03,4.592055293216854e+03,1.176470588235294e+00,1493633
4.607680429861888e+03,4.591107812602774e+03,1.764705882352941e+00,1493632
4.608969772801367e+03,4.608381537507249e+03,5.882352941176471e-01,1493653
4.609993430389578e+03,4.598345236653932e+03,1.176470588235294e+00,1493641
4.611758136271931e+03,4.609973460065189e+03,1.764705882352941e+00,1493654
4.615238515442401e+03,4.614650280148284e+03,5.882352941176471e-01,1493655
4.615826750736519e+03,4.614704403765031e+03,5.882352941176471e-01,1493656
4.617160393545751e+03,4.616013794325561e+03,5.882352941176471e-01,1493658
4.617748628839869e+03,4.617013827627588e+03,5.882352941176471e-01,1493659
4.619704789105850e+03,4.619116553811732e+03,5.882352941176471e-01,1493661
4.620101570016340e+03,4.615983922957516e+03,1.764705882352941e+00,1493657
4.621991819398804e+03,4.620421089889141e+03,5.882352941176471e-01,1493664
4.621991819398804e+03,4.620288543317110e+03,5.882352941176471e-01,1493663
4.623042746486928e+03,4.618041432911288e+03,1.764705882352941e+00,1493660
4.623835550671920e+03,4.623247315377803e+03,5.882352941176471e-01,1493665
4.624423785966038e+03,4.623479589752436e+03,5.882352941176471e-01,1493666
4.625395687663398e+03,4.620227113516452e+03,1.764705882352941e+00,1493662
4.627374079557928e+03,4.626785844263811e+03,5.882352941176471e-01,1493667
4.627962314852046e+03,4.626825143732155e+03,5.882352941176471e-01,1493668
4.630951491835967e+03,4.630060236227763e+03,5.882352941176471e-01,1493670
4.631539727130084e+03,4.630590819520565e+03,5.882352941176471e-01,1493671
4.633346763910223e+03,4.631785264808031e+03,5.882352941176471e-01,1493673
4.635509995923568e+03,4.629775021247731e+03,1.176470588235294e+00,1493669
4.636597286029353e+03,4.636009050735235e+03,5.882352941176471e-01,1493679
4.637185521323471e+03,4.636453915333995e+03,5.882352941176471e-01,1493680
4.637773756617588e+03,4.636652818100646e+03,5.882352941176471e-01,1493681
4.640775550392730e+03,4.640038406382678e+03,5.882352941176471e-01,1493684
4.643157054747097e+03,4.631774565139841e+03,1.764705882352941e+00,1493672
4.645159326108293e+03,4.644571090814176e+03,5.882352941176471e-01,1493688
4.646686466511803e+03,4.641278875104574e+03,1.176470588235294e+00,1493686
4.647274701805921e+03,4.638743495195663e+03,1.764705882352941e+00,1493682
4.647862937100038e+03,4.647037171142014e+03,5.882352941176471e-01,1493689
4.648451172394156e+03,4.647833250831139e+03,5.882352941176471e-01,1493690
4.649542637875498e+03,4.648146687146957e+03,5.882352941176471e-01,1493691
4.651675269867273e+03,4.650548815128135e+03,5.882352941176471e-01,1493696
4.653115775419751e+03,4.652527540125633e+03,5.882352941176471e-01,1493699
4.655157510271944e+03,4.654569274977827e+03,5.882352941176471e-01,1493701
4.655745745566062e+03,4.654683037154651e+03,5.882352941176471e-01,1493702
4.658529579731609e+03,4.657941344437491e+03,5.882352941176471e-01,1493707
4.660758667597431e+03,4.649787632986137e+03,1.176470588235294e+00,1493694
4.660758667597431e+03,4.649457632768605e+03,1.176470588235294e+00,1493693
4.661346902891549e+03,4.643772478623810e+03,1.764705882352941e+00,1493687
4.664687391474043e+03,4.662538183655813e+03,5.882352941176471e-01,1493715
4.664687391474043e+03,4.662517232284572e+03,5.882352941176471e-01,1493714
4.668036139058508e+03,4.667447903764391e+03,5.882352941176471e-01,1493717
4.668624374352626e+03,4.667611294966045e+03,5.882352941176471e-01,1493718
4.670025527060898e+03,4.669376394007271e+03,5.882352941176471e-01,1493719
4.670613762355015e+03,4.653108172706137e+03,1.764705882352941e+00,1493700
4.672144198282056e+03,4.671555962987938e+03,5.882352941176471e-01,1493720
4.673554938825604e+03,4.661586631448327e+03,1.176470588235294e+00,1493710
4.674143174119721e+03,4.661767821504810e+03,1.764705882352941e+00,1493711
4.675755061622221e+03,4.674988640569787e+03,5.882352941176471e-01,1493722
4.676931532210456e+03,4.674578591033986e+03,1.764705882352941e+00,1493721
4.678393675385847e+03,4.677805440091730e+03,5.882352941176471e-01,1493723
4.680158381268200e+03,4.677951993989386e+03,5.882352941176471e-01,1493724
4.682064066736741e+03,4.681475831442623e+03,5.882352941176471e-01,1493727
4.682652302030858e+03,4.681866211214768e+03,5.882352941176471e-01,1493728
4.683099557738788e+03,4.678040429523183e+03,1.764705882352941e+00,1493725
4.684276028327024e+03,4.683291658705710e+03,5.882352941176471e-01,1493730
4.685452498915259e+03,4.682929604392719e+03,1.764705882352941e+00,1493729
4.687708260995688e+03,4.687050057952062e+03,5.882352941176471e-01,1493732
4.689472966878041e+03,4.686531790407452e+03,1.764705882352941e+00,1493731
4.692571849157487e+03,4.690749074081008e+03,5.882352941176471e-01,1493737
4.692571849157487e+03,4.690282495024018e+03,5.882352941176471e-01,1493735
4.693002378642747e+03,4.688193823579718e+03,1.764705882352941e+00,1493733
4.696705189641181e+03,4.696116954347063e+03,5.882352941176471e-01,1493743
4.698641485253474e+03,4.697568985892953e+03,5.882352941176471e-01,1493747
4.700217613514118e+03,4.699629378220000e+03,5.882352941176471e-01,1493749
4.701881170672586e+03,4.692834018665887e+03,1.176470588235294e+00,1493738
4.701881170672586e+03,4.690218907981016e+03,1.176470588235294e+00,1493734
4.702469405966703e+03,4.690365220230906e+03,1.764705882352941e+00,1493736
4.703368441613812e+03,4.702780206319694e+03,5.882352941176471e-01,1493750
4.705364959253579e+03,4.696772808143408e+03,1.176470588235294e+00,1493744
4.705953194547697e+03,4.705342147661723e+03,5.882352941176471e-01,1493752
4.707129665135932e+03,4.703511615186286e+03,1.764705882352941e+00,1493751
4.707717900430050e+03,4.706879961117339e+03,5.882352941176471e-01,1493753
4.710929735274322e+03,4.710341499980204e+03,5.882352941176471e-01,1493754
4.711537955839849e+03,4.710565365035810e+03,5.882352941176471e-01,1493755
4.712842269244522e+03,4.711793641472726e+03,5.882352941176471e-01,1493759
4.714018739832758e+03,4.710969705817140e+03,1.764705882352941e+00,1493757
4.715454881689994e+03,4.714771708663006e+03,5.882352941176471e-01,1493761
4.716926178042512e+03,4.716300732487764e+03,5.882352941176471e-01,1493763
4.717219587572347e+03,4.714278411101759e+03,1.176470588235294e+00,1493760
4.718396058160582e+03,4.715749707454277e+03,1.764705882352941e+00,1493762
4.719469964923829e+03,4.718881729629711e+03,5.882352941176471e-01,1493764
4.721682436079719e+03,4.719917730197366e+03,1.764705882352941e+00,1493765
4.722296862383225e+03,4.721708627089107e+03,5.882352941176471e-01,1493766
4.723860627030015e+03,4.723272391735897e+03,5.882352941176471e-01,1493768
4.724448862324133e+03,4.723503671873539e+03,5.882352941176471e-01,1493769
4.725625332912368e+03,4.724659727167657e+03,5.882352941176471e-01,1493771
4.727002744736166e+03,4.721873695087898e+03,1.764705882352941e+00,1493767
4.727654270080606e+03,4.727066034786488e+03,5.882352941176471e-01,1493773
4.729315264683700e+03,4.728686608160647e+03,5.882352941176471e-01,1493774
4.729903499977818e+03,4.729076078448171e+03,5.882352941176471e-01,1493775
4.731079970566053e+03,4.724389596052705e+03,1.764705882352941e+00,1493770
4.732256441154289e+03,4.729484448368673e+03,1.764705882352941e+00,1493776
4.734504278326781e+03,4.733916043032663e+03,5.882352941176471e-01,1493777
4.736707589167449e+03,4.736119353873332e+03,5.882352941176471e-01,1493778
4.738014079087482e+03,4.737425843793364e+03,5.882352941176471e-01,1493780
4.740148772511567e+03,4.736613008492668e+03,1.176470588235294e+00,1493779
4.741117024471308e+03,4.740528789177190e+03,5.882352941176471e-01,1493784
4.741836662175843e+03,4.737665978372747e+03,1.176470588235294e+00,1493781
4.742424897469961e+03,4.741759845957767e+03,5.882352941176471e-01,1493785
4.744600065753286e+03,4.742835359870933e+03,1.764705882352941e+00,1493786
4.746655013663361e+03,4.744890307781008e+03,1.764705882352941e+00,1493787
4.748604147061013e+03,4.747998343834534e+03,5.882352941176471e-01,1493789
4.749192382355131e+03,4.746839441178660e+03,1.764705882352941e+00,1493788
4.749780617649248e+03,4.749063744267711e+03,5.882352941176471e-01,1493790
4.752961078807738e+03,4.752372843513621e+03,5.882352941176471e-01,1493791
4.753712639927401e+03,4.753124404633284e+03,5.882352941176471e-01,1493792
4.754300875221519e+03,4.753380496228375e+03,5.882352941176471e-01,1493793
4.757448251451434e+03,4.755095310274963e+03,1.764705882352941e+00,1493794
4.758036486745552e+03,4.757286233131518e+03,5.882352941176471e-01,1493796
4.758880330587294e+03,4.758292095293177e+03,5.882352941176471e-01,1493797
4.759801192627905e+03,4.756360819816256e+03,1.764705882352941e+00,1493795
4.760389427922022e+03,4.759702631643147e+03,5.882352941176471e-01,1493798
4.763341215049693e+03,4.761576509167340e+03,1.764705882352941e+00,1493799
4.765819742202228e+03,4.764055036319875e+03,1.764705882352941e+00,1493800
4.767485074882517e+03,4.766896839588400e+03,5.882352941176471e-01,1493802
4.768073310176635e+03,4.767237436884327e+03,5.882352941176471e-01,1493803
4.768718443618384e+03,4.768130208324266e+03,5.882352941176471e-01,1493804
4.769688728557888e+03,4.766159316793182e+03,1.764705882352941e+00,1493801
4.771623535385417e+03,4.771035300091300e+03,5.882352941176471e-01,1493805
4.773063868915201e+03,4.772012809343249e+03,5.882352941176471e-01,1493808
4.773652104209319e+03,4.772544859583717e+03,5.882352941176471e-01,1493810
4.774953796505392e+03,4.774235459124813e+03,5.882352941176471e-01,1493812
4.776005045385790e+03,4.771260603714276e+03,1.764705882352941e+00,1493806
4.778357986562260e+03,4.773777325917157e+03,1.764705882352941e+00,1493811
4.779964776022624e+03,4.779376540728506e+03,5.882352941176471e-01,1493814
4.783443943097289e+03,4.782855707803172e+03,5.882352941176471e-01,1493815
4.784032178391407e+03,4.782932682206881e+03,5.882352941176471e-01,1493816
4.785452070186289e+03,4.784275599598053e+03,1.176470588235294e+00,1493817
4.786230056430990e+03,4.785641821136872e+03,5.882352941176471e-01,1493818
4.788582997607461e+03,4.785846351547097e+03,1.764705882352941e+00,1493819
4.789759468195696e+03,4.787192298263924e+03,1.764705882352941e+00,1493820
4.791060234175614e+03,4.790341727439733e+03,5.882352941176471e-01,1493822
4.791907308438900e+03,4.791319073144782e+03,5.882352941176471e-01,1493823
4.792699685487155e+03,4.791415188501292e+03,5.882352941176471e-01,1493824
4.793398770636136e+03,4.792315591947175e+03,5.882352941176471e-01,1493826
4.794349495083953e+03,4.792921385196882e+03,5.882352941176471e-01,1493828
4.794937730378071e+03,4.793942504366685e+03,5.882352941176471e-01,1493831
4.796171181269294e+03,4.795582945975176e+03,5.882352941176471e-01,1493833
4.797347651857529e+03,4.796463580267631e+03,5.882352941176471e-01,1493835
4.798208303173609e+03,4.789883763587379e+03,1.764705882352941e+00,1493821
4.800717865789714e+03,4.800129630495596e+03,5.882352941176471e-01,1493837
4.801125812376989e+03,4.794771138052120e+03,1.764705882352941e+00,1493832
4.803604169925401e+03,4.802159857651954e+03,5.882352941176471e-01,1493842
4.805278310128714e+03,4.799337439227429e+03,1.764705882352941e+00,1493836
4.806454780716949e+03,4.805049301979664e+03,5.882352941176471e-01,1493845
4.806454780716949e+03,4.804978266396413e+03,5.882352941176471e-01,1493844
4.808731850311808e+03,4.808143615017690e+03,5.882352941176471e-01,1493846
4.810330480714507e+03,4.809742245420389e+03,5.882352941176471e-01,1493847
4.811053960381727e+03,4.801216378056029e+03,1.764705882352941e+00,1493838
4.811642195675844e+03,4.810947257693563e+03,5.882352941176471e-01,1493848
4.812230430969962e+03,4.811603421087022e+03,5.882352941176471e-01,1493849
4.813001774203390e+03,4.812413538909272e+03,5.882352941176471e-01,1493850
4.813590009497508e+03,4.812992954681258e+03,5.882352941176471e-01,1493851
4.814178244791625e+03,4.813238735451733e+03,5.882352941176471e-01,1493852
4.814967785570143e+03,4.814379550276025e+03,5.882352941176471e-01,1493853
4.816812927475894e+03,4.816224692181777e+03,5.882352941176471e-01,1493854
4.817401162770012e+03,4.816487375829024e+03,5.882352941176471e-01,1493855
4.820888653286932e+03,4.820176161122084e+03,5.882352941176471e-01,1493857
4.822333915725178e+03,4.821332616970772e+03,5.882352941176471e-01,1493860
4.823803186554590e+03,4.822919516207531e+03,5.882352941176471e-01,1493864
4.826666039470837e+03,4.826077804176719e+03,5.882352941176471e-01,1493868
4.827690300401167e+03,4.826365962678370e+03,5.882352941176471e-01,1493869
4.828866770989402e+03,4.827538090743262e+03,5.882352941176471e-01,1493871
4.829479057977606e+03,4.828890822683489e+03,5.882352941176471e-01,1493873
4.830655528565842e+03,4.829433592397447e+03,5.882352941176471e-01,1493875
4.830655528565842e+03,4.828915705780718e+03,5.882352941176471e-01,1493874
4.833213052382871e+03,4.832408425882890e+03,5.882352941176471e-01,1493877
4.834627654592801e+03,4.834039419298684e+03,5.882352941176471e-01,1493879
4.835839185186463e+03,4.824650191369440e+03,1.176470588235294e+00,1493867
4.835839185186463e+03,4.820353530580068e+03,1.176470588235294e+00,1493858
4.836428966836765e+03,4.835840731542647e+03,5.882352941176471e-01,1493881
4.837015655774699e+03,4.819712182698697e+03,1.764705882352941e+00,1493856
4.838156895449353e+03,4.837568660155235e+03,5.882352941176471e-01,1493882
4.838745130743470e+03,4.837644741543645e+03,5.882352941176471e-01,1493883
4.840728891610193e+03,4.839953533268333e+03,5.882352941176471e-01,1493886
4.842493890315673e+03,4.841423214539449e+03,5.882352941176471e-01,1493888
4.843486244009993e+03,4.833334893435558e+03,1.176470588235294e+00,1493878
4.843486244009993e+03,4.832036581794635e+03,1.176470588235294e+00,1493876
4.844074479304110e+03,4.827623841133395e+03,1.764705882352941e+00,1493872
4.846023040610028e+03,4.845434805315910e+03,5.882352941176471e-01,1493889
4.846611275904145e+03,4.845669056661031e+03,5.882352941176471e-01,1493890
4.848375981786498e+03,4.846326001285752e+03,5.882352941176471e-01,1493893
4.848375981786498e+03,4.846087962997493e+03,5.882352941176471e-01,1493891
4.849368596951169e+03,4.841317419727437e+03,1.176470588235294e+00,1493887
4.849368596951169e+03,4.838424194755132e+03,1.176470588235294e+00,1493884
4.849956832245287e+03,4.839552421021958e+03,1.764705882352941e+00,1493885
4.852811442358710e+03,4.852045407599236e+03,5.882352941176471e-01,1493899
4.854701289849195e+03,4.853996530436991e+03,5.882352941176471e-01,1493901
4.855317414976348e+03,4.854729179682230e+03,5.882352941176471e-01,1493902
4.857643476750379e+03,4.856790211059622e+03,5.882352941176471e-01,1493904
4.858847294182793e+03,4.858150374785873e+03,5.882352941176471e-01,1493905
4.859435529476911e+03,4.858766231099549e+03,5.882352941176471e-01,1493906
4.860774066082555e+03,4.859499205242872e+03,5.882352941176471e-01,1493909
4.861362301376673e+03,4.860229240166580e+03,5.882352941176471e-01,1493913
4.861950536670790e+03,4.861064621083071e+03,5.882352941176471e-01,1493914
4.862538771964908e+03,4.846214182738347e+03,1.764705882352941e+00,1493892
4.863980397215126e+03,4.863392161921009e+03,5.882352941176471e-01,1493916
4.865240245322469e+03,4.864652010028351e+03,5.882352941176471e-01,1493917
4.866750032603969e+03,4.865666340970506e+03,5.882352941176471e-01,1493921
4.868024636397214e+03,4.866946299013987e+03,5.882352941176471e-01,1493925
4.870395248971965e+03,4.869781241824320e+03,5.882352941176471e-01,1493928
4.872159954854318e+03,4.870775116472131e+03,5.882352941176471e-01,1493931
4.872748190148436e+03,4.853524819260959e+03,1.764705882352941e+00,1493900
4.874326082096994e+03,4.873737846802877e+03,5.882352941176471e-01,1493932
4.876041661051335e+03,4.875453425757217e+03,5.882352941176471e-01,1493933
4.878358251981647e+03,4.877724634836202e+03,5.882352941176471e-01,1493934
4.878946487275765e+03,4.862569199099962e+03,1.764705882352941e+00,1493915
4.881666884525692e+03,4.881078649231574e+03,5.882352941176471e-01,1493935
4.882351075337171e+03,4.881355352483194e+03,5.882352941176471e-01,1493936
4.884032143901040e+03,4.883360271288438e+03,5.882352941176471e-01,1493940
4.886385085077510e+03,4.881858795560414e+03,1.764705882352941e+00,1493938
4.890118142273611e+03,4.889529906979494e+03,5.882352941176471e-01,1493942
4.892271088238334e+03,4.891682852944216e+03,5.882352941176471e-01,1493943
4.893745385679770e+03,4.893066587125050e+03,5.882352941176471e-01,1493945
4.896380752049252e+03,4.895792516755134e+03,5.882352941176471e-01,1493950
4.897088760713873e+03,4.896500525419755e+03,5.882352941176471e-01,1493951
4.897976145980695e+03,4.896928864511334e+03,5.882352941176471e-01,1493952
4.899152616568930e+03,4.898362451551636e+03,5.882352941176471e-01,1493955
4.900220441307888e+03,4.893164894004073e+03,1.176470588235294e+00,1493947
4.900808676602006e+03,4.892561171473114e+03,1.764705882352941e+00,1493944
4.901396911896123e+03,4.900571987556153e+03,5.882352941176471e-01,1493956
4.901985147190241e+03,4.901019576068099e+03,5.882352941176471e-01,1493957
4.902608540922686e+03,4.902020305628568e+03,5.882352941176471e-01,1493958
4.903749853072594e+03,4.897687060659282e+03,1.764705882352941e+00,1493954
4.904338088366712e+03,4.903742597027053e+03,5.882352941176471e-01,1493959
4.905463764235610e+03,4.904875528941492e+03,5.882352941176471e-01,1493960
4.906051999529728e+03,4.905104709165877e+03,5.882352941176471e-01,1493961
4.909308247556359e+03,4.908720012262241e+03,5.882352941176471e-01,1493962
4.910735757970312e+03,4.910147522676194e+03,5.882352941176471e-01,1493963
4.911323993264429e+03,4.910160778006024e+03,5.882352941176471e-01,1493964
4.912500463852665e+03,4.910849632249937e+03,1.176470588235294e+00,1493965
4.914827147840536e+03,4.914091389844877e+03,5.882352941176471e-01,1493969
4.916003618428771e+03,4.912621729365607e+03,1.176470588235294e+00,1493966
4.916591853722889e+03,4.912629869808865e+03,1.764705882352941e+00,1493967
4.920013422709771e+03,4.919425187415653e+03,5.882352941176471e-01,1493972
4.921109088762662e+03,4.917697046348389e+03,1.176470588235294e+00,1493971
4.921697324056780e+03,4.917579676997957e+03,1.764705882352941e+00,1493970
4.922743627941205e+03,4.922155392647087e+03,5.882352941176471e-01,1493974
4.922873794645015e+03,4.919937117249105e+03,1.176470588235294e+00,1493973
4.924710362003131e+03,4.923777314905260e+03,5.882352941176471e-01,1493976
4.925298597297248e+03,4.924260346871258e+03,5.882352941176471e-01,1493977
4.925886832591366e+03,4.924745278119591e+03,5.882352941176471e-01,1493978
4.926519793317891e+03,4.925686108829094e+03,5.882352941176471e-01,1493979
4.928950488160672e+03,4.928155065962614e+03,5.882352941176471e-01,1493986
4.930790771063857e+03,4.928522210942906e+03,5.882352941176471e-01,1493987
4.932282579084428e+03,4.931694343790311e+03,5.882352941176471e-01,1493993
4.934320182828563e+03,4.930515547672006e+03,1.176470588235294e+00,1493992
4.934908418122680e+03,4.923533891414895e+03,1.764705882352941e+00,1493975
4.937151314732439e+03,4.936177182132898e+03,5.882352941176471e-01,1493995
4.938327785320674e+03,4.937439259083977e+03,5.882352941176471e-01,1493999
4.938916020614792e+03,4.937872171050359e+03,5.882352941176471e-01,1494000
4.939629459951071e+03,4.939041224656953e+03,5.882352941176471e-01,1494001
4.940351579742838e+03,4.939763344448721e+03,5.882352941176471e-01,1494002
4.941186452539880e+03,4.940598217245762e+03,5.882352941176471e-01,1494003
4.941991152300430e+03,4.941402917006313e+03,5.882352941176471e-01,1494004
4.943621902967733e+03,4.935920044796945e+03,1.764705882352941e+00,1493994
4.944874019644544e+03,4.944285784350427e+03,5.882352941176471e-01,1494007
4.947226960821015e+03,4.946633483908860e+03,5.882352941176471e-01,1494011
4.948047009800569e+03,4.947458774506451e+03,5.882352941176471e-01,1494012
4.948916020614792e+03,4.943410794957796e+03,1.176470588235294e+00,1494006
4.948916020614792e+03,4.942592807309944e+03,1.176470588235294e+00,1494005
4.950376715377650e+03,4.949788480083532e+03,5.882352941176471e-01,1494013
4.951287029052788e+03,4.950698793758670e+03,5.882352941176471e-01,1494014
4.951857197085380e+03,4.945814764962097e+03,1.176470588235294e+00,1494010
4.952840194814909e+03,4.944576923703214e+03,1.764705882352941e+00,1494008
4.953428430109027e+03,4.952646721956204e+03,5.882352941176471e-01,1494015
4.954929032262694e+03,4.953914627457175e+03,5.882352941176471e-01,1494019
4.957262109352409e+03,4.956654009971536e+03,5.882352941176471e-01,1494021
4.957850344646527e+03,4.953025802994954e+03,1.764705882352941e+00,1494016
4.958438579940644e+03,4.957710592955720e+03,5.882352941176471e-01,1494022
4.960394103503864e+03,4.959805868209747e+03,5.882352941176471e-01,1494023
4.960982338797982e+03,4.960383284765097e+03,5.882352941176471e-01,1494024
4.962866007258279e+03,4.962277771964161e+03,5.882352941176471e-01,1494025
4.963927857909462e+03,4.963339622615344e+03,5.882352941176471e-01,1494026
4.966103489283273e+03,4.964338783400920e+03,1.764705882352941e+00,1494027
4.968241246004980e+03,4.967503513224028e+03,5.882352941176471e-01,1494029
4.968829481299098e+03,4.967691936248862e+03,5.882352941176471e-01,1494030
4.970005951887333e+03,4.967064775416745e+03,1.764705882352941e+00,1494028
4.971818560024013e+03,4.971196915772216e+03,5.882352941176471e-01,1494033
4.972500393372153e+03,4.971912158078036e+03,5.882352941176471e-01,1494034
4.973535363652039e+03,4.969717222828325e+03,1.764705882352941e+00,1494031
4.974123598946157e+03,4.973268155019281e+03,5.882352941176471e-01,1494035
4.974883077645859e+03,4.973591109899866e+03,5.882352941176471e-01,1494036
4.976086267788927e+03,4.974936516755526e+03,5.882352941176471e-01,1494040
4.978439208965398e+03,4.970642089435777e+03,1.764705882352941e+00,1494032
4.982489820454356e+03,4.981730450740245e+03,5.882352941176471e-01,1494048
4.982817796167194e+03,4.976524489401909e+03,1.764705882352941e+00,1494041
4.984582502049547e+03,4.980524050979362e+03,1.176470588235294e+00,1494046
4.984582502049547e+03,4.979287703840795e+03,1.176470588235294e+00,1494042
4.986935443226018e+03,4.979727908857321e+03,1.764705882352941e+00,1494043
4.987523678520135e+03,4.986675603027100e+03,5.882352941176471e-01,1494052
4.989288384402488e+03,4.985322076015674e+03,1.176470588235294e+00,1494050
4.989876619696606e+03,4.984791019099354e+03,1.764705882352941e+00,1494049
4.991850680022567e+03,4.991141503006183e+03,5.882352941176471e-01,1494054
4.992438915316684e+03,4.990085974140214e+03,1.764705882352941e+00,1494053
4.993256664525488e+03,4.992668429231370e+03,5.882352941176471e-01,1494055
4.993844899819606e+03,4.992702311472467e+03,5.882352941176471e-01,1494056
4.995164299265528e+03,4.994130757534979e+03,5.882352941176471e-01,1494059
4.995879582983722e+03,4.994696685823955e+03,5.882352941176471e-01,1494060
4.996467818277839e+03,4.995418396113680e+03,5.882352941176471e-01,1494062
4.998820759454310e+03,4.993708042437607e+03,1.764705882352941e+00,1494057
4.999408994748428e+03,4.998564420899898e+03,5.882352941176471e-01,1494065
5.001761935924898e+03,4.997014460020909e+03,1.764705882352941e+00,1494063
5.002938406513133e+03,5.000316506012194e+03,1.764705882352941e+00,1494066
5.003654522035803e+03,5.003066286741685e+03,5.882352941176471e-01,1494067
5.005091764086831e+03,5.004503528792714e+03,5.882352941176471e-01,1494068
5.006251125420183e+03,5.005662890126065e+03,5.882352941176471e-01,1494069
5.008348062315110e+03,5.007318340562487e+03,5.882352941176471e-01,1494074
5.009524532903345e+03,5.008201259775903e+03,5.882352941176471e-01,1494076
5.009524532903345e+03,5.008179072985981e+03,5.882352941176471e-01,1494075
5.010761585045014e+03,5.010173349750896e+03,5.882352941176471e-01,1494077
5.011349820339131e+03,5.010344403986262e+03,5.882352941176471e-01,1494078
5.012564985026395e+03,5.011457697907788e+03,5.882352941176471e-01,1494080
5.013741455614631e+03,5.012015443831306e+03,5.882352941176471e-01,1494082
5.014857344649433e+03,5.006289858761532e+03,1.764705882352941e+00,1494070
5.016033815237668e+03,5.015299778271247e+03,5.882352941176471e-01,1494085
5.017849155594541e+03,5.017260920300424e+03,5.882352941176471e-01,1494086
5.019266590433852e+03,5.017357122092201e+03,5.882352941176471e-01,1494087
5.021043054248981e+03,5.020284129131863e+03,5.882352941176471e-01,1494092
5.021950446977394e+03,5.021258868957014e+03,5.882352941176471e-01,1494093
5.022538682271512e+03,5.021511576016887e+03,5.882352941176471e-01,1494094
5.024303388153865e+03,5.010968913599997e+03,1.764705882352941e+00,1494079
5.025852686227849e+03,5.025264450933731e+03,5.882352941176471e-01,1494097
5.027244564624453e+03,5.019866583660745e+03,1.176470588235294e+00,1494091
5.027832799918571e+03,5.019092954912331e+03,1.764705882352941e+00,1494090
5.029365868008224e+03,5.028777632714106e+03,5.882352941176471e-01,1494098
5.031401110837444e+03,5.029636404955091e+03,1.764705882352941e+00,1494099
5.033297806844445e+03,5.032709571550327e+03,5.882352941176471e-01,1494101
5.033949524483532e+03,5.033361289189415e+03,5.882352941176471e-01,1494102
5.034272865087661e+03,5.031919923911190e+03,1.176470588235294e+00,1494100
5.036097085776590e+03,5.035508850482473e+03,5.882352941176471e-01,1494103
5.036815783272804e+03,5.036227547978686e+03,5.882352941176471e-01,1494104
5.040668286296708e+03,5.037727109826119e+03,1.764705882352941e+00,1494105
5.044036349643093e+03,5.041095173172505e+03,1.764705882352941e+00,1494107
5.044664807869208e+03,5.044076572575090e+03,5.882352941176471e-01,1494109
5.045924804384965e+03,5.045336569090848e+03,5.882352941176471e-01,1494110
5.047774218908611e+03,5.046009513026258e+03,1.764705882352941e+00,1494111
5.048362454202728e+03,5.047651081249424e+03,5.882352941176471e-01,1494112
5.050631767119372e+03,5.049992514022391e+03,5.882352941176471e-01,1494114
5.051220002413490e+03,5.049455296531137e+03,1.176470588235294e+00,1494113
5.051985925975753e+03,5.051397690681635e+03,5.882352941176471e-01,1494115
5.054640703057864e+03,5.054052467763746e+03,5.882352941176471e-01,1494117
5.055677059489306e+03,5.053324118312836e+03,1.764705882352941e+00,1494116
5.057664443658372e+03,5.057068730930368e+03,5.882352941176471e-01,1494119
5.058840914246608e+03,5.056487973070137e+03,1.764705882352941e+00,1494118
5.060099280603405e+03,5.059511045309287e+03,5.882352941176471e-01,1494120
5.061631187206763e+03,5.060454716618528e+03,1.176470588235294e+00,1494121
5.062421077739177e+03,5.061832842445060e+03,5.882352941176471e-01,1494122
5.063162764079698e+03,5.061981822655186e+03,5.882352941176471e-01,1494123
5.065240821206144e+03,5.062727979831983e+03,5.882352941176471e-01,1494125
5.065829056500261e+03,5.065149193189469e+03,5.882352941176471e-01,1494129
5.066579158154273e+03,5.065990922860156e+03,5.882352941176471e-01,1494130
5.068032493121681e+03,5.067188266002887e+03,5.882352941176471e-01,1494132
5.068620728415798e+03,5.067826313504545e+03,5.882352941176471e-01,1494133
5.069428146568019e+03,5.068839911273902e+03,5.882352941176471e-01,1494134
5.070016381862137e+03,5.069023918406305e+03,5.882352941176471e-01,1494135
5.070818571000039e+03,5.070230335705921e+03,5.882352941176471e-01,1494136
5.071995041588274e+03,5.071232613753766e+03,5.882352941176471e-01,1494138
5.072150140180504e+03,5.066856022533445e+03,1.176470588235294e+00,1494131
5.073130109058175e+03,5.072541873764057e+03,5.882352941176471e-01,1494139
5.073718344352293e+03,5.072786943487143e+03,5.882352941176471e-01,1494140
5.074306579646410e+03,5.073168644009641e+03,5.882352941176471e-01,1494141
5.075483050234646e+03,5.073924492044860e+03,5.882352941176471e-01,1494142
5.076267787239328e+03,5.070811637709074e+03,1.764705882352941e+00,1494137
5.078216236052704e+03,5.076951282565038e+03,5.882352941176471e-01,1494146
5.078804471346822e+03,5.077704844472497e+03,5.882352941176471e-01,1494149
5.079950886431855e+03,5.074301754672886e+03,1.764705882352941e+00,1494143
5.081715592314208e+03,5.076297842742529e+03,1.764705882352941e+00,1494144
5.082303827608326e+03,5.081453443654003e+03,5.882352941176471e-01,1494150
5.083922196739697e+03,5.083187624694597e+03,5.882352941176471e-01,1494153
5.085098667327932e+03,5.082172385759523e+03,1.764705882352941e+00,1494151
5.085686902622050e+03,5.084965918655143e+03,5.882352941176471e-01,1494154
5.088379623706685e+03,5.087791388412567e+03,5.882352941176471e-01,1494155
5.088967859000803e+03,5.088035748575567e+03,5.882352941176471e-01,1494156
5.090168137207519e+03,5.088991666619284e+03,1.176470588235294e+00,1494157
5.092473512176249e+03,5.090708806293896e+03,1.764705882352941e+00,1494158
5.095096525764064e+03,5.093331819881711e+03,1.764705882352941e+00,1494159
5.096808063055707e+03,5.096219827761589e+03,5.882352941176471e-01,1494160
5.099902490772466e+03,5.098300298421764e+03,5.882352941176471e-01,1494162
5.100895515059965e+03,5.100307279765847e+03,5.882352941176471e-01,1494164
5.102840650721554e+03,5.101790906052841e+03,5.882352941176471e-01,1494167
5.104020137831289e+03,5.098137784890113e+03,1.764705882352941e+00,1494161
5.105160514019053e+03,5.100367391341583e+03,1.176470588235294e+00,1494165
5.106336984607288e+03,5.105124419618581e+03,1.176470588235294e+00,1494168
5.107924713751993e+03,5.106376112588198e+03,5.882352941176471e-01,1494170
5.108512949046111e+03,5.107526973934240e+03,5.882352941176471e-01,1494173
5.109689419634346e+03,5.106367252211029e+03,1.764705882352941e+00,1494169
5.112955979072685e+03,5.112367743778568e+03,5.882352941176471e-01,1494174
5.113544214366803e+03,5.112713403956399e+03,5.882352941176471e-01,1494175
5.115811878417184e+03,5.114577839494534e+03,5.882352941176471e-01,1494179
5.117205153214287e+03,5.116245486834921e+03,5.882352941176471e-01,1494183
5.118031164988164e+03,5.117442929694047e+03,5.882352941176471e-01,1494184
5.119207635576399e+03,5.117820256943902e+03,5.882352941176471e-01,1494186
5.120034375031966e+03,5.119446139737849e+03,5.882352941176471e-01,1494187
5.121911035567229e+03,5.113675602924537e+03,1.764705882352941e+00,1494176
5.124852212037817e+03,5.117767799888271e+03,1.764705882352941e+00,1494185
5.127771313789293e+03,5.126989812615411e+03,5.882352941176471e-01,1494193
5.128969859096640e+03,5.121934882708536e+03,1.764705882352941e+00,1494188
5.130734564978993e+03,5.126006607906940e+03,1.764705882352941e+00,1494191
5.131972562493817e+03,5.131384327199700e+03,5.882352941176471e-01,1494194
5.133781111395755e+03,5.132627579876337e+03,5.882352941176471e-01,1494196
5.134671637044224e+03,5.134083401750106e+03,5.882352941176471e-01,1494197
5.135700438592377e+03,5.135112203298259e+03,5.882352941176471e-01,1494198
5.136134052572226e+03,5.132604640807520e+03,1.764705882352941e+00,1494195
5.138144411224178e+03,5.136967940635942e+03,1.176470588235294e+00,1494199
5.139866306806218e+03,5.139278071512101e+03,5.882352941176471e-01,1494200
5.145729688331231e+03,5.144623641364274e+03,5.882352941176471e-01,1494202
5.147623275308629e+03,5.147035040014511e+03,5.882352941176471e-01,1494204
5.148211510602747e+03,5.147300882038788e+03,5.882352941176471e-01,1494205
5.148670864801819e+03,5.144553217742996e+03,1.176470588235294e+00,1494201
5.149259100095937e+03,5.145631866651860e+03,1.764705882352941e+00,1494203
5.152064020657019e+03,5.151078291261565e+03,5.882352941176471e-01,1494209
5.153376747154760e+03,5.148960001776463e+03,1.764705882352941e+00,1494206
5.154553217742996e+03,5.153893424918617e+03,5.882352941176471e-01,1494212
5.158082629507701e+03,5.150299314774666e+03,1.764705882352941e+00,1494207
5.158670864801819e+03,5.157915967175353e+03,5.882352941176471e-01,1494214
5.159847335390054e+03,5.154666050654756e+03,1.764705882352941e+00,1494213
5.162045176704575e+03,5.160280470822222e+03,1.764705882352941e+00,1494215
5.162716257727982e+03,5.162128022433864e+03,5.882352941176471e-01,1494216
5.164700828149820e+03,5.164085247090438e+03,5.882352941176471e-01,1494218
5.165289063443938e+03,5.164510632774726e+03,5.882352941176471e-01,1494219
5.166465534032173e+03,5.163524357561585e+03,1.764705882352941e+00,1494217
5.170243228466590e+03,5.169188114988263e+03,5.882352941176471e-01,1494221
5.170831463760707e+03,5.169066757878354e+03,1.176470588235294e+00,1494220
5.175982151279011e+03,5.175393915984893e+03,5.882352941176471e-01,1494222
5.176620924961890e+03,5.176032689667772e+03,5.882352941176471e-01,1494223
5.180585903622727e+03,5.179997668328609e+03,5.882352941176471e-01,1494224
5.183098127196273e+03,5.182509891902155e+03,5.882352941176471e-01,1494228
5.184267791757078e+03,5.182673540893671e+03,5.882352941176471e-01,1494229
5.185444262345313e+03,5.184632532888615e+03,5.882352941176471e-01,1494232
5.187049685830590e+03,5.180733392969811e+03,1.176470588235294e+00,1494226
5.187637921124708e+03,5.180325129152246e+03,1.764705882352941e+00,1494225
5.188645819296553e+03,5.188057584002436e+03,5.882352941176471e-01,1494233
5.189234054590671e+03,5.188378619299916e+03,5.882352941176471e-01,1494234
5.189990862301178e+03,5.184260985729647e+03,1.764705882352941e+00,1494231
5.191648124585970e+03,5.191059889291852e+03,5.882352941176471e-01,1494236
5.193035115746420e+03,5.191257588709667e+03,5.882352941176471e-01,1494237
5.194457516647149e+03,5.190129349016110e+03,1.764705882352941e+00,1494235
5.195045751941266e+03,5.194300150403122e+03,5.882352941176471e-01,1494241
5.195633987235384e+03,5.195015608743072e+03,5.882352941176471e-01,1494242
5.196810457823619e+03,5.195567543730168e+03,5.882352941176471e-01,1494244
5.198575163705972e+03,5.192846258385469e+03,1.764705882352941e+00,1494240
5.201246892783660e+03,5.200544719540231e+03,5.882352941176471e-01,1494247
5.203022746406427e+03,5.201768071387713e+03,5.882352941176471e-01,1494251
5.203022746406427e+03,5.201269188264488e+03,5.882352941176471e-01,1494250
5.203610981700544e+03,5.198893951607189e+03,1.764705882352941e+00,1494245
5.206024832789753e+03,5.204326466177282e+03,5.882352941176471e-01,1494253
5.207371179325897e+03,5.206090104997630e+03,5.882352941176471e-01,1494258
5.208547649914133e+03,5.206851563953765e+03,5.882352941176471e-01,1494261
5.209668794564245e+03,5.199666239679559e+03,1.764705882352941e+00,1494246
5.211858579031573e+03,5.211188765382884e+03,5.882352941176471e-01,1494263
5.212446814325690e+03,5.204254542932785e+03,1.764705882352941e+00,1494252
5.213149821356156e+03,5.212561586062038e+03,5.882352941176471e-01,1494264
5.214326291944391e+03,5.213087849525515e+03,5.882352941176471e-01,1494266
5.214326291944391e+03,5.212895838764409e+03,5.882352941176471e-01,1494265
5.216165812637342e+03,5.214401106754989e+03,1.764705882352941e+00,1494267
5.217480994149496e+03,5.216360453636086e+03,5.882352941176471e-01,1494269
5.218089990942661e+03,5.216913306999208e+03,5.882352941176471e-01,1494270
5.218678226236779e+03,5.217522517147592e+03,5.882352941176471e-01,1494272
5.219266461530897e+03,5.218537468590898e+03,5.882352941176471e-01,1494273
5.220442932119132e+03,5.216304523561260e+03,1.176470588235294e+00,1494268
5.221619402707367e+03,5.219614858972251e+03,1.764705882352941e+00,1494274
5.224012102736883e+03,5.222734822250258e+03,5.882352941176471e-01,1494277
5.224012102736883e+03,5.222301168782135e+03,5.882352941176471e-01,1494276
5.225188573325118e+03,5.222247396854530e+03,1.764705882352941e+00,1494275
5.225776808619236e+03,5.225123505219831e+03,5.882352941176471e-01,1494278
5.227059016224546e+03,5.226470780930428e+03,5.882352941176471e-01,1494279
5.228698798615742e+03,5.227985639830468e+03,5.882352941176471e-01,1494282
5.229875269203977e+03,5.229246513169193e+03,5.882352941176471e-01,1494284
5.231363179170517e+03,5.230774943876399e+03,5.882352941176471e-01,1494285
5.232559582323860e+03,5.231971347029743e+03,5.882352941176471e-01,1494286
5.233387522946465e+03,5.226919641724190e+03,1.764705882352941e+00,1494280
5.233975758240583e+03,5.233370364924247e+03,5.882352941176471e-01,1494287
5.234754477358233e+03,5.234166242064116e+03,5.882352941176471e-01,1494288
5.235342712652351e+03,5.234635026996160e+03,5.882352941176471e-01,1494289
5.235930947946469e+03,5.234918621842610e+03,5.882352941176471e-01,1494290
5.237107418534704e+03,5.236360917296084e+03,5.882352941176471e-01,1494292
5.238283889122939e+03,5.235679418374143e+03,1.764705882352941e+00,1494291
5.239748540430580e+03,5.238664708225692e+03,5.882352941176471e-01,1494294
5.240376504487588e+03,5.239788269193470e+03,5.882352941176471e-01,1494295
5.241513246312933e+03,5.240908088621494e+03,5.882352941176471e-01,1494296
5.242689716901168e+03,5.238572069842345e+03,1.764705882352941e+00,1494293
5.243277952195286e+03,5.242468654967016e+03,5.882352941176471e-01,1494298
5.244133341387488e+03,5.243545106093371e+03,5.882352941176471e-01,1494299
5.245630893371756e+03,5.241105995937942e+03,1.764705882352941e+00,1494297
5.246622751445835e+03,5.246034516151718e+03,5.882352941176471e-01,1494301
5.247395599254109e+03,5.244097852631045e+03,1.764705882352941e+00,1494300
5.247983834548227e+03,5.247310518128754e+03,5.882352941176471e-01,1494302
5.249748540430580e+03,5.247671065005226e+03,1.176470588235294e+00,1494303
5.250553226406830e+03,5.249964991112712e+03,5.882352941176471e-01,1494305
5.250925011018815e+03,5.248904655918252e+03,1.176470588235294e+00,1494304
5.252712364863308e+03,5.252124129569190e+03,5.882352941176471e-01,1494306
5.253951182124864e+03,5.253236904181356e+03,5.882352941176471e-01,1494308
5.255127652713099e+03,5.254483755807430e+03,5.882352941176471e-01,1494309
5.255715888007217e+03,5.252774711536628e+03,1.764705882352941e+00,1494307
5.256321853571563e+03,5.255733618277446e+03,5.882352941176471e-01,1494310
5.259354982588204e+03,5.258766747294087e+03,5.882352941176471e-01,1494311
5.263640992288623e+03,5.263052756994505e+03,5.882352941176471e-01,1494312
5.264397874932047e+03,5.263809639637930e+03,5.882352941176471e-01,1494313
5.265289897640576e+03,5.264701662346458e+03,5.882352941176471e-01,1494314
5.269253971438990e+03,5.266707774280544e+03,5.882352941176471e-01,1494318
5.270358183855991e+03,5.265434373813383e+03,1.176470588235294e+00,1494315
5.271980011740739e+03,5.271391776446622e+03,5.882352941176471e-01,1494323
5.272568247034857e+03,5.271508390282740e+03,5.882352941176471e-01,1494324
5.274309293042570e+03,5.266094867278735e+03,1.764705882352941e+00,1494316
5.275017503674217e+03,5.274429268380099e+03,5.882352941176471e-01,1494326
5.276073998924923e+03,5.273049553518213e+03,1.764705882352941e+00,1494325
5.279346587009932e+03,5.278758351715814e+03,5.882352941176471e-01,1494327
5.280686973032182e+03,5.279510502443947e+03,1.176470588235294e+00,1494328
5.281275208326300e+03,5.280572894012840e+03,5.882352941176471e-01,1494329
5.281863443620418e+03,5.281018831402396e+03,5.882352941176471e-01,1494330
5.282729705371122e+03,5.282141470077004e+03,5.882352941176471e-01,1494331
5.283317940665239e+03,5.282551929725783e+03,5.882352941176471e-01,1494332
5.285113194391098e+03,5.284524959096980e+03,5.882352941176471e-01,1494334
5.286130578221617e+03,5.284670502934149e+03,5.882352941176471e-01,1494335
5.286718813515734e+03,5.285971491463900e+03,5.882352941176471e-01,1494337
5.287864736260464e+03,5.283229395007942e+03,1.764705882352941e+00,1494333
5.289293076842744e+03,5.288704841548626e+03,5.882352941176471e-01,1494339
5.289629442142817e+03,5.286283447291613e+03,1.764705882352941e+00,1494338
5.291919872251697e+03,5.291331636957579e+03,5.882352941176471e-01,1494340
5.294757914013027e+03,5.293897710917891e+03,5.882352941176471e-01,1494344
5.296102607303298e+03,5.295514372009180e+03,5.882352941176471e-01,1494345
5.297213989898756e+03,5.291918047030093e+03,1.764705882352941e+00,1494341
5.297802225192874e+03,5.297171130280855e+03,5.882352941176471e-01,1494347
5.300155166369344e+03,5.293581443424791e+03,1.764705882352941e+00,1494343
5.300749870674599e+03,5.300161635380482e+03,5.882352941176471e-01,1494349
5.301919872251697e+03,5.298348072910878e+03,1.764705882352941e+00,1494348
5.302915107569699e+03,5.302326872275581e+03,5.882352941176471e-01,1494350
5.304141500225111e+03,5.303553264930993e+03,5.882352941176471e-01,1494351
5.305217429850273e+03,5.304629194556155e+03,5.882352941176471e-01,1494352
5.305805665144391e+03,5.305082178733502e+03,5.882352941176471e-01,1494353
5.307570371026744e+03,5.306546824029650e+03,5.882352941176471e-01,1494356
5.308158606320861e+03,5.307547185111774e+03,5.882352941176471e-01,1494357
5.308900995448226e+03,5.307746726047953e+03,5.882352941176471e-01,1494358
5.311253936624697e+03,5.305445675399581e+03,1.176470588235294e+00,1494354
5.311842171918814e+03,5.305906171380883e+03,1.764705882352941e+00,1494355
5.314669113502569e+03,5.314080878208451e+03,5.882352941176471e-01,1494363
5.315257348796687e+03,5.314088880983621e+03,5.882352941176471e-01,1494364
5.317099038661485e+03,5.316510803367367e+03,5.882352941176471e-01,1494366
5.318097433783120e+03,5.312215080841944e+03,1.764705882352941e+00,1494361
5.319862139665473e+03,5.315763664426237e+03,1.764705882352941e+00,1494365
5.323323824204597e+03,5.322735588910480e+03,5.882352941176471e-01,1494368
5.325419147917191e+03,5.324830912623073e+03,5.882352941176471e-01,1494370
5.326595618505426e+03,5.325370602504562e+03,5.882352941176471e-01,1494372
5.326595618505426e+03,5.325060595430247e+03,5.882352941176471e-01,1494371
5.328048838112392e+03,5.327071268661923e+03,5.882352941176471e-01,1494374
5.328929545026593e+03,5.324223662673652e+03,1.764705882352941e+00,1494369
5.330694250908946e+03,5.328811287637928e+03,1.176470588235294e+00,1494375
5.330694250908946e+03,5.326872367524157e+03,1.176470588235294e+00,1494373
5.332155320269596e+03,5.331567084975478e+03,5.882352941176471e-01,1494376
5.333870998281228e+03,5.332694527692993e+03,1.176470588235294e+00,1494377
5.335071364236009e+03,5.334483128941892e+03,5.882352941176471e-01,1494378
5.337067428399129e+03,5.335728259215210e+03,5.882352941176471e-01,1494381
5.337655663693247e+03,5.336710551385778e+03,5.882352941176471e-01,1494383
5.339420369575600e+03,5.334946809249471e+03,1.764705882352941e+00,1494379
5.340535719644862e+03,5.339947484350744e+03,5.882352941176471e-01,1494384
5.342567955735848e+03,5.341979720441730e+03,5.882352941176471e-01,1494385
5.343164069414455e+03,5.342575834120338e+03,5.882352941176471e-01,1494386
5.344571641450130e+03,5.343983406156013e+03,5.882352941176471e-01,1494387
5.345159876744248e+03,5.344039381782964e+03,5.882352941176471e-01,1494388
5.347307895863816e+03,5.346719660569698e+03,5.882352941176471e-01,1494389
5.350839368815811e+03,5.349469692485860e+03,5.882352941176471e-01,1494397
5.350839368815811e+03,5.349292244221084e+03,5.882352941176471e-01,1494396
5.351523784322441e+03,5.350935549028323e+03,5.882352941176471e-01,1494398
5.352112019616559e+03,5.351148383676139e+03,5.882352941176471e-01,1494399
5.352969005930084e+03,5.352380770635966e+03,5.882352941176471e-01,1494400
5.355598668430171e+03,5.354664568068114e+03,5.882352941176471e-01,1494405
5.356186903724289e+03,5.355252253341168e+03,5.882352941176471e-01,1494406
5.357951609606642e+03,5.356179838408094e+03,5.882352941176471e-01,1494409
5.357951609606642e+03,5.355779243845965e+03,5.882352941176471e-01,1494407
5.360004423737541e+03,5.359416188443423e+03,5.882352941176471e-01,1494411
5.361769129619894e+03,5.360801738286498e+03,5.882352941176471e-01,1494414
5.362292560727663e+03,5.347777161796506e+03,1.176470588235294e+00,1494391
5.363128411440217e+03,5.362540176146100e+03,5.882352941176471e-01,1494415
5.363716646734335e+03,5.363072363866407e+03,5.882352941176471e-01,1494416
5.364057266610016e+03,5.347656085121109e+03,1.764705882352941e+00,1494390
5.365185848720799e+03,5.364597613426682e+03,5.882352941176471e-01,1494417
5.365774084014917e+03,5.364742835477665e+03,5.882352941176471e-01,1494418
5.367729417338642e+03,5.367141182044524e+03,5.882352941176471e-01,1494419
5.371433665468040e+03,5.352620929822533e+03,1.764705882352941e+00,1494401
5.373883412435425e+03,5.373295177141308e+03,5.882352941176471e-01,1494423
5.374471647729543e+03,5.373409340771706e+03,5.882352941176471e-01,1494424
5.375908929867945e+03,5.374993270829876e+03,5.882352941176471e-01,1494427
5.376497165162062e+03,5.375743270008305e+03,5.882352941176471e-01,1494428
5.377085400456180e+03,5.375915738583281e+03,5.882352941176471e-01,1494429
5.377576829959383e+03,5.369623849591436e+03,1.764705882352941e+00,1494420
5.379081204380965e+03,5.378492969086848e+03,5.882352941176471e-01,1494430
5.380351789536619e+03,5.371479874418909e+03,1.764705882352941e+00,1494422
5.380940024830737e+03,5.380185572643267e+03,5.882352941176471e-01,1494431
5.382515556433661e+03,5.381927321139544e+03,5.882352941176471e-01,1494432
5.384833799544493e+03,5.384245564250375e+03,5.882352941176471e-01,1494433
5.386138118262529e+03,5.385549882968412e+03,5.882352941176471e-01,1494435
5.387186740720963e+03,5.384780490731035e+03,1.764705882352941e+00,1494434
5.387774976015081e+03,5.387041419896489e+03,5.882352941176471e-01,1494436
5.388456576801451e+03,5.387868341507334e+03,5.882352941176471e-01,1494437
5.389210258672975e+03,5.388070205214266e+03,5.882352941176471e-01,1494438
5.389798493967092e+03,5.388704746667560e+03,5.882352941176471e-01,1494441
5.393201828785296e+03,5.392527012173418e+03,5.882352941176471e-01,1494443
5.394378299373531e+03,5.392025358197061e+03,1.764705882352941e+00,1494442
5.395554769961766e+03,5.394342024609203e+03,5.882352941176471e-01,1494445
5.396465080933336e+03,5.395876845639219e+03,5.882352941176471e-01,1494446
5.396731240550002e+03,5.394179090805379e+03,1.176470588235294e+00,1494444
5.405414320742014e+03,5.404826085447896e+03,5.882352941176471e-01,1494447
5.407539280750313e+03,5.406909807573885e+03,5.882352941176471e-01,1494450
5.410433540905533e+03,5.409798389296046e+03,5.882352941176471e-01,1494453
5.411610011493768e+03,5.410473466769760e+03,5.882352941176471e-01,1494455
5.412198246787886e+03,5.405774574867960e+03,1.764705882352941e+00,1494448
5.413962952670238e+03,5.407583808603246e+03,1.176470588235294e+00,1494451
5.414551187964356e+03,5.407587826389715e+03,1.764705882352941e+00,1494452
5.416361853141343e+03,5.415773617847225e+03,5.882352941176471e-01,1494456
5.418777621311506e+03,5.418189386017388e+03,5.882352941176471e-01,1494457
5.419365856605623e+03,5.418308303275351e+03,5.882352941176471e-01,1494458
5.420542327193859e+03,5.419560109356870e+03,5.882352941176471e-01,1494460
5.421718797782094e+03,5.419227455479681e+03,1.764705882352941e+00,1494459
5.423653629341147e+03,5.421888923458794e+03,1.764705882352941e+00,1494461
5.426016197680194e+03,5.425427962386076e+03,5.882352941176471e-01,1494462
5.427196853438527e+03,5.426608618144409e+03,5.882352941176471e-01,1494463
5.427824421062487e+03,5.427236185768370e+03,5.882352941176471e-01,1494464
5.428506496638053e+03,5.427918261343935e+03,5.882352941176471e-01,1494465
5.431396340983952e+03,5.430009378533136e+03,5.882352941176471e-01,1494467
5.433749282160422e+03,5.429979684789830e+03,1.764705882352941e+00,1494466
5.434972869415178e+03,5.434384634121060e+03,5.882352941176471e-01,1494470
5.436353722395071e+03,5.435765487100953e+03,5.882352941176471e-01,1494471
5.439630308245712e+03,5.439042072951594e+03,5.882352941176471e-01,1494473
5.440719575498475e+03,5.438366634322004e+03,1.764705882352941e+00,1494472
5.442108504427054e+03,5.440932033838819e+03,1.176470588235294e+00,1494474
5.444383273397269e+03,5.443795038103151e+03,5.882352941176471e-01,1494475
5.449504621734659e+03,5.448916386440541e+03,5.882352941176471e-01,1494476
5.453542604741974e+03,5.450601428271386e+03,1.764705882352941e+00,1494477
5.455307310624327e+03,5.451428789239446e+03,1.764705882352941e+00,1494478
5.456548605002555e+03,5.455960369708437e+03,5.882352941176471e-01,1494480
5.458270512001383e+03,5.457682276707265e+03,5.882352941176471e-01,1494481
5.461669438037326e+03,5.461081202743208e+03,5.882352941176471e-01,1494482
5.465323249287588e+03,5.464735013993471e+03,5.882352941176471e-01,1494483
5.466594576056749e+03,5.466006340762631e+03,5.882352941176471e-01,1494484
5.468346670307022e+03,5.467232614463555e+03,5.882352941176471e-01,1494486
5.468934905601140e+03,5.467915037464122e+03,5.882352941176471e-01,1494488
5.471270560967906e+03,5.469750395898675e+03,5.882352941176471e-01,1494491
5.471858796262023e+03,5.471253275158201e+03,5.882352941176471e-01,1494493
5.473979351875724e+03,5.473391116581607e+03,5.882352941176471e-01,1494495
5.476593912064044e+03,5.476005676769927e+03,5.882352941176471e-01,1494497
5.477152913909082e+03,5.467013597267570e+03,1.764705882352941e+00,1494485
5.477814746031702e+03,5.477226510737584e+03,5.882352941176471e-01,1494498
5.478917619791435e+03,5.474224633720245e+03,1.764705882352941e+00,1494496
5.480936631905516e+03,5.480348396611398e+03,5.882352941176471e-01,1494499
5.484798638350041e+03,5.483033932467688e+03,1.764705882352941e+00,1494500
5.485386873644158e+03,5.484695565989975e+03,5.882352941176471e-01,1494501
5.490475998684401e+03,5.488711292802048e+03,1.764705882352941e+00,1494502
5.494933393893113e+03,5.493168688010761e+03,1.764705882352941e+00,1494503
5.499134921818858e+03,5.498335617995651e+03,5.882352941176471e-01,1494506
5.500530849540890e+03,5.499942614246773e+03,5.882352941176471e-01,1494507
5.503490740612440e+03,5.502902505318323e+03,5.882352941176471e-01,1494511
5.504078975906558e+03,5.502914260209498e+03,5.882352941176471e-01,1494512
5.504667211200676e+03,5.503980357900680e+03,5.882352941176471e-01,1494513
5.506830589562593e+03,5.506052791453922e+03,5.882352941176471e-01,1494517
5.507442360386908e+03,5.506257539251069e+03,5.882352941176471e-01,1494518
5.508386482495223e+03,5.506877660622988e+03,5.882352941176471e-01,1494520
5.509324781348699e+03,5.497370215936505e+03,1.764705882352941e+00,1494504
5.512453665894825e+03,5.511865430600707e+03,5.882352941176471e-01,1494524
5.515250966712716e+03,5.513648601458750e+03,5.882352941176471e-01,1494531
5.516879830447819e+03,5.516291595153701e+03,5.882352941176471e-01,1494534
5.517468065741937e+03,5.516526368629288e+03,5.882352941176471e-01,1494535
5.519180905696002e+03,5.500284045274522e+03,1.764705882352941e+00,1494508
5.519848642959254e+03,5.519260407665136e+03,5.882352941176471e-01,1494536
5.521940439967506e+03,5.521352204673388e+03,5.882352941176471e-01,1494538
5.523522313742451e+03,5.511223427412100e+03,1.176470588235294e+00,1494523
5.525628568898231e+03,5.524793647583423e+03,5.882352941176471e-01,1494542
5.527968542350851e+03,5.527295605909192e+03,5.882352941176471e-01,1494543
5.530034677064738e+03,5.529033202471128e+03,5.882352941176471e-01,1494551
5.530636194485421e+03,5.530047959191303e+03,5.882352941176471e-01,1494552
5.532387618241209e+03,5.520743750881031e+03,1.764705882352941e+00,1494537
5.533717341780657e+03,5.533129106486539e+03,5.882352941176471e-01,1494555
5.536164046417586e+03,5.535059953909296e+03,5.882352941176471e-01,1494558
5.537065200278745e+03,5.527432451913809e+03,1.176470588235294e+00,1494545
5.539418141455216e+03,5.534399340535233e+03,1.176470588235294e+00,1494556
5.540039843610899e+03,5.539451608316781e+03,5.882352941176471e-01,1494560
5.543582076332176e+03,5.534930295628489e+03,1.764705882352941e+00,1494557
5.547124515220879e+03,5.546536279926762e+03,5.882352941176471e-01,1494570
5.548806482981705e+03,5.540074578202498e+03,1.176470588235294e+00,1494561
5.549394718275822e+03,5.548792540782199e+03,5.882352941176471e-01,1494571
5.551564015103408e+03,5.550975779809290e+03,5.882352941176471e-01,1494575
5.553364041166881e+03,5.552775805872763e+03,5.882352941176471e-01,1494577
5.553952276460998e+03,5.552796803111472e+03,5.882352941176471e-01,1494578
5.554540511755116e+03,5.553815283722961e+03,5.882352941176471e-01,1494579
5.555735441185478e+03,5.555039037993921e+03,5.882352941176471e-01,1494580
5.556323676479596e+03,5.555296539996056e+03,5.882352941176471e-01,1494581
5.556911911773714e+03,5.545549310949611e+03,1.764705882352941e+00,1494569
5.558183693572990e+03,5.557595458278873e+03,5.882352941176471e-01,1494582
5.558953821103649e+03,5.557705268016848e+03,5.882352941176471e-01,1494583
5.560492668657740e+03,5.559527455082055e+03,5.882352941176471e-01,1494588
5.561682166823133e+03,5.560508964515774e+03,5.882352941176471e-01,1494593
5.562579311440750e+03,5.561095013364916e+03,5.882352941176471e-01,1494596
5.564836941406179e+03,5.551825004284485e+03,1.764705882352941e+00,1494576
5.565975030601695e+03,5.565386795307577e+03,5.882352941176471e-01,1494601
5.567315007667214e+03,5.566302043556262e+03,5.882352941176471e-01,1494604
5.568077742209068e+03,5.567489506914951e+03,5.882352941176471e-01,1494605
5.569784911761565e+03,5.569196676467447e+03,5.882352941176471e-01,1494606
5.570882800824640e+03,5.562299985470132e+03,1.176470588235294e+00,1494598
5.570882800824640e+03,5.559979993340275e+03,1.176470588235294e+00,1494590
5.571471036118757e+03,5.558456531927802e+03,1.764705882352941e+00,1494586
5.572808033673613e+03,5.572219798379495e+03,5.882352941176471e-01,1494607
5.573823977295228e+03,5.565616911725040e+03,1.764705882352941e+00,1494602
5.576115629744719e+03,5.575466105723622e+03,5.882352941176471e-01,1494610
5.577292100332954e+03,5.576661665048559e+03,5.882352941176471e-01,1494612
5.577880335627072e+03,5.572778812082138e+03,1.764705882352941e+00,1494608
5.578468570921190e+03,5.575569062794620e+03,1.176470588235294e+00,1494611
5.580227774843751e+03,5.579639539549633e+03,5.882352941176471e-01,1494613
5.581209764396881e+03,5.580621529102763e+03,5.882352941176471e-01,1494614
5.581807494381353e+03,5.581219259087235e+03,5.882352941176471e-01,1494615
5.585502157626323e+03,5.584913922332205e+03,5.882352941176471e-01,1494616
5.587149443058106e+03,5.586561207763989e+03,5.882352941176471e-01,1494617
5.589697637261323e+03,5.589109401967205e+03,5.882352941176471e-01,1494618
5.596507395076008e+03,5.593566218605419e+03,1.764705882352941e+00,1494619
5.600136783614914e+03,5.597195607144325e+03,1.764705882352941e+00,1494621
5.606573709975802e+03,5.605112597231844e+03,5.882352941176471e-01,1494624
5.607179753851951e+03,5.606591518557833e+03,5.882352941176471e-01,1494626
5.607767989146068e+03,5.606605528532962e+03,5.882352941176471e-01,1494627
5.608356224440186e+03,5.607564779053131e+03,5.882352941176471e-01,1494628
5.611409142233475e+03,5.610094768570573e+03,5.882352941176471e-01,1494632
5.611409142233475e+03,5.609968552116784e+03,5.882352941176471e-01,1494631
5.613826092513191e+03,5.613237857219073e+03,5.882352941176471e-01,1494635
5.614220768799331e+03,5.604809004093449e+03,1.764705882352941e+00,1494623
5.615146871531546e+03,5.614558636237428e+03,5.882352941176471e-01,1494636
5.617161945269919e+03,5.609595702198492e+03,1.176470588235294e+00,1494630
5.617780960503955e+03,5.617192725209837e+03,5.882352941176471e-01,1494637
5.618528129453439e+03,5.617939894159321e+03,5.882352941176471e-01,1494638
5.618926651152272e+03,5.609056201057005e+03,1.764705882352941e+00,1494629
5.619598532208242e+03,5.619010296914125e+03,5.882352941176471e-01,1494639
5.621689350957856e+03,5.621101115663738e+03,5.882352941176471e-01,1494640
5.623573499317488e+03,5.622516471206532e+03,5.882352941176471e-01,1494644
5.625610615963229e+03,5.625022380669111e+03,5.882352941176471e-01,1494647
5.626425497862171e+03,5.625551377849169e+03,5.882352941176471e-01,1494648
5.627013733156289e+03,5.626063909172878e+03,5.882352941176471e-01,1494650
5.628394120595384e+03,5.627693977621396e+03,5.882352941176471e-01,1494651
5.628982355889502e+03,5.621170332816602e+03,1.764705882352941e+00,1494641
5.630158826477737e+03,5.623600666855143e+03,1.176470588235294e+00,1494645
5.630747061771855e+03,5.624029529988394e+03,1.764705882352941e+00,1494646
5.631912988241417e+03,5.631324752947299e+03,5.882352941176471e-01,1494652
5.634021908948808e+03,5.632522018709347e+03,5.882352941176471e-01,1494654
5.635467699376084e+03,5.634879464081966e+03,5.882352941176471e-01,1494656
5.635668718941709e+03,5.632257203066455e+03,1.176470588235294e+00,1494653
5.636288592500826e+03,5.635550823052256e+03,5.882352941176471e-01,1494657
5.636876827794943e+03,5.635731995471707e+03,5.882352941176471e-01,1494659
5.638641533677296e+03,5.636518216555735e+03,1.176470588235294e+00,1494660
5.639818004265532e+03,5.639187236531736e+03,5.882352941176471e-01,1494662
5.642258174669283e+03,5.641090055631370e+03,5.882352941176471e-01,1494667
5.642846409963401e+03,5.641934756726961e+03,5.882352941176471e-01,1494668
5.644912904274017e+03,5.643990389844253e+03,5.882352941176471e-01,1494672
5.645453307298343e+03,5.637705042386605e+03,1.764705882352941e+00,1494661
5.648780557759721e+03,5.648192322465604e+03,5.882352941176471e-01,1494674
5.649946266382189e+03,5.649304800270797e+03,5.882352941176471e-01,1494675
5.651122736970424e+03,5.650118528686613e+03,5.882352941176471e-01,1494677
5.651710972264542e+03,5.639495044644183e+03,1.764705882352941e+00,1494663
5.655024159309477e+03,5.654327811655475e+03,5.882352941176471e-01,1494680
5.655612394603595e+03,5.649544254896469e+03,1.764705882352941e+00,1494676
5.657346010659085e+03,5.656757775364967e+03,5.882352941176471e-01,1494681
5.659356596992829e+03,5.657591891110476e+03,1.764705882352941e+00,1494682
5.660971613045150e+03,5.660199592394780e+03,5.882352941176471e-01,1494684
5.661559848339268e+03,5.659795142456915e+03,1.176470588235294e+00,1494683
5.664234924097487e+03,5.662646341715108e+03,5.882352941176471e-01,1494686
5.665411394685722e+03,5.662470218215134e+03,1.176470588235294e+00,1494685
5.667176100568075e+03,5.662826203336917e+03,1.764705882352941e+00,1494687
5.668147098452592e+03,5.667558863158474e+03,5.882352941176471e-01,1494690
5.668735333746709e+03,5.667743826064410e+03,5.882352941176471e-01,1494691
5.669460788705138e+03,5.665452586886333e+03,1.176470588235294e+00,1494688
5.671270059263209e+03,5.670681823969091e+03,5.882352941176471e-01,1494693
5.673578435763962e+03,5.669392535665730e+03,1.764705882352941e+00,1494692
5.675829557232823e+03,5.675190412084900e+03,5.882352941176471e-01,1494697
5.676417792526940e+03,5.671094564235650e+03,1.764705882352941e+00,1494694
5.680448793520334e+03,5.679860558226216e+03,5.882352941176471e-01,1494698
5.681175158955336e+03,5.679885229360988e+03,5.882352941176471e-01,1494699
5.681763394249453e+03,5.680725053802102e+03,5.882352941176471e-01,1494701
5.686007415039125e+03,5.685419179745007e+03,5.882352941176471e-01,1494702
5.686595650333242e+03,5.685453046904549e+03,5.882352941176471e-01,1494703
5.690282797261665e+03,5.689463413450158e+03,5.882352941176471e-01,1494707
5.692013371696790e+03,5.690373949137566e+03,5.882352941176471e-01,1494709
5.692601606990907e+03,5.691979240249562e+03,5.882352941176471e-01,1494711
5.693189842285025e+03,5.692145260774367e+03,5.882352941176471e-01,1494712
5.695542783461496e+03,5.687341620791076e+03,1.764705882352941e+00,1494704
5.696343161796920e+03,5.695754926502803e+03,5.882352941176471e-01,1494716
5.702635717716290e+03,5.702047482422173e+03,5.882352941176471e-01,1494724
5.703869696225960e+03,5.689091839933071e+03,1.176470588235294e+00,1494706
5.703869696225960e+03,5.688134861817840e+03,1.176470588235294e+00,1494705
5.704457931520077e+03,5.689805035664606e+03,1.764705882352941e+00,1494708
5.705117141537476e+03,5.704528906243359e+03,5.882352941176471e-01,1494725
5.706663532321052e+03,5.706075297026935e+03,5.882352941176471e-01,1494727
5.708428238203405e+03,5.707361147402810e+03,5.882352941176471e-01,1494730
5.709493248931218e+03,5.708905013637100e+03,5.882352941176471e-01,1494731
5.710081484225335e+03,5.708915797651422e+03,5.882352941176471e-01,1494732
5.711541159613433e+03,5.710952924319315e+03,5.882352941176471e-01,1494734
5.714526423058452e+03,5.713404274910455e+03,5.882352941176471e-01,1494738
5.716044973484520e+03,5.715456738190403e+03,5.882352941176471e-01,1494739
5.716633208778638e+03,5.715856553826125e+03,5.882352941176471e-01,1494740
5.717809679366873e+03,5.716116084091355e+03,5.882352941176471e-01,1494741
5.719413729871424e+03,5.718825494577306e+03,5.882352941176471e-01,1494744
5.719929908691906e+03,5.697430679590562e+03,1.764705882352941e+00,1494717
5.721132132838859e+03,5.719968539029983e+03,5.882352941176471e-01,1494748
5.725055229621873e+03,5.724466994327756e+03,5.882352941176471e-01,1494749
5.725693535626918e+03,5.725105300332800e+03,5.882352941176471e-01,1494750
5.728090756246221e+03,5.727426028128085e+03,5.882352941176471e-01,1494751
5.729267226834456e+03,5.705049332457608e+03,1.764705882352941e+00,1494726
5.730071458377410e+03,5.729483223083293e+03,5.882352941176471e-01,1494753
5.731620168010927e+03,5.727780360175566e+03,1.764705882352941e+00,1494752
5.732285116971185e+03,5.731696881677068e+03,5.882352941176471e-01,1494755
5.732796638599162e+03,5.729635873084136e+03,1.176470588235294e+00,1494754
5.734542476797949e+03,5.733954241503832e+03,5.882352941176471e-01,1494757
5.736307182680302e+03,5.734420031956252e+03,5.882352941176471e-01,1494760
5.736307182680302e+03,5.734302276279991e+03,5.882352941176471e-01,1494759
5.736307182680302e+03,5.734243312757937e+03,5.882352941176471e-01,1494758
5.737220684025955e+03,5.736632448731838e+03,5.882352941176471e-01,1494761
5.738370399322954e+03,5.733076281675895e+03,1.764705882352941e+00,1494756
5.739210298020569e+03,5.738622062726451e+03,5.882352941176471e-01,1494763
5.741401209592063e+03,5.737271442242618e+03,1.176470588235294e+00,1494762
5.744930621356769e+03,5.738761235687497e+03,1.764705882352941e+00,1494764
5.746489495606356e+03,5.745901260312238e+03,5.882352941176471e-01,1494771
5.747283562533239e+03,5.742518754623260e+03,1.176470588235294e+00,1494769
5.747871797827357e+03,5.741621178560256e+03,1.764705882352941e+00,1494768
5.749048268415592e+03,5.745253027857251e+03,1.764705882352941e+00,1494770
5.750224739003827e+03,5.748794831809030e+03,5.882352941176471e-01,1494772
5.750954469456709e+03,5.750366234162591e+03,5.882352941176471e-01,1494774
5.752016965352184e+03,5.751428730058066e+03,5.882352941176471e-01,1494775
5.753308215223737e+03,5.752189134277160e+03,5.882352941176471e-01,1494779
5.755229027935552e+03,5.754118870193533e+03,5.882352941176471e-01,1494782
5.755633635934204e+03,5.749025449571199e+03,1.764705882352941e+00,1494773
5.756221871228321e+03,5.755563361583116e+03,5.882352941176471e-01,1494783
5.758824733770557e+03,5.758236498476439e+03,5.882352941176471e-01,1494785
5.760589439652910e+03,5.759137767480421e+03,5.882352941176471e-01,1494788
5.760589439652910e+03,5.758994577684477e+03,5.882352941176471e-01,1494787
5.761273168125902e+03,5.760684932831784e+03,5.882352941176471e-01,1494789
5.761941888248374e+03,5.761353652954256e+03,5.882352941176471e-01,1494790
5.762692459463615e+03,5.754052557347316e+03,1.176470588235294e+00,1494781
5.762692459463615e+03,5.753105795234883e+03,1.176470588235294e+00,1494780
5.763280694757733e+03,5.751528077639149e+03,1.764705882352941e+00,1494776
5.764457165345968e+03,5.758608483452639e+03,1.764705882352941e+00,1494786
5.767104864067394e+03,5.766186903544538e+03,5.882352941176471e-01,1494792
5.767693099361512e+03,5.765928393479159e+03,1.176470588235294e+00,1494791
5.769407053213666e+03,5.768818817919548e+03,5.882352941176471e-01,1494793
5.770068285311712e+03,5.769240040908965e+03,5.882352941176471e-01,1494794
5.771832991194065e+03,5.769553046821523e+03,1.764705882352941e+00,1494796
5.772421226488183e+03,5.771581401484504e+03,5.882352941176471e-01,1494797
5.773047875071937e+03,5.772459639777819e+03,5.882352941176471e-01,1494798
5.773988790425502e+03,5.773400555131385e+03,5.882352941176471e-01,1494799
5.774577025719620e+03,5.773493134754736e+03,5.882352941176471e-01,1494800
5.775165261013738e+03,5.774094141470650e+03,5.882352941176471e-01,1494801
5.775939706715185e+03,5.775351471421067e+03,5.882352941176471e-01,1494802
5.776527942009302e+03,5.775463699889747e+03,5.882352941176471e-01,1494803
5.777824207740813e+03,5.777235972446695e+03,5.882352941176471e-01,1494804
5.779825996951347e+03,5.778578296342692e+03,5.882352941176471e-01,1494807
5.779825996951347e+03,5.778530952976683e+03,5.882352941176471e-01,1494806
5.780414232245465e+03,5.778061291068995e+03,1.176470588235294e+00,1494805
5.781848818270378e+03,5.781260582976260e+03,5.882352941176471e-01,1494808
5.786080131228831e+03,5.785491895934713e+03,5.882352941176471e-01,1494809
5.787847977131514e+03,5.787259741837396e+03,5.882352941176471e-01,1494811
5.788554143953110e+03,5.787965908658992e+03,5.882352941176471e-01,1494812
5.789609542993537e+03,5.785903266378896e+03,1.764705882352941e+00,1494810
5.791374248875890e+03,5.790705271352243e+03,5.882352941176471e-01,1494815
5.791962484170008e+03,5.788135810037927e+03,1.764705882352941e+00,1494813
5.793527344989721e+03,5.792739264632964e+03,5.882352941176471e-01,1494818
5.794694077183901e+03,5.794105841889784e+03,5.882352941176471e-01,1494819
5.795880286166192e+03,5.789657403047966e+03,1.764705882352941e+00,1494814
5.798142554950920e+03,5.797554319656802e+03,5.882352941176471e-01,1494821
5.799319025539155e+03,5.798416298530332e+03,5.882352941176471e-01,1494823
5.799907260833273e+03,5.798898994587353e+03,5.882352941176471e-01,1494824
5.800776169819079e+03,5.796658522760256e+03,1.764705882352941e+00,1494820
5.803129110995550e+03,5.797737378831107e+03,1.764705882352941e+00,1494822
5.806050168400975e+03,5.805461933106857e+03,5.882352941176471e-01,1494826
5.806638403695093e+03,5.805625067919115e+03,5.882352941176471e-01,1494827
5.808044242433062e+03,5.806906710265920e+03,5.882352941176471e-01,1494829
5.808632477727180e+03,5.807672820136937e+03,5.882352941176471e-01,1494830
5.809220713021298e+03,5.806867771844827e+03,1.176470588235294e+00,1494828
5.811799937461240e+03,5.811211702167122e+03,5.882352941176471e-01,1494832
5.813128412222362e+03,5.812002609691756e+03,5.882352941176471e-01,1494837
5.813847293464983e+03,5.813255903445459e+03,5.882352941176471e-01,1494838
5.815611999347336e+03,5.810165877527389e+03,1.764705882352941e+00,1494831
5.816788469935571e+03,5.815982793944220e+03,5.882352941176471e-01,1494842
5.817508018111257e+03,5.816319803171070e+03,5.882352941176471e-01,1494843
5.818096253405375e+03,5.817051095698708e+03,5.882352941176471e-01,1494845
5.822091743658904e+03,5.811361100739029e+03,1.764705882352941e+00,1494833
5.824597224926849e+03,5.823774417466065e+03,5.882352941176471e-01,1494850
5.825185460220966e+03,5.824367587307335e+03,5.882352941176471e-01,1494851
5.826209390717727e+03,5.819802254045633e+03,1.764705882352941e+00,1494846
5.827435039733808e+03,5.826846804439690e+03,5.882352941176471e-01,1494852
5.828562331894198e+03,5.822832519044496e+03,1.176470588235294e+00,1494848
5.829150567188316e+03,5.823321638483481e+03,1.764705882352941e+00,1494849
5.830327037776551e+03,5.827340693813788e+03,1.764705882352941e+00,1494853
5.830971274781951e+03,5.830383039487833e+03,5.882352941176471e-01,1494854
5.833904126453539e+03,5.832645037368272e+03,5.882352941176471e-01,1494857
5.833904126453539e+03,5.832177554014308e+03,5.882352941176471e-01,1494856
5.835432075223862e+03,5.834498788564525e+03,5.882352941176471e-01,1494859
5.836257067630009e+03,5.835576330695477e+03,5.882352941176471e-01,1494860
5.837433538218245e+03,5.836521953615071e+03,5.882352941176471e-01,1494862
5.838021773512362e+03,5.832139420571186e+03,1.764705882352941e+00,1494855
5.841586231780494e+03,5.840997996486377e+03,5.882352941176471e-01,1494868
5.842524034315353e+03,5.841935799021235e+03,5.882352941176471e-01,1494869
5.843700504903588e+03,5.843058166722574e+03,5.882352941176471e-01,1494871
5.845828687527509e+03,5.845048398960301e+03,5.882352941176471e-01,1494873
5.849443298696988e+03,5.848655892807660e+03,5.882352941176471e-01,1494876
5.849903034332319e+03,5.834255604635627e+03,1.764705882352941e+00,1494858
5.851667740214672e+03,5.850742819482508e+03,5.882352941176471e-01,1494879
5.855546235616868e+03,5.854958000322750e+03,5.882352941176471e-01,1494882
5.856961857861731e+03,5.848266828108753e+03,1.176470588235294e+00,1494875
5.857550093155848e+03,5.842340890721815e+03,1.764705882352941e+00,1494870
5.859314799038201e+03,5.853465026290232e+03,1.176470588235294e+00,1494881
5.859314799038201e+03,5.852772871611275e+03,1.176470588235294e+00,1494880
5.860003618266150e+03,5.859415382972032e+03,5.882352941176471e-01,1494884
5.861079504920554e+03,5.858292651352920e+03,1.764705882352941e+00,1494883
5.862255975508789e+03,5.861132756763261e+03,5.882352941176471e-01,1494886
5.863432446097025e+03,5.860949671314105e+03,1.764705882352941e+00,1494885
5.864892047079222e+03,5.864303811785104e+03,5.882352941176471e-01,1494888
5.865480282373339e+03,5.864699988490842e+03,5.882352941176471e-01,1494889
5.865785387273495e+03,5.863261733358714e+03,1.176470588235294e+00,1494887
5.867558224079150e+03,5.866969988785032e+03,5.882352941176471e-01,1494890
5.869685043332407e+03,5.867920337450054e+03,1.764705882352941e+00,1494891
5.871253227662424e+03,5.870076757074189e+03,1.176470588235294e+00,1494892
5.872414681934649e+03,5.871826446640531e+03,5.882352941176471e-01,1494893
5.873002917228767e+03,5.871971889398446e+03,5.882352941176471e-01,1494894
5.876139883150330e+03,5.874375177267977e+03,1.764705882352941e+00,1494895
5.876728118444448e+03,5.875843182381877e+03,5.882352941176471e-01,1494896
5.879341358508677e+03,5.878753123214559e+03,5.882352941176471e-01,1494897
5.881014630279977e+03,5.879515592399510e+03,5.882352941176471e-01,1494900
5.883418053415130e+03,5.882829818121012e+03,5.882352941176471e-01,1494905
5.884114367916473e+03,5.883526132622356e+03,5.882352941176471e-01,1494906
5.884544042044683e+03,5.880631237104684e+03,1.176470588235294e+00,1494903
5.885720512632918e+03,5.879158003186143e+03,1.764705882352941e+00,1494898
5.886896983221154e+03,5.882130556622294e+03,1.176470588235294e+00,1494904
5.887485218515271e+03,5.884653646596532e+03,1.764705882352941e+00,1494907
5.888895452408855e+03,5.888307217114738e+03,5.882352941176471e-01,1494908
5.889483687702973e+03,5.888828512108017e+03,5.882352941176471e-01,1494909
5.890124391033519e+03,5.889536155739401e+03,5.882352941176471e-01,1494910
5.892319493479781e+03,5.891731258185664e+03,5.882352941176471e-01,1494912
5.894375901928457e+03,5.893474774446880e+03,5.882352941176471e-01,1494916
5.895968311153674e+03,5.890987085694074e+03,1.764705882352941e+00,1494911
5.896556546447791e+03,5.895835634437836e+03,5.882352941176471e-01,1494918
5.897144781741909e+03,5.896177325504234e+03,5.882352941176471e-01,1494919
5.900085958212497e+03,5.892335852939446e+03,1.764705882352941e+00,1494913
5.901262428800733e+03,5.897948823149799e+03,1.764705882352941e+00,1494920
5.903712511382856e+03,5.903124276088738e+03,5.882352941176471e-01,1494921
5.904639794979833e+03,5.904051559685716e+03,5.882352941176471e-01,1494922
5.906145645422892e+03,5.905557410128774e+03,5.882352941176471e-01,1494923
5.908555619551326e+03,5.907967384257208e+03,5.882352941176471e-01,1494924
5.909143854845444e+03,5.908374926693865e+03,5.882352941176471e-01,1494925
5.910953790000032e+03,5.909189084117679e+03,1.764705882352941e+00,1494926
5.915485251855537e+03,5.914308781267302e+03,1.176470588235294e+00,1494927
5.918817403575143e+03,5.918229168281025e+03,5.882352941176471e-01,1494928
5.920231677529823e+03,5.919643442235705e+03,5.882352941176471e-01,1494930
5.920819912823940e+03,5.919791921449199e+03,5.882352941176471e-01,1494931
5.922507737579811e+03,5.918978325815105e+03,1.176470588235294e+00,1494929
5.923427038495374e+03,5.922838803201256e+03,5.882352941176471e-01,1494934
5.926190859562841e+03,5.920765712053145e+03,1.764705882352941e+00,1494932
5.927955565445194e+03,5.922972611428626e+03,1.764705882352941e+00,1494935
5.930710626225380e+03,5.930122390931263e+03,5.882352941176471e-01,1494939
5.931298861519498e+03,5.930235399455137e+03,5.882352941176471e-01,1494940
5.932138632501193e+03,5.931550397207075e+03,5.882352941176471e-01,1494941
5.932726867795310e+03,5.931973946269315e+03,5.882352941176471e-01,1494942
5.933362354487444e+03,5.932566002372525e+03,5.882352941176471e-01,1494943
5.933950589781561e+03,5.932821370591342e+03,5.882352941176471e-01,1494945
5.935324525061032e+03,5.929394920721840e+03,1.764705882352941e+00,1494938
5.936341199273886e+03,5.935752963979768e+03,5.882352941176471e-01,1494947
5.936929434568004e+03,5.935856425876519e+03,5.882352941176471e-01,1494948
5.937517669862121e+03,5.936752945806176e+03,5.882352941176471e-01,1494949
5.937677466237503e+03,5.933660730498740e+03,1.176470588235294e+00,1494946
5.938265701531620e+03,5.937668515305492e+03,5.882352941176471e-01,1494950
5.940717125653601e+03,5.940077008197743e+03,5.882352941176471e-01,1494953
5.941206878002208e+03,5.938193118593431e+03,1.764705882352941e+00,1494951
5.941795113296326e+03,5.939540655065366e+03,1.176470588235294e+00,1494952
5.942383348590444e+03,5.941707511785728e+03,5.882352941176471e-01,1494954
5.945786598401162e+03,5.942845421930573e+03,1.764705882352941e+00,1494955
5.946963068989397e+03,5.943581729208061e+03,1.176470588235294e+00,1494956
5.947551304283515e+03,5.944395426973966e+03,1.764705882352941e+00,1494957
5.949819679955801e+03,5.948159203203629e+03,5.882352941176471e-01,1494960
5.950996150544036e+03,5.948088797870623e+03,1.176470588235294e+00,1494959
5.950996150544036e+03,5.948054974073448e+03,1.176470588235294e+00,1494958
5.952250615283062e+03,5.951662379988945e+03,5.882352941176471e-01,1494961
5.953510233995631e+03,5.952333763407395e+03,1.176470588235294e+00,1494962
5.954657733226447e+03,5.954069497932329e+03,5.882352941176471e-01,1494963
5.955445664718494e+03,5.954174741672340e+03,5.882352941176471e-01,1494964
5.956033900012611e+03,5.955057125622306e+03,5.882352941176471e-01,1494966
5.958791047838798e+03,5.957757408375746e+03,5.882352941176471e-01,1494971
5.961143989015269e+03,5.957415801622641e+03,1.176470588235294e+00,1494970
5.961732224309387e+03,5.955538731934503e+03,1.764705882352941e+00,1494967
5.964085165485857e+03,5.959492377787259e+03,1.764705882352941e+00,1494972
5.965893700212660e+03,5.965305464918542e+03,5.882352941176471e-01,1494975
5.966481935506777e+03,5.965529241727234e+03,5.882352941176471e-01,1494976
5.967070170800895e+03,5.966255435010956e+03,5.882352941176471e-01,1494977
5.967614577250563e+03,5.962156991369973e+03,1.764705882352941e+00,1494973
5.968242790615428e+03,5.967654555321311e+03,5.882352941176471e-01,1494978
5.970448722816275e+03,5.969860487522158e+03,5.882352941176471e-01,1494979
5.971947040946706e+03,5.970541257922347e+03,5.882352941176471e-01,1494981
5.973123511534941e+03,5.972166453987383e+03,5.882352941176471e-01,1494985
5.974671479508909e+03,5.973283154702368e+03,5.882352941176471e-01,1494987
5.975259714803027e+03,5.974454741600524e+03,5.882352941176471e-01,1494989
5.978735777606932e+03,5.977869929557666e+03,5.882352941176471e-01,1494992
5.980919178446396e+03,5.979452099134396e+03,5.882352941176471e-01,1494994
5.981507413740514e+03,5.980523457879757e+03,5.882352941176471e-01,1494998
5.982983376264050e+03,5.982106397611116e+03,5.882352941176471e-01,1495001
5.984159846852285e+03,5.983037571656001e+03,5.882352941176471e-01,1495003
5.984748082146403e+03,5.970452219880745e+03,1.764705882352941e+00,1494980
5.987676398722045e+03,5.987083876796279e+03,5.882352941176471e-01,1495004
5.988264634016163e+03,5.977559307018697e+03,1.764705882352941e+00,1494991
5.991545124786402e+03,5.990368654198167e+03,1.176470588235294e+00,1495005
5.993262597744142e+03,5.992674362450024e+03,5.882352941176471e-01,1495006
5.999576749287340e+03,5.996635572816752e+03,1.764705882352941e+00,1495007
6.001341455169693e+03,5.997677864834706e+03,1.764705882352941e+00,1495008
6.003229329093427e+03,6.002641093799310e+03,5.882352941176471e-01,1495010
6.008069263433681e+03,6.007140777939680e+03,5.882352941176471e-01,1495016
6.009279275946863e+03,6.008691040652745e+03,5.882352941176471e-01,1495017
6.009867511240981e+03,6.008911366180932e+03,5.882352941176471e-01,1495018
6.010455746535098e+03,6.009461700307352e+03,5.882352941176471e-01,1495019
6.011552102615132e+03,6.004833529285604e+03,1.764705882352941e+00,1495011
6.013467990554587e+03,6.012879755260470e+03,5.882352941176471e-01,1495021
6.014157779990071e+03,6.012889434628546e+03,5.882352941176471e-01,1495022
6.014746015284189e+03,6.013671098837319e+03,5.882352941176471e-01,1495024
6.016359539109440e+03,6.005468337162977e+03,1.764705882352941e+00,1495012
6.017925666511321e+03,6.017337431217203e+03,5.882352941176471e-01,1495025
6.018513901805439e+03,6.017838677990652e+03,5.882352941176471e-01,1495026
6.019102137099556e+03,6.018300818520974e+03,5.882352941176471e-01,1495027
6.021207761929983e+03,6.020619526635866e+03,5.882352941176471e-01,1495028
6.023542900257062e+03,6.022659698656120e+03,5.882352941176471e-01,1495031
6.025179211516257e+03,6.021649799751551e+03,1.764705882352941e+00,1495029
6.026936587150391e+03,6.026341021608053e+03,5.882352941176471e-01,1495033
6.027524822444508e+03,6.026844544066355e+03,5.882352941176471e-01,1495034
6.028113057738626e+03,6.027075642590307e+03,5.882352941176471e-01,1495035
6.028701293032744e+03,6.022366429668827e+03,1.764705882352941e+00,1495030
6.031512452404649e+03,6.030924217110531e+03,5.882352941176471e-01,1495036
6.033370248519977e+03,6.031655760627589e+03,5.882352941176471e-01,1495038
6.035723189696448e+03,6.031605542637624e+03,1.764705882352941e+00,1495037
6.036311424990565e+03,6.034248435330210e+03,1.176470588235294e+00,1495040
6.040015754686766e+03,6.036486342922060e+03,1.764705882352941e+00,1495041
6.040603989980884e+03,6.039956304572576e+03,5.882352941176471e-01,1495044
6.041197244514081e+03,6.040609009219964e+03,5.882352941176471e-01,1495045
6.042956931157354e+03,6.038233498355182e+03,1.764705882352941e+00,1495043
6.043545166451472e+03,6.040726911280730e+03,1.176470588235294e+00,1495046
6.044278630966750e+03,6.043690395672632e+03,5.882352941176471e-01,1495047
6.045252947772058e+03,6.044664712477940e+03,5.882352941176471e-01,1495048
6.047695578296667e+03,6.046927404668253e+03,5.882352941176471e-01,1495051
6.048283813590785e+03,6.047504963038915e+03,5.882352941176471e-01,1495052
6.048882322514930e+03,6.048294087220812e+03,5.882352941176471e-01,1495053
6.050636754767256e+03,6.045930872414314e+03,1.764705882352941e+00,1495049
6.051992822774549e+03,6.051404587480431e+03,5.882352941176471e-01,1495054
6.052916413849178e+03,6.051440817801176e+03,5.882352941176471e-01,1495055
6.055269355025649e+03,6.054629284165513e+03,5.882352941176471e-01,1495060
6.055857590319766e+03,6.052495856445316e+03,1.764705882352941e+00,1495058
6.057034060908002e+03,6.054042547505497e+03,1.764705882352941e+00,1495059
6.058918622147381e+03,6.057153916265028e+03,1.764705882352941e+00,1495061
6.060200438908710e+03,6.059612203614593e+03,5.882352941176471e-01,1495062
6.061376909496945e+03,6.060021656393294e+03,1.176470588235294e+00,1495063
6.063562774166105e+03,6.062974538871987e+03,5.882352941176471e-01,1495064
6.064151009460223e+03,6.063429655120622e+03,5.882352941176471e-01,1495065
6.065846073953302e+03,6.065257838659185e+03,5.882352941176471e-01,1495066
6.066855719543618e+03,6.066267484249500e+03,5.882352941176471e-01,1495067
6.068620425425971e+03,6.066581334498065e+03,1.764705882352941e+00,1495068
6.070196505021817e+03,6.069608269727699e+03,5.882352941176471e-01,1495069
6.071629301594162e+03,6.071041066300045e+03,5.882352941176471e-01,1495070
6.072805772182398e+03,6.071847433877626e+03,5.882352941176471e-01,1495072
6.074782797967825e+03,6.073787101764507e+03,5.882352941176471e-01,1495075
6.075959268556060e+03,6.075173347752558e+03,5.882352941176471e-01,1495077
6.076335183947103e+03,6.071618110974231e+03,1.176470588235294e+00,1495071
6.078965769459838e+03,6.077919270375382e+03,5.882352941176471e-01,1495078
6.080142240048073e+03,6.072904196582579e+03,1.764705882352941e+00,1495073
6.084169924684504e+03,6.083485542859528e+03,5.882352941176471e-01,1495086
6.084655829339298e+03,6.078775591471367e+03,1.764705882352941e+00,1495080
6.085458448629853e+03,6.084870213335735e+03,5.882352941176471e-01,1495087
6.086073557427583e+03,6.085059255742399e+03,5.882352941176471e-01,1495088
6.086661792721701e+03,6.085512195637079e+03,5.882352941176471e-01,1495090
6.087613964515009e+03,6.086206677503309e+03,5.882352941176471e-01,1495091
6.088202199809127e+03,6.087207697470487e+03,5.882352941176471e-01,1495094
6.088790435103245e+03,6.088005127629254e+03,5.882352941176471e-01,1495095
6.089423161318707e+03,6.088834926024589e+03,5.882352941176471e-01,1495096
6.090778267972229e+03,6.090190032678111e+03,5.882352941176471e-01,1495097
6.092509357176615e+03,6.080832805981514e+03,1.764705882352941e+00,1495081
6.093097592470732e+03,6.091240716093871e+03,1.176470588235294e+00,1495098
6.096536525988317e+03,6.093595349517729e+03,1.176470588235294e+00,1495099
6.097124761282435e+03,6.093902297507488e+03,1.764705882352941e+00,1495100
6.098301231870670e+03,6.094845216980341e+03,1.764705882352941e+00,1495101
6.100104390642718e+03,6.099516155348600e+03,5.882352941176471e-01,1495102
6.100799148897525e+03,6.100210913603407e+03,5.882352941176471e-01,1495103
6.101975619485760e+03,6.101102109741436e+03,5.882352941176471e-01,1495105
6.102563854779878e+03,6.101666963593216e+03,5.882352941176471e-01,1495106
6.105505031250466e+03,6.104775703845156e+03,5.882352941176471e-01,1495111
6.106747098963931e+03,6.106158863669814e+03,5.882352941176471e-01,1495112
6.107335334258049e+03,6.106193909957494e+03,5.882352941176471e-01,1495113
6.109026734731191e+03,6.108438499437074e+03,5.882352941176471e-01,1495114
6.111165852237720e+03,6.110522233955122e+03,5.882352941176471e-01,1495116
6.112342322825956e+03,6.100232849131277e+03,1.764705882352941e+00,1495104
6.113518793414191e+03,6.111341807018556e+03,1.176470588235294e+00,1495117
6.114107028708309e+03,6.109183767764945e+03,1.764705882352941e+00,1495115
6.115283499296544e+03,6.114676761405936e+03,5.882352941176471e-01,1495119
6.117636440473014e+03,6.113942464524417e+03,1.764705882352941e+00,1495118
6.118536133961232e+03,6.117947898667115e+03,5.882352941176471e-01,1495121
6.119712604549468e+03,6.119050301369996e+03,5.882352941176471e-01,1495123
6.120889075137703e+03,6.118268166422563e+03,1.764705882352941e+00,1495122
6.122032802271176e+03,6.121444566977059e+03,5.882352941176471e-01,1495124
6.124014658864668e+03,6.123426423570550e+03,5.882352941176471e-01,1495125
6.124643022905466e+03,6.124054787611349e+03,5.882352941176471e-01,1495126
6.125854323479985e+03,6.125266088185867e+03,5.882352941176471e-01,1495127
6.127478140104482e+03,6.126889904810364e+03,5.882352941176471e-01,1495129
6.128066375398599e+03,6.127415416704564e+03,5.882352941176471e-01,1495130
6.129140529646843e+03,6.126199353176255e+03,1.764705882352941e+00,1495128
6.129728764940961e+03,6.128927199885513e+03,5.882352941176471e-01,1495131
6.130317000235078e+03,6.129607753077822e+03,5.882352941176471e-01,1495132
6.132029070477234e+03,6.131440835183116e+03,5.882352941176471e-01,1495133
6.133684805989846e+03,6.132987600325987e+03,5.882352941176471e-01,1495136
6.134631762211784e+03,6.133444179035393e+03,5.882352941176471e-01,1495137
6.135219997505901e+03,6.134402247845486e+03,5.882352941176471e-01,1495139
6.135866872525203e+03,6.135278637231085e+03,5.882352941176471e-01,1495140
6.136984703388254e+03,6.131627534054746e+03,1.764705882352941e+00,1495134
6.138438566963427e+03,6.137262096375191e+03,1.176470588235294e+00,1495141
6.142000138532413e+03,6.140668297030490e+03,5.882352941176471e-01,1495146
6.142000138532413e+03,6.140309003246746e+03,5.882352941176471e-01,1495145
6.142649032194609e+03,6.142060796900492e+03,5.882352941176471e-01,1495147
6.144353079708884e+03,6.138470726767708e+03,1.764705882352941e+00,1495142
6.144941315003002e+03,6.144285703438868e+03,5.882352941176471e-01,1495150
6.146706020885355e+03,6.145382730450097e+03,5.882352941176471e-01,1495153
6.146706020885355e+03,6.145378170046846e+03,5.882352941176471e-01,1495152
6.147667682427093e+03,6.147079447132975e+03,5.882352941176471e-01,1495154
6.150131180031469e+03,6.149542944737351e+03,5.882352941176471e-01,1495156
6.150765173383074e+03,6.150176938088957e+03,5.882352941176471e-01,1495157
6.152401673870588e+03,6.151766763587484e+03,5.882352941176471e-01,1495158
6.154166379752941e+03,6.139605790873319e+03,1.764705882352941e+00,1495143
6.154754615047058e+03,6.154012544784906e+03,5.882352941176471e-01,1495161
6.155342850341176e+03,6.154323068316870e+03,5.882352941176471e-01,1495162
6.157695791517647e+03,6.152196887464934e+03,1.176470588235294e+00,1495159
6.158284026811764e+03,6.148557346032753e+03,1.764705882352941e+00,1495155
6.159297772898510e+03,6.158709537604392e+03,5.882352941176471e-01,1495164
6.160048732694117e+03,6.156178629471536e+03,1.764705882352941e+00,1495163
6.161475451980445e+03,6.160887216686327e+03,5.882352941176471e-01,1495165
6.162651922568680e+03,6.161921184139760e+03,5.882352941176471e-01,1495167
6.163463482647772e+03,6.162875247353655e+03,5.882352941176471e-01,1495168
6.163828393156916e+03,6.161328765800721e+03,1.176470588235294e+00,1495166
6.164716766836332e+03,6.164128531542215e+03,5.882352941176471e-01,1495169
6.167893909276393e+03,6.167305673982275e+03,5.882352941176471e-01,1495172
6.168451824310108e+03,6.164922412545402e+03,1.764705882352941e+00,1495170
6.169628294898343e+03,6.168815571932239e+03,5.882352941176471e-01,1495174
6.170804765486578e+03,6.168437463666430e+03,1.764705882352941e+00,1495173
6.172181462780805e+03,6.171593227486687e+03,5.882352941176471e-01,1495176
6.172769698074922e+03,6.172103784624904e+03,5.882352941176471e-01,1495177
6.173982472113675e+03,6.173306252450853e+03,5.882352941176471e-01,1495179
6.176104451497086e+03,6.175089791044032e+03,5.882352941176471e-01,1495184
6.176725992304639e+03,6.176137757010521e+03,5.882352941176471e-01,1495185
6.177314227598756e+03,6.176180417093629e+03,5.882352941176471e-01,1495186
6.178223258148648e+03,6.170807161118177e+03,1.764705882352941e+00,1495175
6.179229709092028e+03,6.178641473797910e+03,5.882352941176471e-01,1495187
6.179817944386146e+03,6.179212701632943e+03,5.882352941176471e-01,1495188
6.180423542890589e+03,6.179512562014650e+03,5.882352941176471e-01,1495189
6.181234507873795e+03,6.179852670806798e+03,5.882352941176471e-01,1495191
6.181822743167913e+03,6.180869002268765e+03,5.882352941176471e-01,1495193
6.183757468695121e+03,6.173721524451757e+03,1.176470588235294e+00,1495180
6.183757468695121e+03,6.172806001525439e+03,1.176470588235294e+00,1495178
6.184345703989239e+03,6.174373398845431e+03,1.764705882352941e+00,1495182
6.185522174577474e+03,6.182059234711679e+03,1.764705882352941e+00,1495194
6.186556448810232e+03,6.185968213516114e+03,5.882352941176471e-01,1495195
6.187144684104349e+03,6.186415043937799e+03,5.882352941176471e-01,1495196
6.188618733389999e+03,6.188030498095881e+03,5.882352941176471e-01,1495197
6.189795203978234e+03,6.189189216175883e+03,5.882352941176471e-01,1495199
6.190383439272352e+03,6.189440943503696e+03,5.882352941176471e-01,1495200
6.192845099634936e+03,6.191994528174146e+03,5.882352941176471e-01,1495203
6.193324615742940e+03,6.188458769896596e+03,1.764705882352941e+00,1495198
6.193912851037058e+03,6.193183722193644e+03,5.882352941176471e-01,1495204
6.195178329552820e+03,6.194123660320158e+03,5.882352941176471e-01,1495206
6.197000915484782e+03,6.196412680190664e+03,5.882352941176471e-01,1495208
6.197442262801764e+03,6.191363567728540e+03,1.176470588235294e+00,1495202
6.197442262801764e+03,6.191080393752583e+03,1.176470588235294e+00,1495201
6.198618733389999e+03,6.194001858964585e+03,1.176470588235294e+00,1495205
6.199206968684117e+03,6.195786136199152e+03,1.764705882352941e+00,1495207
6.200299335846241e+03,6.199711100552123e+03,5.882352941176471e-01,1495209
6.204262711373630e+03,6.203597340313795e+03,5.882352941176471e-01,1495213
6.206514108265541e+03,6.205709675876013e+03,5.882352941176471e-01,1495217
6.207638275851026e+03,6.199766484266063e+03,1.764705882352941e+00,1495210
6.211031572807948e+03,6.204315014376380e+03,1.764705882352941e+00,1495214
6.213785184400671e+03,6.213103166667621e+03,5.882352941176471e-01,1495223
6.214373419694789e+03,6.209198809521703e+03,1.764705882352941e+00,1495220
6.215710556465685e+03,6.215122321171567e+03,5.882352941176471e-01,1495224
6.216887027053920e+03,6.215993917681583e+03,5.882352941176471e-01,1495226
6.218063497642155e+03,6.217419838780773e+03,5.882352941176471e-01,1495227
6.219239968230391e+03,6.215591335297002e+03,1.764705882352941e+00,1495225
6.220416438818626e+03,6.217947706835146e+03,1.764705882352941e+00,1495228
6.221629187230113e+03,6.221040951935995e+03,5.882352941176471e-01,1495229
6.222993385995587e+03,6.222405150701469e+03,5.882352941176471e-01,1495231
6.225158598994819e+03,6.221207874736970e+03,1.764705882352941e+00,1495230
6.227655329638853e+03,6.226375651025401e+03,5.882352941176471e-01,1495235
6.228243564932971e+03,6.227146684312770e+03,5.882352941176471e-01,1495238
6.228831800227089e+03,6.222530906829241e+03,1.764705882352941e+00,1495232
6.229620491327693e+03,6.229032256033575e+03,5.882352941176471e-01,1495239
6.231184741403559e+03,6.226304288646046e+03,1.764705882352941e+00,1495234
6.232414931155651e+03,6.231826695861533e+03,5.882352941176471e-01,1495241
6.232949447285912e+03,6.229246931170650e+03,1.764705882352941e+00,1495240
6.234443673352155e+03,6.233679895601956e+03,5.882352941176471e-01,1495243
6.235620143940390e+03,6.233267202763919e+03,1.764705882352941e+00,1495242
6.236864436197142e+03,6.236276200903025e+03,5.882352941176471e-01,1495244
6.237452671491260e+03,6.236434198652223e+03,5.882352941176471e-01,1495245
6.239217377373613e+03,6.237201067743338e+03,1.764705882352941e+00,1495246
6.240455953774355e+03,6.239867718480237e+03,5.882352941176471e-01,1495247
6.241632424362590e+03,6.240816019637705e+03,5.882352941176471e-01,1495249
6.242220659656708e+03,6.240215820209218e+03,1.176470588235294e+00,1495248
6.244194380521647e+03,6.243535075540221e+03,5.882352941176471e-01,1495251
6.244782615815765e+03,6.243818771679502e+03,5.882352941176471e-01,1495252
6.245959086404000e+03,6.245197500077126e+03,5.882352941176471e-01,1495254
6.247700188358945e+03,6.247088349137420e+03,5.882352941176471e-01,1495255
6.248288423653063e+03,6.243017909933412e+03,1.764705882352941e+00,1495250
6.248876658947181e+03,6.248003723003801e+03,5.882352941176471e-01,1495256
6.250053129535416e+03,6.248886038674401e+03,5.882352941176471e-01,1495258
6.250641364829534e+03,6.248787311510398e+03,1.176470588235294e+00,1495257
6.251691228643255e+03,6.251102993349137e+03,5.882352941176471e-01,1495259
6.252279463937372e+03,6.251105389031712e+03,5.882352941176471e-01,1495260
6.254425843554763e+03,6.253324544257366e+03,5.882352941176471e-01,1495264
6.255418715723293e+03,6.254830480429175e+03,5.882352941176471e-01,1495265
6.256190549437116e+03,6.252867503843329e+03,1.176470588235294e+00,1495262
6.256778784731234e+03,6.252585966381572e+03,1.764705882352941e+00,1495261
6.257367020025351e+03,6.256662316570867e+03,5.882352941176471e-01,1495266
6.260662512753940e+03,6.260074277459822e+03,5.882352941176471e-01,1495268
6.261182634118319e+03,6.258829692941848e+03,1.764705882352941e+00,1495267
6.262359104706554e+03,6.261271522860124e+03,5.882352941176471e-01,1495270
6.263616851984787e+03,6.263028616690670e+03,5.882352941176471e-01,1495272
6.264793322573022e+03,6.263065349542336e+03,5.882352941176471e-01,1495274
6.264793322573022e+03,6.263054517551726e+03,5.882352941176471e-01,1495273
6.265836151875245e+03,6.260923185040071e+03,1.176470588235294e+00,1495269
6.266424387169362e+03,6.265783787279229e+03,5.882352941176471e-01,1495275
6.267475806623845e+03,6.266887571329727e+03,5.882352941176471e-01,1495276
6.269674226330433e+03,6.268870931227387e+03,5.882352941176471e-01,1495278
6.270262461624551e+03,6.269139545358944e+03,5.882352941176471e-01,1495279
6.270850696918668e+03,6.268497755742198e+03,1.176470588235294e+00,1495277
6.272990186529130e+03,6.272401951235012e+03,5.882352941176471e-01,1495280
6.273578421823248e+03,6.272906692458643e+03,5.882352941176471e-01,1495281
6.274166657117365e+03,6.273387895813173e+03,5.882352941176471e-01,1495282
6.274754892411483e+03,6.274080415245739e+03,5.882352941176471e-01,1495283
6.275649846704179e+03,6.274398198219164e+03,5.882352941176471e-01,1495284
6.277157047696337e+03,6.276568812402220e+03,5.882352941176471e-01,1495287
6.277745282990455e+03,6.276842551940705e+03,5.882352941176471e-01,1495288
6.278616639806817e+03,6.277165812438424e+03,5.882352941176471e-01,1495289
6.280377868674545e+03,6.278675685289039e+03,5.882352941176471e-01,1495293
6.281811844152975e+03,6.275368330408639e+03,1.764705882352941e+00,1495286
6.282988314741210e+03,6.282134574915278e+03,5.882352941176471e-01,1495298
6.284753020623563e+03,6.280067251149619e+03,1.176470588235294e+00,1495296
6.286420344840147e+03,6.285074541248497e+03,5.882352941176471e-01,1495300
6.287802077378864e+03,6.286830868741111e+03,5.882352941176471e-01,1495304
6.288390312672982e+03,6.287614267830767e+03,5.882352941176471e-01,1495305
6.288771356300122e+03,6.278311526034944e+03,1.764705882352941e+00,1495291
6.290536062182475e+03,6.284960212290541e+03,1.764705882352941e+00,1495299
6.294363953997449e+03,6.292131368395728e+03,1.176470588235294e+00,1495306
6.296128659879802e+03,6.294243598422699e+03,1.764705882352941e+00,1495308
6.297808156765322e+03,6.296940369608772e+03,5.882352941176471e-01,1495310
6.298396392059440e+03,6.297678257239363e+03,5.882352941176471e-01,1495311
6.300794060058716e+03,6.299363265688538e+03,5.882352941176471e-01,1495317
6.300794060058716e+03,6.299052296062011e+03,5.882352941176471e-01,1495316
6.302428431094942e+03,6.301840195800825e+03,5.882352941176471e-01,1495318
6.303016666389060e+03,6.302362637389105e+03,5.882352941176471e-01,1495319
6.303899239583590e+03,6.303311004289472e+03,5.882352941176471e-01,1495320
6.304323471823422e+03,6.298439961933755e+03,1.176470588235294e+00,1495314
6.304323471823422e+03,6.296631686177087e+03,1.176470588235294e+00,1495309
6.304911707117540e+03,6.298019875486452e+03,1.764705882352941e+00,1495312
6.307855127135204e+03,6.307266891841086e+03,5.882352941176471e-01,1495321
6.308443362429322e+03,6.307574250069997e+03,5.882352941176471e-01,1495322
6.309031597723439e+03,6.308022212336567e+03,5.882352941176471e-01,1495323
6.312048862859311e+03,6.311234099837984e+03,5.882352941176471e-01,1495325
6.313637505802250e+03,6.313049270508132e+03,5.882352941176471e-01,1495327
6.316257502896968e+03,6.314532573390888e+03,5.882352941176471e-01,1495330
6.316754745212252e+03,6.310872392271076e+03,1.764705882352941e+00,1495324
6.317931215800487e+03,6.316544534771731e+03,5.882352941176471e-01,1495332
6.320134114431671e+03,6.319148078637707e+03,5.882352941176471e-01,1495335
6.320861085756671e+03,6.320272850462554e+03,5.882352941176471e-01,1495336
6.321582051268547e+03,6.320275100233207e+03,5.882352941176471e-01,1495337
6.322170286562664e+03,6.321126546192187e+03,5.882352941176471e-01,1495339
6.323858666535947e+03,6.312104391414619e+03,1.176470588235294e+00,1495326
6.324446901830064e+03,6.323836758430078e+03,5.882352941176471e-01,1495340
6.325046926054437e+03,6.324458690760319e+03,5.882352941176471e-01,1495341
6.327110504198173e+03,6.325678572921884e+03,5.882352941176471e-01,1495345
6.327110504198173e+03,6.325644670577203e+03,5.882352941176471e-01,1495344
6.327890565754042e+03,6.327302330459924e+03,5.882352941176471e-01,1495346
6.328863421150271e+03,6.318957643843436e+03,1.764705882352941e+00,1495334
6.330039891738506e+03,6.328549291229832e+03,5.882352941176471e-01,1495347
6.330728386972876e+03,6.330140151678758e+03,5.882352941176471e-01,1495349
6.332392832914977e+03,6.324717597379642e+03,1.764705882352941e+00,1495342
6.333812149611747e+03,6.333223914317629e+03,5.882352941176471e-01,1495350
6.334680116411415e+03,6.334091881117297e+03,5.882352941176471e-01,1495351
6.336050604610854e+03,6.335462369316736e+03,5.882352941176471e-01,1495352
6.337327584968610e+03,6.336739349674492e+03,5.882352941176471e-01,1495353
6.338268578150985e+03,6.337680342856867e+03,5.882352941176471e-01,1495354
6.339609417413008e+03,6.339021182118890e+03,5.882352941176471e-01,1495356
6.340033284033338e+03,6.337684009169873e+03,1.176470588235294e+00,1495355
6.342818474360712e+03,6.341053768478359e+03,1.764705882352941e+00,1495357
6.343704082223469e+03,6.343115846929351e+03,5.882352941176471e-01,1495358
6.344547059437449e+03,6.343507186739983e+03,5.882352941176471e-01,1495359
6.345135294731566e+03,6.344213566063193e+03,5.882352941176471e-01,1495361
6.346277611519338e+03,6.345689376225221e+03,5.882352941176471e-01,1495362
6.349815251391597e+03,6.348661492516533e+03,5.882352941176471e-01,1495364
6.350403486685715e+03,6.349356613677864e+03,5.882352941176471e-01,1495365
6.351640324823468e+03,6.350517865710864e+03,5.882352941176471e-01,1495367
6.352228560117586e+03,6.351112457078869e+03,5.882352941176471e-01,1495369
6.353405030705821e+03,6.350377520273981e+03,1.176470588235294e+00,1495366
6.353993265999939e+03,6.348638780803362e+03,1.764705882352941e+00,1495363
6.355019413494461e+03,6.354431178200344e+03,5.882352941176471e-01,1495370
6.355607648788579e+03,6.354880029612797e+03,5.882352941176471e-01,1495371
6.358165563137944e+03,6.356448795480263e+03,5.882352941176471e-01,1495377
6.359265590795028e+03,6.358677355500910e+03,5.882352941176471e-01,1495379
6.360518504314415e+03,6.356599667205316e+03,1.176470588235294e+00,1495378
6.361106739608532e+03,6.355105458538190e+03,1.764705882352941e+00,1495372
6.365281088701952e+03,6.364692853407835e+03,5.882352941176471e-01,1495383
6.366492092571443e+03,6.365884915917765e+03,5.882352941176471e-01,1495384
6.367080327865560e+03,6.361824092937622e+03,1.764705882352941e+00,1495380
6.368848758057845e+03,6.368260522763727e+03,5.882352941176471e-01,1495385
6.370493049255302e+03,6.369624154929053e+03,5.882352941176471e-01,1495387
6.372176019506373e+03,6.370153353435944e+03,5.882352941176471e-01,1495388
6.373352490094608e+03,6.372245870188031e+03,5.882352941176471e-01,1495392
6.373940725388726e+03,6.373346035981434e+03,5.882352941176471e-01,1495393
6.374528960682844e+03,6.373514933762729e+03,5.882352941176471e-01,1495394
6.376881901859314e+03,6.369316578667066e+03,1.764705882352941e+00,1495386
6.377538049697789e+03,6.376949814403672e+03,5.882352941176471e-01,1495396
6.378146188567564e+03,6.377337106097953e+03,5.882352941176471e-01,1495397
6.378734423861681e+03,6.377577856849103e+03,5.882352941176471e-01,1495399
6.380967548359998e+03,6.379429228226833e+03,5.882352941176471e-01,1495402
6.382589447003698e+03,6.381931568378286e+03,5.882352941176471e-01,1495405
6.383177682297816e+03,6.375253550218976e+03,1.764705882352941e+00,1495395
6.384129123433342e+03,6.383540888139225e+03,5.882352941176471e-01,1495406
6.386118858768404e+03,6.378651294318314e+03,1.764705882352941e+00,1495400
6.391559681151854e+03,6.390971445857737e+03,5.882352941176471e-01,1495407
6.392147916445972e+03,6.391280215488619e+03,5.882352941176471e-01,1495408
6.394499915192345e+03,6.392735209309992e+03,1.764705882352941e+00,1495409
6.395088150486462e+03,6.394356781847263e+03,5.882352941176471e-01,1495410
6.396264621074698e+03,6.394742299124612e+03,5.882352941176471e-01,1495412
6.398617562251168e+03,6.394705607801433e+03,1.764705882352941e+00,1495411
6.402826640013660e+03,6.401621920739430e+03,5.882352941176471e-01,1495420
6.402826640013660e+03,6.401446626212955e+03,5.882352941176471e-01,1495419
6.403119901391639e+03,6.397518429213282e+03,1.176470588235294e+00,1495414
6.403119901391639e+03,6.396578555856703e+03,1.176470588235294e+00,1495413
6.404479314698688e+03,6.403891079404571e+03,5.882352941176471e-01,1495421
6.405238094401839e+03,6.404156576590428e+03,5.882352941176471e-01,1495422
6.405826329695956e+03,6.404820403516754e+03,5.882352941176471e-01,1495424
6.406424526890887e+03,6.405836291596770e+03,5.882352941176471e-01,1495425
6.407993749035341e+03,6.407210030003323e+03,5.882352941176471e-01,1495428
6.409565550298066e+03,6.399500771461425e+03,1.764705882352941e+00,1495415
6.410742020886302e+03,6.406158242364919e+03,1.764705882352941e+00,1495426
6.414566166539949e+03,6.413189985339742e+03,5.882352941176471e-01,1495430
6.415423481608678e+03,6.414835246314561e+03,5.882352941176471e-01,1495432
6.416011716902796e+03,6.414918291102607e+03,5.882352941176471e-01,1495433
6.417507343010538e+03,6.412801460657596e+03,1.764705882352941e+00,1495429
6.418095578304655e+03,6.417238796097421e+03,5.882352941176471e-01,1495434
6.418964690201487e+03,6.418031292968992e+03,5.882352941176471e-01,1495435
6.419552925495604e+03,6.418657331510083e+03,5.882352941176471e-01,1495437
6.420141160789722e+03,6.419290691093737e+03,5.882352941176471e-01,1495438
6.421325203696168e+03,6.420736968402050e+03,5.882352941176471e-01,1495440
6.423670572554428e+03,6.420062817481352e+03,1.764705882352941e+00,1495439
6.424847043142663e+03,6.420877206765147e+03,1.176470588235294e+00,1495441
6.425435278436781e+03,6.421837885704987e+03,1.764705882352941e+00,1495442
6.426144415869947e+03,6.425556180575829e+03,5.882352941176471e-01,1495443
6.429348167927792e+03,6.428759932633674e+03,5.882352941176471e-01,1495444
6.432034584806221e+03,6.431297619883001e+03,5.882352941176471e-01,1495451
6.432651470211684e+03,6.431765469498158e+03,5.882352941176471e-01,1495452
6.434416176094037e+03,6.432462237687915e+03,5.882352941176471e-01,1495455
6.434416176094037e+03,6.432091885028912e+03,5.882352941176471e-01,1495454
6.435614172934293e+03,6.434481252190372e+03,5.882352941176471e-01,1495458
6.438445542512025e+03,6.428806484080220e+03,1.176470588235294e+00,1495445
6.440541428905647e+03,6.439866334863487e+03,5.882352941176471e-01,1495462
6.441974954276731e+03,6.434437702346058e+03,1.176470588235294e+00,1495457
6.442563189570849e+03,6.437022323232749e+03,1.764705882352941e+00,1495459
6.443151424864966e+03,6.439364958317412e+03,1.176470588235294e+00,1495461
6.448439250085280e+03,6.447402823583874e+03,5.882352941176471e-01,1495466
6.449344984386518e+03,6.448154512451884e+03,5.882352941176471e-01,1495467
6.450252100211158e+03,6.448862582094774e+03,5.882352941176471e-01,1495471
6.452875146665465e+03,6.450884834940115e+03,5.882352941176471e-01,1495475
6.454051617253700e+03,6.453368953992578e+03,5.882352941176471e-01,1495479
6.454639852547818e+03,6.453899810814862e+03,5.882352941176471e-01,1495480
6.455426131904303e+03,6.454837896610186e+03,5.882352941176471e-01,1495481
6.458367308374892e+03,6.456906774487027e+03,5.882352941176471e-01,1495486
6.459329235185303e+03,6.458740999891186e+03,5.882352941176471e-01,1495487
6.461283986016223e+03,6.460695750722106e+03,5.882352941176471e-01,1495488
6.462286911371347e+03,6.452716081657324e+03,1.176470588235294e+00,1495478
6.462286911371347e+03,6.450574446373636e+03,1.176470588235294e+00,1495474
6.462875146665465e+03,6.446534500116098e+03,1.764705882352941e+00,1495463
6.463463381959582e+03,6.462702096581472e+03,5.882352941176471e-01,1495489
6.464152131867488e+03,6.463563896573370e+03,5.882352941176471e-01,1495490
6.464740367161606e+03,6.463846646398395e+03,5.882352941176471e-01,1495491
6.465328602455723e+03,6.464665739920736e+03,5.882352941176471e-01,1495492
6.467236373320318e+03,6.466648138026200e+03,5.882352941176471e-01,1495493
6.469746951230437e+03,6.469069103977293e+03,5.882352941176471e-01,1495498
6.472189626183299e+03,6.455247668697545e+03,1.764705882352941e+00,1495482
6.472886599699436e+03,6.472298364405318e+03,5.882352941176471e-01,1495501
6.473776578603884e+03,6.473188343309767e+03,5.882352941176471e-01,1495502
6.476228498363181e+03,6.474942258856686e+03,5.882352941176471e-01,1495506
6.476228498363181e+03,6.474750168219076e+03,5.882352941176471e-01,1495505
6.479836685006828e+03,6.470339946327047e+03,1.176470588235294e+00,1495499
6.482324424659832e+03,6.481665691323744e+03,5.882352941176471e-01,1495512
6.482707363435447e+03,6.467084818231461e+03,1.764705882352941e+00,1495494
6.483553943962347e+03,6.482965708668229e+03,5.882352941176471e-01,1495513
6.484980840048602e+03,6.484392604754484e+03,5.882352941176471e-01,1495514
6.485569075342719e+03,6.484599476647024e+03,5.882352941176471e-01,1495515
6.486632553241176e+03,6.486044317947058e+03,5.882352941176471e-01,1495516
6.487220788535293e+03,6.486180456654398e+03,5.882352941176471e-01,1495517
6.491712046441017e+03,6.490620357469368e+03,5.882352941176471e-01,1495522
6.493097256109408e+03,6.492019735649963e+03,5.882352941176471e-01,1495525
6.494273726697643e+03,6.493259306537209e+03,5.882352941176471e-01,1495528
6.494861961991761e+03,6.473875557186711e+03,1.764705882352941e+00,1495503
6.496632853572239e+03,6.496044618278121e+03,5.882352941176471e-01,1495529
6.498391373756467e+03,6.489636746315245e+03,1.176470588235294e+00,1495519
6.498979609050585e+03,6.486867407931621e+03,1.764705882352941e+00,1495518
6.500156079638820e+03,6.499448946050533e+03,5.882352941176471e-01,1495531
6.501332550227055e+03,6.498973450540060e+03,1.764705882352941e+00,1495530
6.506745129510039e+03,6.505673329619318e+03,5.882352941176471e-01,1495533
6.507333364804156e+03,6.506480501520271e+03,5.882352941176471e-01,1495535
6.507960216402086e+03,6.507371981107968e+03,5.882352941176471e-01,1495536
6.509111899688731e+03,6.508523664394613e+03,5.882352941176471e-01,1495537
6.509686305980627e+03,6.505245051617453e+03,1.764705882352941e+00,1495532
6.512734758385501e+03,6.510970052503148e+03,1.176470588235294e+00,1495538
6.513911228973736e+03,6.511638899581499e+03,1.764705882352941e+00,1495539
6.517508905315770e+03,6.515155964139300e+03,1.764705882352941e+00,1495540
6.518097140609888e+03,6.515956593969129e+03,1.176470588235294e+00,1495541
6.520730546400152e+03,6.520142311106034e+03,5.882352941176471e-01,1495542
6.521318781694269e+03,6.520694429734139e+03,5.882352941176471e-01,1495543
6.522867617596765e+03,6.522279382302647e+03,5.882352941176471e-01,1495544
6.523946060139100e+03,6.523357824844982e+03,5.882352941176471e-01,1495545
6.524534295433217e+03,6.523539910285615e+03,5.882352941176471e-01,1495546
6.525325858063516e+03,6.524737622769399e+03,5.882352941176471e-01,1495547
6.528218014784801e+03,6.526453308902448e+03,1.764705882352941e+00,1495548
6.530591193825576e+03,6.530002958531459e+03,5.882352941176471e-01,1495550
6.532105520417586e+03,6.529164343946998e+03,1.764705882352941e+00,1495549
6.532693755711703e+03,6.531850069610512e+03,5.882352941176471e-01,1495552
6.533666048630074e+03,6.532541940571990e+03,5.882352941176471e-01,1495553
6.534842519218310e+03,6.533478562640844e+03,5.882352941176471e-01,1495556
6.534842519218310e+03,6.533461870960210e+03,5.882352941176471e-01,1495555
6.537195460394780e+03,6.530645829166927e+03,1.764705882352941e+00,1495551
6.538004405159496e+03,6.537416169865378e+03,5.882352941176471e-01,1495559
6.539093722476244e+03,6.538505487182127e+03,5.882352941176471e-01,1495560
6.540136636865368e+03,6.534894516089464e+03,1.764705882352941e+00,1495557
6.541408923685228e+03,6.540820688391110e+03,5.882352941176471e-01,1495561
6.541997158979345e+03,6.541057979293874e+03,5.882352941176471e-01,1495562
6.544350100155816e+03,6.541606269138053e+03,1.764705882352941e+00,1495563
6.545526570744051e+03,6.542606216816985e+03,1.764705882352941e+00,1495564
6.546741344146671e+03,6.545722366189081e+03,5.882352941176471e-01,1495566
6.548596198639571e+03,6.547575392315419e+03,5.882352941176471e-01,1495568
6.549682520617260e+03,6.545564873558436e+03,1.764705882352941e+00,1495565
6.551197183142078e+03,6.550608947847960e+03,5.882352941176471e-01,1495571
6.553133561264951e+03,6.552506140412326e+03,5.882352941176471e-01,1495572
6.553721796559068e+03,6.547419728051336e+03,1.764705882352941e+00,1495567
6.555059812010117e+03,6.554139161902369e+03,5.882352941176471e-01,1495574
6.556086442105385e+03,6.555498206811268e+03,5.882352941176471e-01,1495575
6.556824517892470e+03,6.553883341421881e+03,1.764705882352941e+00,1495573
6.557554965056230e+03,6.556966729762113e+03,5.882352941176471e-01,1495576
6.559241107997888e+03,6.558652872703770e+03,5.882352941176471e-01,1495577
6.559829343292005e+03,6.559146972308798e+03,5.882352941176471e-01,1495578
6.560514521948301e+03,6.559633236811054e+03,5.882352941176471e-01,1495579
6.561482525871462e+03,6.560023230016361e+03,5.882352941176471e-01,1495581
6.562658996459697e+03,6.561855026600932e+03,5.882352941176471e-01,1495584
6.564562821305304e+03,6.563598262774558e+03,5.882352941176471e-01,1495587
6.565617290108076e+03,6.565029054813959e+03,5.882352941176471e-01,1495588
6.566205525402194e+03,6.565558051778959e+03,5.882352941176471e-01,1495589
6.567381995990429e+03,6.566180062593619e+03,5.882352941176471e-01,1495591
6.567953114106756e+03,6.561274059206388e+03,1.764705882352941e+00,1495583
6.568903339537565e+03,6.567744807968581e+03,5.882352941176471e-01,1495592
6.570079810125801e+03,6.568677094380140e+03,5.882352941176471e-01,1495594
6.572255393984349e+03,6.571667158690231e+03,5.882352941176471e-01,1495596
6.573584178457596e+03,6.572987595352508e+03,5.882352941176471e-01,1495597
6.574760649045831e+03,6.562798115422951e+03,1.764705882352941e+00,1495585
6.575348884339949e+03,6.573639742541919e+03,1.176470588235294e+00,1495598
6.576814691589273e+03,6.576226456295155e+03,5.882352941176471e-01,1495599
6.578275535820309e+03,6.577687300526191e+03,5.882352941176471e-01,1495601
6.578863771114427e+03,6.578126521877892e+03,5.882352941176471e-01,1495602
6.579452006408544e+03,6.578567827168750e+03,5.882352941176471e-01,1495603
6.580344103353979e+03,6.576519907967006e+03,1.764705882352941e+00,1495600
6.581543662867234e+03,6.580955427573116e+03,5.882352941176471e-01,1495604
6.582427147216011e+03,6.581838911921893e+03,5.882352941176471e-01,1495605
6.585483084829611e+03,6.584894849535493e+03,5.882352941176471e-01,1495607
6.585959651272452e+03,6.583606710095982e+03,1.764705882352941e+00,1495606
6.587409697718080e+03,6.586316308688587e+03,5.882352941176471e-01,1495609
6.588809651961847e+03,6.586892366476823e+03,5.882352941176471e-01,1495612
6.589986122550082e+03,6.589299783255222e+03,5.882352941176471e-01,1495616
6.590604085862522e+03,6.590015850568404e+03,5.882352941176471e-01,1495617
6.591594669535522e+03,6.591006434241404e+03,5.882352941176471e-01,1495618
6.592638816255575e+03,6.592050580961457e+03,5.882352941176471e-01,1495619
6.593515534314788e+03,6.588627276142553e+03,1.176470588235294e+00,1495615
6.594103769608905e+03,6.586091419024124e+03,1.764705882352941e+00,1495608
6.595280240197141e+03,6.592623027300342e+03,1.764705882352941e+00,1495620
6.595978115617831e+03,6.595389880323714e+03,5.882352941176471e-01,1495621
6.596566350911949e+03,6.595656849682668e+03,5.882352941176471e-01,1495622
6.598674818164348e+03,6.598063214398648e+03,5.882352941176471e-01,1495624
6.601027759340819e+03,6.597498347576113e+03,1.764705882352941e+00,1495623
6.601839811961100e+03,6.601251576666983e+03,5.882352941176471e-01,1495626
6.605291048906689e+03,6.604358357519482e+03,5.882352941176471e-01,1495628
6.605879284200807e+03,6.604114578318454e+03,1.176470588235294e+00,1495627
6.607547853735180e+03,6.606542084379894e+03,5.882352941176471e-01,1495630
6.608136089029297e+03,6.607228488274792e+03,5.882352941176471e-01,1495631
6.609312559617533e+03,6.608685089623925e+03,5.882352941176471e-01,1495633
6.610489030205768e+03,6.608085809597580e+03,1.176470588235294e+00,1495632
6.611665500794003e+03,6.606371383146945e+03,1.764705882352941e+00,1495629
6.612577770702419e+03,6.611989535408301e+03,5.882352941176471e-01,1495635
6.613166005996537e+03,6.612313271712675e+03,5.882352941176471e-01,1495636
6.614702725668764e+03,6.614114490374646e+03,5.882352941176471e-01,1495638
6.615194912558709e+03,6.610557536950402e+03,1.764705882352941e+00,1495634
6.615783147852827e+03,6.613480934926831e+03,1.176470588235294e+00,1495637
6.616510706418054e+03,6.615922471123936e+03,5.882352941176471e-01,1495639
6.620894971552163e+03,6.620306736258046e+03,5.882352941176471e-01,1495643
6.621483206846281e+03,6.620333231403589e+03,5.882352941176471e-01,1495644
6.622071442140398e+03,6.621051365921867e+03,5.882352941176471e-01,1495645
6.622548050463670e+03,6.616665697522493e+03,1.764705882352941e+00,1495640
6.625572531544195e+03,6.624984296250077e+03,5.882352941176471e-01,1495647
6.626247250624677e+03,6.625659015330559e+03,5.882352941176471e-01,1495648
6.626958535537845e+03,6.624017359067257e+03,1.764705882352941e+00,1495646
6.629461369959043e+03,6.627696664076690e+03,1.764705882352941e+00,1495649
6.630157570703632e+03,6.629569335409514e+03,5.882352941176471e-01,1495650
6.634509571631889e+03,6.632744865749536e+03,1.764705882352941e+00,1495651
6.635097806926007e+03,6.634293874714739e+03,5.882352941176471e-01,1495652
6.637736318063485e+03,6.637148082769367e+03,5.882352941176471e-01,1495653
6.638324553357602e+03,6.637602718333105e+03,5.882352941176471e-01,1495654
6.640748709514335e+03,6.640160474220218e+03,5.882352941176471e-01,1495655
6.642126516719298e+03,6.641538281425181e+03,5.882352941176471e-01,1495656
6.643891222601651e+03,6.641956717072370e+03,1.764705882352941e+00,1495657
6.646498558885651e+03,6.645910323591533e+03,5.882352941176471e-01,1495658
6.647860141100610e+03,6.646579246667455e+03,5.882352941176471e-01,1495661
6.649213425276548e+03,6.648213768276017e+03,5.882352941176471e-01,1495665
6.649801660570666e+03,6.648945567222312e+03,5.882352941176471e-01,1495666
6.651183584724520e+03,6.650595349430402e+03,5.882352941176471e-01,1495667
6.651566366453019e+03,6.647416673542313e+03,1.176470588235294e+00,1495663
6.652154601747137e+03,6.645995389528997e+03,1.764705882352941e+00,1495659
6.652790084411767e+03,6.652201849117650e+03,5.882352941176471e-01,1495668
6.655521915742238e+03,6.654767564522393e+03,5.882352941176471e-01,1495672
6.656421061997407e+03,6.654945672687541e+03,5.882352941176471e-01,1495673
6.657597532585642e+03,6.656360231137374e+03,5.882352941176471e-01,1495676
6.657597532585642e+03,6.656143737664340e+03,5.882352941176471e-01,1495675
6.658199683731299e+03,6.657611448437181e+03,5.882352941176471e-01,1495677
6.658955819608855e+03,6.658367584314737e+03,5.882352941176471e-01,1495678
6.659544054902972e+03,6.658478837655994e+03,5.882352941176471e-01,1495679
6.660678621232156e+03,6.660090385938038e+03,5.882352941176471e-01,1495680
6.661460371381211e+03,6.660872136087094e+03,5.882352941176471e-01,1495681
6.662048606675329e+03,6.661428659233829e+03,5.882352941176471e-01,1495682
6.662636841969446e+03,6.661472247189096e+03,5.882352941176471e-01,1495683
6.663813312557682e+03,6.662966484010584e+03,5.882352941176471e-01,1495685
6.664854309042143e+03,6.664266073748026e+03,5.882352941176471e-01,1495686
6.665244591409171e+03,6.653335090491495e+03,1.764705882352941e+00,1495669
6.666106251918781e+03,6.665518016624664e+03,5.882352941176471e-01,1495687
6.666694487212899e+03,6.665910816421540e+03,5.882352941176471e-01,1495688
6.667597532585642e+03,6.662175351389617e+03,1.764705882352941e+00,1495684
6.669085962236269e+03,6.668497726942152e+03,5.882352941176471e-01,1495689
6.669698309065546e+03,6.668695948821774e+03,5.882352941176471e-01,1495690
6.671164188130655e+03,6.669725090038408e+03,5.882352941176471e-01,1495693
6.671752423424773e+03,6.670865361313411e+03,5.882352941176471e-01,1495695
6.672340658718891e+03,6.669134185306588e+03,1.176470588235294e+00,1495692
6.673630872668865e+03,6.673042637374747e+03,5.882352941176471e-01,1495696
6.675395578551218e+03,6.673066034755941e+03,1.764705882352941e+00,1495697
6.676757078689314e+03,6.675859763919746e+03,5.882352941176471e-01,1495699
6.677345313983432e+03,6.675580608101079e+03,1.176470588235294e+00,1495698
6.678082828066649e+03,6.677494592772532e+03,5.882352941176471e-01,1495700
6.680740719555193e+03,6.679616902106567e+03,5.882352941176471e-01,1495706
6.681917190143428e+03,6.681071457459920e+03,5.882352941176471e-01,1495708
6.685376496448718e+03,6.684764892668129e+03,5.882352941176471e-01,1495710
6.685964731742836e+03,6.677661815721274e+03,1.764705882352941e+00,1495701
6.687207295282689e+03,6.686096917646071e+03,5.882352941176471e-01,1495713
6.689560236459159e+03,6.683621005903724e+03,1.764705882352941e+00,1495709
6.690393854169971e+03,6.689805618875853e+03,5.882352941176471e-01,1495715
6.690982089464088e+03,6.689903880163911e+03,5.882352941176471e-01,1495716
6.691570324758206e+03,6.690565390022267e+03,5.882352941176471e-01,1495717
6.691913177635630e+03,6.687312633478379e+03,1.176470588235294e+00,1495714
6.694926926275437e+03,6.694338690981319e+03,5.882352941176471e-01,1495718
6.700401078815008e+03,6.699812843520890e+03,5.882352941176471e-01,1495719
6.703489339193908e+03,6.700548162723320e+03,1.764705882352941e+00,1495720
6.705188568044631e+03,6.704600332750513e+03,5.882352941176471e-01,1495722
6.708666636944749e+03,6.704993762644105e+03,1.764705882352941e+00,1495723
6.709254872238867e+03,6.707438823491926e+03,1.176470588235294e+00,1495725
6.711333654350704e+03,6.710745419056586e+03,5.882352941176471e-01,1495727
6.711687175452235e+03,6.709334234275764e+03,1.764705882352941e+00,1495726
6.712275410746352e+03,6.711556384727135e+03,5.882352941176471e-01,1495728
6.713745364904945e+03,6.712579609258476e+03,5.882352941176471e-01,1495730
6.714333600199063e+03,6.713293534543262e+03,5.882352941176471e-01,1495731
6.715483430837890e+03,6.713899632135518e+03,5.882352941176471e-01,1495732
6.716071666132007e+03,6.715456790888481e+03,5.882352941176471e-01,1495734
6.717075636651434e+03,6.716487401357316e+03,5.882352941176471e-01,1495735
6.718112624615565e+03,6.716604279368093e+03,5.882352941176471e-01,1495736
6.718705372689836e+03,6.717973141991461e+03,5.882352941176471e-01,1495738
6.720054343346880e+03,6.712568894316710e+03,1.176470588235294e+00,1495729
6.721072715375998e+03,6.720484480081880e+03,5.882352941176471e-01,1495742
6.721755381273156e+03,6.720912657644248e+03,5.882352941176471e-01,1495743
6.723678185714626e+03,6.718121650175871e+03,1.764705882352941e+00,1495740
6.724985826670863e+03,6.724397591376746e+03,5.882352941176471e-01,1495746
6.725648510375865e+03,6.725060275081747e+03,5.882352941176471e-01,1495747
6.726236745669982e+03,6.725326794534948e+03,5.882352941176471e-01,1495748
6.726619362185214e+03,6.721261576582079e+03,1.764705882352941e+00,1495745
6.728384068067567e+03,6.726297192278773e+03,1.764705882352941e+00,1495749
6.730536640880170e+03,6.729948405586052e+03,5.882352941176471e-01,1495750
6.732315149044216e+03,6.731140833430042e+03,5.882352941176471e-01,1495756
6.734079854926569e+03,6.730032011219545e+03,1.764705882352941e+00,1495751
6.735719541545292e+03,6.735131306251174e+03,5.882352941176471e-01,1495757
6.736307776839410e+03,6.735595933112625e+03,5.882352941176471e-01,1495758
6.736896012133527e+03,6.736175286911562e+03,5.882352941176471e-01,1495759
6.737484247427645e+03,6.736477270030053e+03,5.882352941176471e-01,1495760
6.740560839507727e+03,6.739700398850072e+03,5.882352941176471e-01,1495762
6.741149074801844e+03,6.739384368919492e+03,1.176470588235294e+00,1495761
6.741808626324435e+03,6.741220391030317e+03,5.882352941176471e-01,1495763
6.743617788042046e+03,6.742215280423447e+03,5.882352941176471e-01,1495766
6.745039804654285e+03,6.744451569360167e+03,5.882352941176471e-01,1495767
6.745639238285230e+03,6.745051002991113e+03,5.882352941176471e-01,1495768
6.745970729218517e+03,6.741853082159693e+03,1.176470588235294e+00,1495764
6.746558964512634e+03,6.741913714065137e+03,1.764705882352941e+00,1495765
6.747317978655788e+03,6.746729743361670e+03,5.882352941176471e-01,1495769
6.747955804474311e+03,6.747367569180194e+03,5.882352941176471e-01,1495770
6.748706837331529e+03,6.748118602037411e+03,5.882352941176471e-01,1495771
6.749295072625646e+03,6.748461788287178e+03,5.882352941176471e-01,1495772
6.749883307919764e+03,6.748974009909462e+03,5.882352941176471e-01,1495773
6.750471543213882e+03,6.749771639758618e+03,5.882352941176471e-01,1495774
6.752976650771006e+03,6.751211944888653e+03,1.764705882352941e+00,1495775
6.754912004853848e+03,6.754323769559730e+03,5.882352941176471e-01,1495776
6.756374526096077e+03,6.755786290801959e+03,5.882352941176471e-01,1495777
6.757475479693910e+03,6.756887244399793e+03,5.882352941176471e-01,1495778
6.758651950282146e+03,6.757627890341360e+03,5.882352941176471e-01,1495780
6.759828420870381e+03,6.757360851305646e+03,1.764705882352941e+00,1495779
6.761575801328116e+03,6.760987566033999e+03,5.882352941176471e-01,1495781
6.762164036622234e+03,6.761029171184397e+03,5.882352941176471e-01,1495782
6.762752271916352e+03,6.762111513742980e+03,5.882352941176471e-01,1495783
6.763491388989836e+03,6.762903153695719e+03,5.882352941176471e-01,1495784
6.766148579089178e+03,6.765560343795060e+03,5.882352941176471e-01,1495785
6.766736814383296e+03,6.766079198206806e+03,5.882352941176471e-01,1495786
6.769402183342782e+03,6.767331930086239e+03,5.882352941176471e-01,1495789
6.771755124519252e+03,6.767192592857747e+03,1.176470588235294e+00,1495788
6.772931595107488e+03,6.766207235414863e+03,1.764705882352941e+00,1495787
6.774108065695723e+03,6.771939803189730e+03,1.764705882352941e+00,1495793
6.774696300989841e+03,6.773799305776653e+03,5.882352941176471e-01,1495794
6.780597035093074e+03,6.779968024299741e+03,5.882352941176471e-01,1495796
6.783180392773286e+03,6.782592157479168e+03,5.882352941176471e-01,1495799
6.783538211563663e+03,6.779420564504839e+03,1.764705882352941e+00,1495795
6.784126446857780e+03,6.783484813169118e+03,5.882352941176471e-01,1495800
6.785302917446016e+03,6.784145671721298e+03,5.882352941176471e-01,1495802
6.786030141641917e+03,6.785441906347799e+03,5.882352941176471e-01,1495803
6.786618376936035e+03,6.785870920994041e+03,5.882352941176471e-01,1495804
6.787265059329416e+03,6.786142843870951e+03,5.882352941176471e-01,1495805
6.790655482192338e+03,6.780961983943056e+03,1.764705882352941e+00,1495797
6.792224936946102e+03,6.791636701651984e+03,5.882352941176471e-01,1495810
6.792895363827008e+03,6.792074924092421e+03,5.882352941176471e-01,1495811
6.795248305003479e+03,6.792765617980306e+03,5.882352941176471e-01,1495816
6.796497925224711e+03,6.795787588435000e+03,5.882352941176471e-01,1495817
6.797674395812946e+03,6.786735271134562e+03,1.764705882352941e+00,1495807
6.800615572283534e+03,6.796294176872982e+03,1.176470588235294e+00,1495818
6.800615572283534e+03,6.792389320119679e+03,1.176470588235294e+00,1495813
6.803971459564620e+03,6.802445612884629e+03,5.882352941176471e-01,1495824
6.803971459564620e+03,6.802408351272908e+03,5.882352941176471e-01,1495823
6.804346581638880e+03,6.791012468548460e+03,1.764705882352941e+00,1495809
6.806111287521233e+03,6.801561474195455e+03,1.176470588235294e+00,1495821
6.806699522815351e+03,6.800738374267549e+03,1.764705882352941e+00,1495819
6.807287758109469e+03,6.806517985212043e+03,5.882352941176471e-01,1495825
6.807875993403586e+03,6.807110191313138e+03,5.882352941176471e-01,1495826
6.811372073970380e+03,6.809607368088027e+03,1.764705882352941e+00,1495827
6.813441618661713e+03,6.812646823644648e+03,5.882352941176471e-01,1495829
6.814094864420993e+03,6.812978185288467e+03,5.882352941176471e-01,1495830
6.816007572107779e+03,6.815419336813661e+03,5.882352941176471e-01,1495835
6.816447805597464e+03,6.813528299281930e+03,1.176470588235294e+00,1495834
6.817233782037104e+03,6.816645546742986e+03,5.882352941176471e-01,1495836
6.817624276185699e+03,6.812265148073478e+03,1.764705882352941e+00,1495828
6.820294265377996e+03,6.818254455803421e+03,1.176470588235294e+00,1495838
6.820882500672113e+03,6.817941324201525e+03,1.764705882352941e+00,1495837
6.822827329760807e+03,6.822239094466689e+03,5.882352941176471e-01,1495839
6.825160262289335e+03,6.824572026995217e+03,5.882352941176471e-01,1495840
6.828316017429941e+03,6.827547656465154e+03,5.882352941176471e-01,1495842
6.828904252724059e+03,6.827952840203465e+03,5.882352941176471e-01,1495843
6.829492488018176e+03,6.828487035703253e+03,5.882352941176471e-01,1495844
6.830080723312294e+03,6.829400107458598e+03,5.882352941176471e-01,1495845
6.831391240844036e+03,6.830803005549918e+03,5.882352941176471e-01,1495846
6.832412232773274e+03,6.830944730294662e+03,5.882352941176471e-01,1495847
6.833000468067391e+03,6.832256754114276e+03,5.882352941176471e-01,1495849
6.834176938655627e+03,6.832529660777712e+03,5.882352941176471e-01,1495850
6.834631127006237e+03,6.827139546841706e+03,1.764705882352941e+00,1495841
6.836539436891334e+03,6.835951201597217e+03,5.882352941176471e-01,1495853
6.836984068182708e+03,6.832772037432096e+03,1.764705882352941e+00,1495851
6.838160538770943e+03,6.834765658416059e+03,1.764705882352941e+00,1495852
6.838857946110978e+03,6.838269710816860e+03,5.882352941176471e-01,1495854
6.840128012046235e+03,6.839539776752118e+03,5.882352941176471e-01,1495856
6.841671311490748e+03,6.840569294879164e+03,5.882352941176471e-01,1495858
6.841890869578883e+03,6.838949693108294e+03,1.176470588235294e+00,1495855
6.844785522728885e+03,6.843349314729221e+03,5.882352941176471e-01,1495862
6.845373758023002e+03,6.844476523439529e+03,5.882352941176471e-01,1495864
6.846550228611238e+03,6.845865783338496e+03,5.882352941176471e-01,1495866
6.847138463905355e+03,6.846188436309714e+03,5.882352941176471e-01,1495867
6.848052458524821e+03,6.840494840902513e+03,1.764705882352941e+00,1495857
6.851998577488862e+03,6.851353166163150e+03,5.882352941176471e-01,1495870
6.852586812782979e+03,6.841920279658028e+03,1.764705882352941e+00,1495859
6.854939753959450e+03,6.848816627006066e+03,1.764705882352941e+00,1495868
6.855653010135338e+03,6.855064774841220e+03,5.882352941176471e-01,1495872
6.856955758014853e+03,6.856367522720735e+03,5.882352941176471e-01,1495873
6.858720463897206e+03,6.858009563448137e+03,5.882352941176471e-01,1495876
6.859057401018274e+03,6.852812522321502e+03,1.764705882352941e+00,1495871
6.860822106900626e+03,6.857109432946104e+03,1.176470588235294e+00,1495875
6.860822106900626e+03,6.856931195030045e+03,1.176470588235294e+00,1495874
6.861998577488862e+03,6.859455944221186e+03,1.764705882352941e+00,1495877
6.863466520067043e+03,6.861751154517546e+03,5.882352941176471e-01,1495878
6.864054755361160e+03,6.863318138414956e+03,5.882352941176471e-01,1495881
6.864642990655278e+03,6.863750595000920e+03,5.882352941176471e-01,1495882
6.865819461243513e+03,6.865046185247068e+03,5.882352941176471e-01,1495884
6.869748741568824e+03,6.864164853080767e+03,1.764705882352941e+00,1495883
6.873357904485240e+03,6.872660771575971e+03,5.882352941176471e-01,1495890
6.873946139779357e+03,6.873292362161500e+03,5.882352941176471e-01,1495891
6.875122610367593e+03,6.874504969557354e+03,5.882352941176471e-01,1495893
6.876926387227172e+03,6.875200752322045e+03,5.882352941176471e-01,1495896
6.878164153468309e+03,6.877575918174191e+03,5.882352941176471e-01,1495898
6.878820088600826e+03,6.878231853306709e+03,5.882352941176471e-01,1495899
6.879996559189062e+03,6.879259103239356e+03,5.882352941176471e-01,1495901
6.880719541502930e+03,6.880131306208813e+03,5.882352941176471e-01,1495902
6.882808740168348e+03,6.873575827815184e+03,1.176470588235294e+00,1495892
6.883396975462466e+03,6.871593198602887e+03,1.764705882352941e+00,1495888
6.884297405567688e+03,6.883709170273570e+03,5.882352941176471e-01,1495903
6.885714544276505e+03,6.884557085020418e+03,5.882352941176471e-01,1495905
6.886585998394975e+03,6.885366977102970e+03,5.882352941176471e-01,1495907
6.887762468983211e+03,6.887041893359696e+03,5.882352941176471e-01,1495910
6.888350704277328e+03,6.887551704097373e+03,5.882352941176471e-01,1495911
6.889214980054460e+03,6.878338492076623e+03,1.764705882352941e+00,1495900
6.890979685936812e+03,6.886280981925210e+03,1.176470588235294e+00,1495909
6.891580014192510e+03,6.890991778898392e+03,5.882352941176471e-01,1495913
6.892156156525048e+03,6.883774986102629e+03,1.764705882352941e+00,1495904
6.893332627113283e+03,6.889869179975260e+03,1.764705882352941e+00,1495912
6.893920862407401e+03,6.893250227768246e+03,5.882352941176471e-01,1495914
6.895834534557184e+03,6.895246299263067e+03,5.882352941176471e-01,1495915
6.896766448916830e+03,6.896178213622712e+03,5.882352941176471e-01,1495916
6.898925404986245e+03,6.898337169692128e+03,5.882352941176471e-01,1495917
6.902172840739361e+03,6.901547089968667e+03,5.882352941176471e-01,1495920
6.903297004733916e+03,6.900355828263328e+03,1.176470588235294e+00,1495918
6.905035420894114e+03,6.904059904254362e+03,5.882352941176471e-01,1495923
6.905623656188231e+03,6.904719367972065e+03,5.882352941176471e-01,1495925
6.907098598870691e+03,6.900996370151125e+03,1.764705882352941e+00,1495919
6.908275069458927e+03,6.903586767933809e+03,1.764705882352941e+00,1495922
6.910081312564222e+03,6.908316606681869e+03,1.764705882352941e+00,1495926
6.910669547858339e+03,6.909876594303456e+03,5.882352941176471e-01,1495927
6.912961019350136e+03,6.912053986977091e+03,5.882352941176471e-01,1495930
6.914367298057901e+03,6.910765553657926e+03,1.764705882352941e+00,1495928
6.916301766090346e+03,6.915713530796228e+03,5.882352941176471e-01,1495933
6.916890001384464e+03,6.916257364084384e+03,5.882352941176471e-01,1495934
6.917308474528489e+03,6.911712216126632e+03,1.764705882352941e+00,1495929
6.919111355263951e+03,6.918403412890086e+03,5.882352941176471e-01,1495936
6.919699590558069e+03,6.918624815445800e+03,5.882352941176471e-01,1495937
6.920287825852186e+03,6.917346649381598e+03,1.764705882352941e+00,1495935
6.922324267370291e+03,6.921736032076174e+03,5.882352941176471e-01,1495938
6.923548010631643e+03,6.922959775337525e+03,5.882352941176471e-01,1495939
6.926232335578521e+03,6.925644100284403e+03,5.882352941176471e-01,1495942
6.928888195753918e+03,6.924193099446483e+03,1.764705882352941e+00,1495940
6.929726740119192e+03,6.929138504825074e+03,5.882352941176471e-01,1495945
6.930314975413309e+03,6.929507072443053e+03,5.882352941176471e-01,1495946
6.932417607518624e+03,6.926111287974475e+03,1.764705882352941e+00,1495943
6.933594078106859e+03,6.930505728001510e+03,1.764705882352941e+00,1495947
6.936535254577447e+03,6.933307071282536e+03,1.764705882352941e+00,1495948
6.937123489871565e+03,6.936271668079014e+03,5.882352941176471e-01,1495950
6.938430740888330e+03,6.937842505594212e+03,5.882352941176471e-01,1495951
6.940109656287796e+03,6.939521420993678e+03,5.882352941176471e-01,1495952
6.942035534033068e+03,6.941447298738951e+03,5.882352941176471e-01,1495953
6.946338551932014e+03,6.945750316637897e+03,5.882352941176471e-01,1495955
6.947114762241898e+03,6.944761821065428e+03,1.764705882352941e+00,1495954
6.953417342495091e+03,6.952173042642688e+03,5.882352941176471e-01,1495958
6.955698326793238e+03,6.954862161243528e+03,5.882352941176471e-01,1495960
6.956422420969344e+03,6.955437036890100e+03,5.882352941176471e-01,1495961
6.957010656263462e+03,6.955970044557215e+03,5.882352941176471e-01,1495963
6.957598891557580e+03,6.956937083360147e+03,5.882352941176471e-01,1495964
6.958187126851697e+03,6.951652636612738e+03,1.764705882352941e+00,1495956
6.959363597439932e+03,6.958687756377627e+03,5.882352941176471e-01,1495965
6.959951832734050e+03,6.954449899326679e+03,1.764705882352941e+00,1495959
6.962204286932065e+03,6.961616051637947e+03,5.882352941176471e-01,1495966
6.963380757520300e+03,6.962636347940422e+03,5.882352941176471e-01,1495968
6.965306341558364e+03,6.963770615026834e+03,5.882352941176471e-01,1495970
6.965733698696771e+03,6.961805659246786e+03,1.176470588235294e+00,1495967
6.967498404579124e+03,6.963541635676011e+03,1.764705882352941e+00,1495969
6.968086639873241e+03,6.967287363767085e+03,5.882352941176471e-01,1495972
6.969054454097271e+03,6.968466218803153e+03,5.882352941176471e-01,1495973
6.969642689391388e+03,6.968697743600370e+03,5.882352941176471e-01,1495974
6.970840490739822e+03,6.969728651751328e+03,5.882352941176471e-01,1495976
6.972367727666219e+03,6.971779492372101e+03,5.882352941176471e-01,1495979
6.973030174936889e+03,6.972441939642771e+03,5.882352941176471e-01,1495980
6.974610398082732e+03,6.974022162788615e+03,5.882352941176471e-01,1495982
6.975198633376850e+03,6.974107566646444e+03,5.882352941176471e-01,1495983
6.976134608386881e+03,6.969421702245580e+03,1.764705882352941e+00,1495975
6.977311078975116e+03,6.972784034728189e+03,1.764705882352941e+00,1495981
6.977974649354978e+03,6.977386414060860e+03,5.882352941176471e-01,1495984
6.979907696657878e+03,6.979319461363761e+03,5.882352941176471e-01,1495985
6.981084167246114e+03,6.979922204366439e+03,5.882352941176471e-01,1495987
6.981672402540231e+03,6.980710657262753e+03,5.882352941176471e-01,1495988
6.982848873128467e+03,6.979647697237726e+03,1.764705882352941e+00,1495986
6.983693349831864e+03,6.983105114537747e+03,5.882352941176471e-01,1495989
6.984281585125982e+03,6.983583483256023e+03,5.882352941176471e-01,1495990
6.985458055714217e+03,6.984263379169754e+03,5.882352941176471e-01,1495992
6.985458055714217e+03,6.984109005803311e+03,5.882352941176471e-01,1495991
6.988783328595105e+03,6.988195093300987e+03,5.882352941176471e-01,1495997
6.990556348153514e+03,6.985653384778397e+03,1.764705882352941e+00,1495993
6.991144583447632e+03,6.990521546195014e+03,5.882352941176471e-01,1495998
6.991732818741749e+03,6.990581325436607e+03,5.882352941176471e-01,1495999
6.993289827378345e+03,6.992701592084228e+03,5.882352941176471e-01,1496000
6.995776183869617e+03,6.995187948575499e+03,5.882352941176471e-01,1496001
6.997054192196920e+03,6.996465956902802e+03,5.882352941176471e-01,1496002
6.998461099611559e+03,6.997872864317441e+03,5.882352941176471e-01,1496004
7.000079071104663e+03,6.997137894634075e+03,1.764705882352941e+00,1496003
7.001843776987016e+03,6.998792009770117e+03,1.764705882352941e+00,1496005
7.002432012281134e+03,7.000468738390640e+03,1.176470588235294e+00,1496006
7.003608482869369e+03,7.002795627358104e+03,5.882352941176471e-01,1496008
7.005702640856072e+03,7.004472523418236e+03,5.882352941176471e-01,1496012
7.007892422385572e+03,7.007304187091454e+03,5.882352941176471e-01,1496016
7.008480657679690e+03,7.007705441422623e+03,5.882352941176471e-01,1496017
7.011520126666495e+03,7.002365164636717e+03,1.764705882352941e+00,1496007
7.012751768762075e+03,7.012163533467957e+03,5.882352941176471e-01,1496019
7.013873067842966e+03,7.010322033701342e+03,1.764705882352941e+00,1496018
7.014814030314980e+03,7.014225795020863e+03,5.882352941176471e-01,1496021
7.015637773725319e+03,7.014967773371797e+03,5.882352941176471e-01,1496022
7.016226009019436e+03,7.012728636102682e+03,1.764705882352941e+00,1496020
7.020875787854039e+03,7.020287552559922e+03,5.882352941176471e-01,1496024
7.021464023148157e+03,7.020722013903945e+03,5.882352941176471e-01,1496025
7.022052258442275e+03,7.021412593999818e+03,5.882352941176471e-01,1496026
7.023523449441933e+03,7.019405802383110e+03,1.764705882352941e+00,1496023
7.024563566999762e+03,7.023975331705645e+03,5.882352941176471e-01,1496028
7.025151802293880e+03,7.024309134094957e+03,5.882352941176471e-01,1496029
7.025876390618404e+03,7.021737792411731e+03,1.764705882352941e+00,1496027
7.030570849369172e+03,7.029982614075054e+03,5.882352941176471e-01,1496031
7.031233484102917e+03,7.030645248808799e+03,5.882352941176471e-01,1496032
7.031969954352361e+03,7.029028777881773e+03,1.764705882352941e+00,1496030
7.033188743566329e+03,7.032600508272212e+03,5.882352941176471e-01,1496034
7.033776978860447e+03,7.032651666980646e+03,5.882352941176471e-01,1496035
7.035280699235520e+03,7.034089487205732e+03,5.882352941176471e-01,1496037
7.037019168283568e+03,7.034789512232320e+03,5.882352941176471e-01,1496039
7.037607403577686e+03,7.037006049866415e+03,5.882352941176471e-01,1496042
7.038195638871803e+03,7.037213774528612e+03,5.882352941176471e-01,1496043
7.040276059926621e+03,7.031761096921643e+03,1.764705882352941e+00,1496033
7.040864295220738e+03,7.039989409347534e+03,5.882352941176471e-01,1496046
7.042629001103091e+03,7.034007180356367e+03,1.176470588235294e+00,1496036
7.043805471691327e+03,7.038603858274941e+03,1.764705882352941e+00,1496044
7.045018599001716e+03,7.044430363707598e+03,5.882352941176471e-01,1496048
7.045570177573680e+03,7.042875803245919e+03,1.764705882352941e+00,1496047
7.047432755014890e+03,7.046844519720772e+03,5.882352941176471e-01,1496049
7.048046131942442e+03,7.047457896648324e+03,5.882352941176471e-01,1496050
7.049563259470586e+03,7.048975024176468e+03,5.882352941176471e-01,1496051
7.050151494764704e+03,7.049292084099480e+03,5.882352941176471e-01,1496052
7.051327965352939e+03,7.049621785817784e+03,1.176470588235294e+00,1496053
7.054033652854662e+03,7.053039757526394e+03,5.882352941176471e-01,1496055
7.054621888148780e+03,7.053882010699385e+03,5.882352941176471e-01,1496056
7.055210123442897e+03,7.054331667435811e+03,5.882352941176471e-01,1496057
7.056572026734245e+03,7.055498416861025e+03,5.882352941176471e-01,1496059
7.057160262028362e+03,7.056077761649053e+03,5.882352941176471e-01,1496060
7.058739535207603e+03,7.052857182266427e+03,1.764705882352941e+00,1496054
7.059862153461470e+03,7.059273918167353e+03,5.882352941176471e-01,1496062
7.060504241089956e+03,7.057181318352070e+03,1.176470588235294e+00,1496061
7.061092476384074e+03,7.055395556146009e+03,1.764705882352941e+00,1496058
7.062283801631572e+03,7.061695566337454e+03,5.882352941176471e-01,1496063
7.063995079874129e+03,7.063406844580012e+03,5.882352941176471e-01,1496064
7.066371772800040e+03,7.065783537505923e+03,5.882352941176471e-01,1496066
7.067724644249354e+03,7.067016566308071e+03,5.882352941176471e-01,1496068
7.068312879543472e+03,7.067364754352152e+03,5.882352941176471e-01,1496069
7.068901114837589e+03,7.067879960014343e+03,5.882352941176471e-01,1496070
7.069489350131707e+03,7.068369211627793e+03,5.882352941176471e-01,1496071
7.070077585425825e+03,7.064783467778766e+03,1.764705882352941e+00,1496065
7.071314318603641e+03,7.070726083309523e+03,5.882352941176471e-01,1496072
7.071842291308178e+03,7.066015708826805e+03,1.764705882352941e+00,1496067
7.073512800703360e+03,7.072924565409242e+03,5.882352941176471e-01,1496073
7.074254608904779e+03,7.073666373610661e+03,5.882352941176471e-01,1496074
7.076397396425526e+03,7.075809161131408e+03,5.882352941176471e-01,1496075
7.077708525107482e+03,7.077120289813365e+03,5.882352941176471e-01,1496076
7.078296760401600e+03,7.077517017219458e+03,5.882352941176471e-01,1496077
7.078884995695718e+03,7.077879065127408e+03,5.882352941176471e-01,1496078
7.082637020788688e+03,7.080872314906335e+03,1.764705882352941e+00,1496079
7.084334938664452e+03,7.083746703370334e+03,5.882352941176471e-01,1496080
7.087274416481988e+03,7.085509710599635e+03,1.764705882352941e+00,1496081
7.087862651776105e+03,7.087056730654675e+03,5.882352941176471e-01,1496082
7.089199251858888e+03,7.088137903688676e+03,5.882352941176471e-01,1496084
7.089787487153005e+03,7.088022781270652e+03,1.176470588235294e+00,1496083
7.090375722447123e+03,7.089741977502943e+03,5.882352941176471e-01,1496085
7.091552193035358e+03,7.090634592171852e+03,5.882352941176471e-01,1496087
7.092297641144994e+03,7.091709405850876e+03,5.882352941176471e-01,1496088
7.092728663623594e+03,7.089821020928214e+03,1.176470588235294e+00,1496086
7.093316898917711e+03,7.092625473818291e+03,5.882352941176471e-01,1496089
7.094632883794287e+03,7.093840488029113e+03,5.882352941176471e-01,1496091
7.096153724884336e+03,7.095565489590219e+03,5.882352941176471e-01,1496093
7.096797500851101e+03,7.096209265556983e+03,5.882352941176471e-01,1496094
7.098162295558993e+03,7.094489726277837e+03,1.176470588235294e+00,1496092
7.098162295558993e+03,7.093456413206052e+03,1.176470588235294e+00,1496090
7.099338766147229e+03,7.096993625048501e+03,1.764705882352941e+00,1496095
7.101826142085371e+03,7.100655887079257e+03,5.882352941176471e-01,1496097
7.103002612673606e+03,7.100649671497136e+03,1.764705882352941e+00,1496096
7.104099108769386e+03,7.103510873475268e+03,5.882352941176471e-01,1496098
7.104687344063503e+03,7.103588245046805e+03,5.882352941176471e-01,1496099
7.105275579357621e+03,7.104666351381279e+03,5.882352941176471e-01,1496100
7.106139728990494e+03,7.104752763220520e+03,5.882352941176471e-01,1496101
7.108257283358789e+03,7.107340942411184e+03,5.882352941176471e-01,1496107
7.108845518652907e+03,7.107692227776000e+03,5.882352941176471e-01,1496110
7.109459596528711e+03,7.108871361234593e+03,5.882352941176471e-01,1496111
7.111174013233667e+03,7.105689450865754e+03,1.176470588235294e+00,1496104
7.112397192832865e+03,7.111808957538747e+03,5.882352941176471e-01,1496114
7.115364619549918e+03,7.114776384255800e+03,5.882352941176471e-01,1496118
7.117852489447360e+03,7.117045462475729e+03,5.882352941176471e-01,1496121
7.118232836763078e+03,7.109468135497564e+03,1.764705882352941e+00,1496112
7.121201642693958e+03,7.120613407399840e+03,5.882352941176471e-01,1496123
7.122596696266397e+03,7.122008460972279e+03,5.882352941176471e-01,1496125
7.123438742930693e+03,7.122850507636575e+03,5.882352941176471e-01,1496126
7.124293029129840e+03,7.123602194868589e+03,5.882352941176471e-01,1496127
7.124881264423958e+03,7.112191197760449e+03,1.764705882352941e+00,1496115
7.125695572657128e+03,7.125107337363010e+03,5.882352941176471e-01,1496128
7.127117657586376e+03,7.125946631678011e+03,5.882352941176471e-01,1496130
7.129466242377930e+03,7.128187275262881e+03,5.882352941176471e-01,1496133
7.129466242377930e+03,7.128145158218657e+03,5.882352941176471e-01,1496132
7.130054477672048e+03,7.119625963552929e+03,1.764705882352941e+00,1496122
7.132407418848518e+03,7.125941186998141e+03,1.764705882352941e+00,1496129
7.133625665363859e+03,7.132671813078061e+03,5.882352941176471e-01,1496136
7.134957432042576e+03,7.133079205996847e+03,5.882352941176471e-01,1496138
7.135545667336694e+03,7.134740962440758e+03,5.882352941176471e-01,1496141
7.136402052617567e+03,7.135813817323449e+03,5.882352941176471e-01,1496142
7.137898608513164e+03,7.130706395073058e+03,1.176470588235294e+00,1496134
7.139075079101399e+03,7.132251519238184e+03,1.764705882352941e+00,1496135
7.139976268502839e+03,7.139388033208721e+03,5.882352941176471e-01,1496145
7.141246141460939e+03,7.140656194941625e+03,5.882352941176471e-01,1496147
7.142719321436271e+03,7.141946707728647e+03,5.882352941176471e-01,1496149
7.144293588340878e+03,7.143079903234248e+03,5.882352941176471e-01,1496151
7.144293588340878e+03,7.143041509345063e+03,5.882352941176471e-01,1496150
7.144881823634996e+03,7.135938150349366e+03,1.764705882352941e+00,1496143
7.146646529517349e+03,7.140069670872704e+03,1.764705882352941e+00,1496146
7.152101387831376e+03,7.151299367816441e+03,5.882352941176471e-01,1496153
7.153452439199094e+03,7.152864203904976e+03,5.882352941176471e-01,1496155
7.154498100275615e+03,7.152950677797055e+03,5.882352941176471e-01,1496156
7.155086335569732e+03,7.154367290763900e+03,5.882352941176471e-01,1496158
7.156669860117767e+03,7.156075024268814e+03,5.882352941176471e-01,1496159
7.157258095411885e+03,7.156473511603094e+03,5.882352941176471e-01,1496160
7.157846330706002e+03,7.150924917243140e+03,1.764705882352941e+00,1496152
7.160513078939062e+03,7.159924843644944e+03,5.882352941176471e-01,1496164
7.161375742470708e+03,7.157702158903965e+03,1.176470588235294e+00,1496161
7.161963977764826e+03,7.157884644192706e+03,1.764705882352941e+00,1496162
7.162552213058944e+03,7.161646575765063e+03,5.882352941176471e-01,1496165
7.163140448353061e+03,7.162301182960128e+03,5.882352941176471e-01,1496166
7.165635119082531e+03,7.165019223480802e+03,5.882352941176471e-01,1496169
7.166894121018549e+03,7.165800181778096e+03,5.882352941176471e-01,1496172
7.167340626759667e+03,7.159152573062686e+03,1.764705882352941e+00,1496163
7.168015600030792e+03,7.167427364736674e+03,5.882352941176471e-01,1496173
7.169192070619027e+03,7.168489395962365e+03,5.882352941176471e-01,1496175
7.171458273818491e+03,7.164210602496195e+03,1.176470588235294e+00,1496168
7.172046509112609e+03,7.163870413200178e+03,1.764705882352941e+00,1496167
7.172914040959477e+03,7.172325805665359e+03,5.882352941176471e-01,1496177
7.173811214994962e+03,7.167739098803890e+03,1.176470588235294e+00,1496174
7.174399450289079e+03,7.169950166772977e+03,1.764705882352941e+00,1496176
7.175008253953949e+03,7.174420018659831e+03,5.882352941176471e-01,1496178
7.175683187251781e+03,7.175094951957664e+03,5.882352941176471e-01,1496179
7.176859657840017e+03,7.175233094211458e+03,1.176470588235294e+00,1496180
7.181476554908839e+03,7.180888319614721e+03,5.882352941176471e-01,1496181
7.182293193619288e+03,7.181704958325171e+03,5.882352941176471e-01,1496182
7.185402019435216e+03,7.184813784141099e+03,5.882352941176471e-01,1496186
7.186507059609247e+03,7.182480980609010e+03,1.176470588235294e+00,1496184
7.187191673678848e+03,7.186603438384730e+03,5.882352941176471e-01,1496187
7.187683530197483e+03,7.182389412550424e+03,1.764705882352941e+00,1496183
7.194383352045706e+03,7.193795116751588e+03,5.882352941176471e-01,1496189
7.195193126003009e+03,7.192840184826538e+03,1.764705882352941e+00,1496188
7.196369596591244e+03,7.195016244408080e+03,1.176470588235294e+00,1496190
7.201471999849629e+03,7.200883764555512e+03,5.882352941176471e-01,1496194
7.201903100264387e+03,7.197785453205563e+03,1.764705882352941e+00,1496191
7.203079570852622e+03,7.199493025952000e+03,1.764705882352941e+00,1496193
7.204425352714238e+03,7.203837117420120e+03,5.882352941176471e-01,1496195
7.205013588008356e+03,7.204147938512567e+03,5.882352941176471e-01,1496196
7.206527140027447e+03,7.205938904733330e+03,5.882352941176471e-01,1496197
7.208213216319359e+03,7.207624981025241e+03,5.882352941176471e-01,1496198
7.209302169935131e+03,7.208713934641014e+03,5.882352941176471e-01,1496199
7.211409533429860e+03,7.210821298135742e+03,5.882352941176471e-01,1496200
7.213289700377316e+03,7.212228690854184e+03,5.882352941176471e-01,1496204
7.215054406259669e+03,7.213761266509458e+03,5.882352941176471e-01,1496207
7.215054406259669e+03,7.213511378346639e+03,5.882352941176471e-01,1496206
7.217143551490841e+03,7.216555316196723e+03,5.882352941176471e-01,1496209
7.218388911790979e+03,7.217703223380163e+03,5.882352941176471e-01,1496210
7.218977147085096e+03,7.218228531124683e+03,5.882352941176471e-01,1496211
7.219565382379214e+03,7.211159353542288e+03,1.764705882352941e+00,1496201
7.220741852967449e+03,7.215538849623314e+03,1.764705882352941e+00,1496208
7.221330088261567e+03,7.220598660085122e+03,5.882352941176471e-01,1496212
7.223101029789294e+03,7.222512794495176e+03,5.882352941176471e-01,1496213
7.224746750883331e+03,7.224039530800898e+03,5.882352941176471e-01,1496216
7.225334986177449e+03,7.224568676456906e+03,5.882352941176471e-01,1496217
7.225923221471566e+03,7.225267135244377e+03,5.882352941176471e-01,1496218
7.226511456765684e+03,7.222690175027184e+03,1.176470588235294e+00,1496214
7.228311918555326e+03,7.226547212672973e+03,1.764705882352941e+00,1496219
7.229324924910535e+03,7.228736689616418e+03,5.882352941176471e-01,1496220
7.229913160204653e+03,7.229303448396279e+03,5.882352941176471e-01,1496221
7.230588151512002e+03,7.229999916217885e+03,5.882352941176471e-01,1496222
7.231415043330270e+03,7.230826808036152e+03,5.882352941176471e-01,1496223
7.232993891634520e+03,7.232405656340403e+03,5.882352941176471e-01,1496225
7.234356219800858e+03,7.231221683806875e+03,1.764705882352941e+00,1496224
7.236120925683211e+03,7.233405480967301e+03,1.176470588235294e+00,1496226
7.236709160977328e+03,7.234152561795489e+03,1.764705882352941e+00,1496227
7.239136261999283e+03,7.237959791411047e+03,1.176470588235294e+00,1496228
7.240918545455073e+03,7.239153839572720e+03,1.764705882352941e+00,1496229
7.243350625762045e+03,7.242762390467928e+03,5.882352941176471e-01,1496230
7.246957624204617e+03,7.246049323798288e+03,5.882352941176471e-01,1496235
7.247468272820869e+03,7.243279022852572e+03,1.176470588235294e+00,1496231
7.248056508114986e+03,7.243934878909108e+03,1.764705882352941e+00,1496232
7.249232978703222e+03,7.245192918322264e+03,1.176470588235294e+00,1496233
7.249821213997339e+03,7.245297621280197e+03,1.764705882352941e+00,1496234
7.250409449291457e+03,7.249579694300376e+03,5.882352941176471e-01,1496236
7.251626278684679e+03,7.251038043390561e+03,5.882352941176471e-01,1496237
7.252883706563133e+03,7.252295471269016e+03,5.882352941176471e-01,1496238
7.254220886075173e+03,7.253632650781055e+03,5.882352941176471e-01,1496239
7.256021184754150e+03,7.255432949460032e+03,5.882352941176471e-01,1496240
7.256609420048268e+03,7.255850968086195e+03,5.882352941176471e-01,1496241
7.258114421358033e+03,7.257526186063915e+03,5.882352941176471e-01,1496242
7.258702656652150e+03,7.257778610187339e+03,5.882352941176471e-01,1496243
7.259290891946268e+03,7.258543136967414e+03,5.882352941176471e-01,1496244
7.260499848017929e+03,7.259911612723811e+03,5.882352941176471e-01,1496246
7.262264553900282e+03,7.261629719209039e+03,5.882352941176471e-01,1496249
7.263408539005091e+03,7.259098366266666e+03,1.764705882352941e+00,1496245
7.265173244887444e+03,7.260419203098165e+03,1.764705882352941e+00,1496247
7.266853839766687e+03,7.265972597145031e+03,5.882352941176471e-01,1496251
7.268481861821004e+03,7.267893626526887e+03,5.882352941176471e-01,1496253
7.269795016237275e+03,7.265677369178451e+03,1.764705882352941e+00,1496250
7.270904840171089e+03,7.267045511324559e+03,1.176470588235294e+00,1496252
7.272669546053442e+03,7.271959853792798e+03,5.882352941176471e-01,1496257
7.273846016641677e+03,7.272520416443018e+03,5.882352941176471e-01,1496259
7.273846016641677e+03,7.272082800060093e+03,5.882352941176471e-01,1496258
7.275869293806573e+03,7.275281058512455e+03,5.882352941176471e-01,1496260
7.276198957818148e+03,7.270838193516667e+03,1.764705882352941e+00,1496255
7.276787193112265e+03,7.276150042642361e+03,5.882352941176471e-01,1496261
7.278437503272141e+03,7.277849267978023e+03,5.882352941176471e-01,1496263
7.278751263354897e+03,7.276986557472544e+03,1.176470588235294e+00,1496262
7.281811752448518e+03,7.280635281860283e+03,1.176470588235294e+00,1496264
7.282988223036753e+03,7.282271161193872e+03,5.882352941176471e-01,1496266
7.285220085733590e+03,7.284510771959839e+03,5.882352941176471e-01,1496268
7.285879690960411e+03,7.285291455666293e+03,5.882352941176471e-01,1496269
7.288259812176432e+03,7.287671576882315e+03,5.882352941176471e-01,1496273
7.288848047470550e+03,7.287791876223926e+03,5.882352941176471e-01,1496274
7.289337732792414e+03,7.281784279330416e+03,1.764705882352941e+00,1496265
7.289925968086532e+03,7.289037690495296e+03,5.882352941176471e-01,1496275
7.292413447304647e+03,7.291049951925208e+03,5.882352941176471e-01,1496277
7.293001682598765e+03,7.292015796516838e+03,5.882352941176471e-01,1496279
7.293481326507328e+03,7.285881837337442e+03,1.176470588235294e+00,1496270
7.294657797095563e+03,7.294065021275360e+03,5.882352941176471e-01,1496281
7.295246032389681e+03,7.294439194927167e+03,5.882352941176471e-01,1496282
7.297188443277106e+03,7.296600207982988e+03,5.882352941176471e-01,1496284
7.297776678571223e+03,7.296952074039584e+03,5.882352941176471e-01,1496285
7.299951914742622e+03,7.291046392210103e+03,1.764705882352941e+00,1496276
7.301128385330858e+03,7.297204900240862e+03,1.764705882352941e+00,1496286
7.302115952384468e+03,7.301527717090351e+03,5.882352941176471e-01,1496287
7.302843608325647e+03,7.302255373031529e+03,5.882352941176471e-01,1496288
7.304642021693113e+03,7.304053786398996e+03,5.882352941176471e-01,1496289
7.306088496143666e+03,7.305500260849549e+03,5.882352941176471e-01,1496290
7.307500727124435e+03,7.306912491830317e+03,5.882352941176471e-01,1496291
7.308301755841950e+03,7.306971439373588e+03,5.882352941176471e-01,1496292
7.308889991136068e+03,7.307926313971230e+03,5.882352941176471e-01,1496294
7.310066461724303e+03,7.308542896913685e+03,1.176470588235294e+00,1496295
7.311984944051069e+03,7.310972380602766e+03,5.882352941176471e-01,1496297
7.312573179345186e+03,7.311940580332788e+03,5.882352941176471e-01,1496298
7.313749649933422e+03,7.310808473462833e+03,1.764705882352941e+00,1496296
7.317212992752447e+03,7.316624757458329e+03,5.882352941176471e-01,1496300
7.317951766780950e+03,7.315598825604479e+03,1.764705882352941e+00,1496299
7.318603712148151e+03,7.318015476854033e+03,5.882352941176471e-01,1496301
7.321681361119369e+03,7.319528990406441e+03,1.176470588235294e+00,1496303
7.321681361119369e+03,7.319328419942899e+03,1.176470588235294e+00,1496302
7.322286150569106e+03,7.321697915274988e+03,5.882352941176471e-01,1496304
7.323655197630780e+03,7.322671303515983e+03,5.882352941176471e-01,1496307
7.324831668219015e+03,7.323123060027455e+03,5.882352941176471e-01,1496308
7.326032581164332e+03,7.325444345870214e+03,5.882352941176471e-01,1496310
7.327122406886650e+03,7.326471969083697e+03,5.882352941176471e-01,1496311
7.327710642180768e+03,7.321904715012964e+03,1.764705882352941e+00,1496305
7.329122441909280e+03,7.328534206615162e+03,5.882352941176471e-01,1496312
7.330887147791633e+03,7.329054477164875e+03,1.176470588235294e+00,1496313
7.331772323489541e+03,7.330782296079108e+03,5.882352941176471e-01,1496315
7.332948794077776e+03,7.331915496256221e+03,5.882352941176471e-01,1496318
7.333537029371894e+03,7.332914275593074e+03,5.882352941176471e-01,1496319
7.335837588408059e+03,7.330127923567301e+03,1.176470588235294e+00,1496314
7.336425823702176e+03,7.335785206267753e+03,5.882352941176471e-01,1496322
7.337650302764492e+03,7.337062067470374e+03,5.882352941176471e-01,1496323
7.338826773352727e+03,7.338093639055432e+03,5.882352941176471e-01,1496325
7.339367000172764e+03,7.334370147800972e+03,1.176470588235294e+00,1496321
7.339367000172764e+03,7.334350737103555e+03,1.176470588235294e+00,1496320
7.340666979107614e+03,7.340078743813497e+03,5.882352941176471e-01,1496326
7.341255214401732e+03,7.340306590608399e+03,5.882352941176471e-01,1496327
7.341719941349235e+03,7.337577952869348e+03,1.764705882352941e+00,1496324
7.344264904936173e+03,7.343144439349661e+03,5.882352941176471e-01,1496331
7.345249353113941e+03,7.341838688659291e+03,1.176470588235294e+00,1496329
7.346504855433567e+03,7.345762642217605e+03,5.882352941176471e-01,1496333
7.347093090727685e+03,7.346310752610253e+03,5.882352941176471e-01,1496334
7.347856369962888e+03,7.346544946406856e+03,5.882352941176471e-01,1496335
7.348444605257006e+03,7.347443178609856e+03,5.882352941176471e-01,1496337
7.348953808819732e+03,7.341671071711183e+03,1.764705882352941e+00,1496328
7.350100442494281e+03,7.349512207200164e+03,5.882352941176471e-01,1496338
7.350688677788399e+03,7.349979200800208e+03,5.882352941176471e-01,1496339
7.351306749996203e+03,7.343088434347938e+03,1.176470588235294e+00,1496330
7.351894985290321e+03,7.345328384845332e+03,1.764705882352941e+00,1496332
7.352730527566221e+03,7.352142292272104e+03,5.882352941176471e-01,1496340
7.353720193441385e+03,7.353131958147267e+03,5.882352941176471e-01,1496341
7.354426343399824e+03,7.353838108105706e+03,5.882352941176471e-01,1496342
7.357118420767906e+03,7.356530185473789e+03,5.882352941176471e-01,1496346
7.357414405594074e+03,7.354184321443817e+03,1.176470588235294e+00,1496343
7.358002640888191e+03,7.354520114847147e+03,1.764705882352941e+00,1496345
7.358892234360644e+03,7.358303999066526e+03,5.882352941176471e-01,1496347
7.360656940242997e+03,7.358442584695600e+03,1.764705882352941e+00,1496348
7.361245175537114e+03,7.360491928408988e+03,5.882352941176471e-01,1496349
7.361833410831232e+03,7.360799083897842e+03,5.882352941176471e-01,1496350
7.362756218260143e+03,7.362167982966026e+03,5.882352941176471e-01,1496351
7.364441485899942e+03,7.363265015311707e+03,1.176470588235294e+00,1496352
7.366977262838746e+03,7.366389027544628e+03,5.882352941176471e-01,1496353
7.370121820176928e+03,7.369533584882810e+03,5.882352941176471e-01,1496355
7.371298290765163e+03,7.370300589376149e+03,5.882352941176471e-01,1496357
7.372385873465386e+03,7.368856461700680e+03,1.764705882352941e+00,1496354
7.373941266453105e+03,7.373079326643146e+03,5.882352941176471e-01,1496359
7.376294207629575e+03,7.374908746972347e+03,5.882352941176471e-01,1496363
7.376503520524209e+03,7.369699283972573e+03,1.176470588235294e+00,1496356
7.378856461700680e+03,7.372764795864869e+03,1.176470588235294e+00,1496358
7.379444696994797e+03,7.373519998491962e+03,1.764705882352941e+00,1496360
7.381573531670462e+03,7.380437452723813e+03,5.882352941176471e-01,1496365
7.382161766964580e+03,7.381292222055150e+03,5.882352941176471e-01,1496366
7.382750002258697e+03,7.380397061082227e+03,1.176470588235294e+00,1496364
7.383524147648226e+03,7.382935912354109e+03,5.882352941176471e-01,1496367
7.384112382942344e+03,7.383193979337030e+03,5.882352941176471e-01,1496368
7.384700618236462e+03,7.383921685697751e+03,5.882352941176471e-01,1496369
7.385900762085613e+03,7.385312526791495e+03,5.882352941176471e-01,1496371
7.387053559412932e+03,7.384271314410174e+03,1.764705882352941e+00,1496370
7.389755974751745e+03,7.389167739457627e+03,5.882352941176471e-01,1496372
7.390699726125909e+03,7.389580262774733e+03,5.882352941176471e-01,1496373
7.391287961420026e+03,7.390467006911838e+03,5.882352941176471e-01,1496375
7.394514440722223e+03,7.393926205428106e+03,5.882352941176471e-01,1496376
7.397804567681171e+03,7.394863391210583e+03,1.764705882352941e+00,1496377
7.400947800188090e+03,7.400359564893972e+03,5.882352941176471e-01,1496379
7.402498998425068e+03,7.401910763130950e+03,5.882352941176471e-01,1496380
7.404113291638531e+03,7.403525056344413e+03,5.882352941176471e-01,1496381
7.404701526932648e+03,7.403733688505242e+03,5.882352941176471e-01,1496382
7.406466232815001e+03,7.405824824254282e+03,5.882352941176471e-01,1496384
7.408631648188517e+03,7.408043412894399e+03,5.882352941176471e-01,1496389
7.412312832202014e+03,7.410724300392504e+03,5.882352941176471e-01,1496395
7.413429726820041e+03,7.412093897952106e+03,5.882352941176471e-01,1496398
7.414606197408276e+03,7.413982882985192e+03,5.882352941176471e-01,1496401
7.414961096751078e+03,7.404505835285137e+03,1.764705882352941e+00,1496383
7.417201459039903e+03,7.416613223745785e+03,5.882352941176471e-01,1496402
7.417789694334021e+03,7.416654114524643e+03,5.882352941176471e-01,1496403
7.418573606572750e+03,7.417219917843469e+03,5.882352941176471e-01,1496404
7.419750077160985e+03,7.418957579287367e+03,5.882352941176471e-01,1496407
7.421627361930983e+03,7.407014673286713e+03,1.176470588235294e+00,1496388
7.422215597225101e+03,7.406066615360938e+03,1.764705882352941e+00,1496385
7.424769551519311e+03,7.423751332043327e+03,5.882352941176471e-01,1496413
7.425666953007009e+03,7.425078717712892e+03,5.882352941176471e-01,1496414
7.426061511214310e+03,7.418181048223243e+03,1.176470588235294e+00,1496406
7.426649746508427e+03,7.420050758511312e+03,1.764705882352941e+00,1496408
7.427641376025478e+03,7.427053140731360e+03,5.882352941176471e-01,1496415
7.428284598609996e+03,7.427696363315878e+03,5.882352941176471e-01,1496416
7.429002687684898e+03,7.422885922091651e+03,1.176470588235294e+00,1496410
7.429002687684898e+03,7.422688343412455e+03,1.176470588235294e+00,1496409
7.429921423231577e+03,7.429333187937459e+03,5.882352941176471e-01,1496417
7.431097893819812e+03,7.430406401005543e+03,5.882352941176471e-01,1496419
7.431686129113930e+03,7.430904175615479e+03,5.882352941176471e-01,1496420
7.432389445625409e+03,7.431271769383098e+03,5.882352941176471e-01,1496421
7.432977680919526e+03,7.431839570737078e+03,5.882352941176471e-01,1496425
7.434899711738194e+03,7.434311476444076e+03,5.882352941176471e-01,1496427
7.435487947032311e+03,7.434668188393839e+03,5.882352941176471e-01,1496428
7.435918857390115e+03,7.429580423570561e+03,1.764705882352941e+00,1496418
7.436507092684232e+03,7.435772443823291e+03,5.882352941176471e-01,1496429
7.437095327978350e+03,7.436301599591969e+03,5.882352941176471e-01,1496430
7.438860033860703e+03,7.437900992750881e+03,5.882352941176471e-01,1496433
7.439448269154820e+03,7.438347495733823e+03,5.882352941176471e-01,1496434
7.440915273973809e+03,7.440327038679691e+03,5.882352941176471e-01,1496435
7.441801210331291e+03,7.433501847715255e+03,1.176470588235294e+00,1496426
7.442389445625409e+03,7.436707815069947e+03,1.764705882352941e+00,1496431
7.444742386801879e+03,7.442077484258624e+03,1.764705882352941e+00,1496436
7.445330622095997e+03,7.443757070434173e+03,1.176470588235294e+00,1496437
7.446818104718058e+03,7.446229869423941e+03,5.882352941176471e-01,1496438
7.447994575306294e+03,7.446800914038541e+03,1.176470588235294e+00,1496439
7.449161095780804e+03,7.448572860486687e+03,5.882352941176471e-01,1496440
7.450416533730947e+03,7.449828298436830e+03,5.882352941176471e-01,1496442
7.451061153035401e+03,7.450472917741284e+03,5.882352941176471e-01,1496443
7.451649388329519e+03,7.450890839366497e+03,5.882352941176471e-01,1496444
7.453414094211872e+03,7.452682954050911e+03,5.882352941176471e-01,1496447
7.454455213427863e+03,7.448588090520338e+03,1.764705882352941e+00,1496441
7.456164460935132e+03,7.451383006057934e+03,1.176470588235294e+00,1496445
7.459825515591167e+03,7.459237280297049e+03,5.882352941176471e-01,1496452
7.460282107993955e+03,7.456109002560047e+03,1.176470588235294e+00,1496449
7.460282107993955e+03,7.455170940242104e+03,1.176470588235294e+00,1496448
7.460891998008628e+03,7.460303762714511e+03,5.882352941176471e-01,1496453
7.461480233302746e+03,7.460642477950908e+03,5.882352941176471e-01,1496454
7.462046813876308e+03,7.456207161281323e+03,1.764705882352941e+00,1496450
7.462635049170426e+03,7.458580132982595e+03,1.176470588235294e+00,1496451
7.463223284464544e+03,7.462530864275135e+03,5.882352941176471e-01,1496455
7.464399755052779e+03,7.463737396797164e+03,5.882352941176471e-01,1496457
7.464987990346896e+03,7.463130691925840e+03,1.176470588235294e+00,1496456
7.465619639846611e+03,7.465031404552494e+03,5.882352941176471e-01,1496458
7.468088616567953e+03,7.467362587887675e+03,5.882352941176471e-01,1496460
7.468748827111124e+03,7.467523287905668e+03,5.882352941176471e-01,1496462
7.469337062405241e+03,7.468232567066060e+03,5.882352941176471e-01,1496464
7.470167548889257e+03,7.469579313595139e+03,5.882352941176471e-01,1496465
7.470513532993477e+03,7.466301004053767e+03,1.764705882352941e+00,1496459
7.471101768287594e+03,7.470459295176736e+03,5.882352941176471e-01,1496466
7.472572248039431e+03,7.471984012745313e+03,5.882352941176471e-01,1496467
7.473603779325849e+03,7.473015544031731e+03,5.882352941176471e-01,1496468
7.474780249914084e+03,7.473168219512053e+03,5.882352941176471e-01,1496469
7.475368485208202e+03,7.473528938978803e+03,1.176470588235294e+00,1496470
7.476259864030777e+03,7.475671628736659e+03,5.882352941176471e-01,1496471
7.478633634735188e+03,7.478045399441070e+03,5.882352941176471e-01,1496473
7.480356575274304e+03,7.479453339661509e+03,5.882352941176471e-01,1496477
7.480689643855496e+03,7.476613762139909e+03,1.764705882352941e+00,1496472
7.481277879149614e+03,7.480607050122226e+03,5.882352941176471e-01,1496478
7.482454349737849e+03,7.478189978727731e+03,1.764705882352941e+00,1496474
7.483113864527796e+03,7.482525629233678e+03,5.882352941176471e-01,1496479
7.489400609476162e+03,7.488317227739130e+03,5.882352941176471e-01,1496486
7.495871197711456e+03,7.489047874281706e+03,1.176470588235294e+00,1496487
7.495871197711456e+03,7.487799547324202e+03,1.176470588235294e+00,1496484
7.496459433005574e+03,7.485778108860253e+03,1.764705882352941e+00,1496480
7.498635089309193e+03,7.491786792975326e+03,1.176470588235294e+00,1496489
7.499223324603311e+03,7.498546446872767e+03,5.882352941176471e-01,1496492
7.500892849437276e+03,7.500209433094770e+03,5.882352941176471e-01,1496495
7.501497690349168e+03,7.500909455055051e+03,5.882352941176471e-01,1496496
7.502657555319629e+03,7.499072132977455e+03,1.764705882352941e+00,1496493
7.507022408278896e+03,7.506176610330995e+03,5.882352941176471e-01,1496500
7.507610643573013e+03,7.506434430898675e+03,5.882352941176471e-01,1496502
7.508357258821097e+03,7.507769023526979e+03,5.882352941176471e-01,1496503
7.510947341154129e+03,7.509409929701474e+03,5.882352941176471e-01,1496508
7.512277919894763e+03,7.511178503382727e+03,5.882352941176471e-01,1496513
7.513131848032956e+03,7.512543612738838e+03,5.882352941176471e-01,1496514
7.514472481117268e+03,7.504926513928414e+03,1.764705882352941e+00,1496497
7.515780362691998e+03,7.515192127397881e+03,5.882352941176471e-01,1496515
7.516368597986116e+03,7.515367337982663e+03,5.882352941176471e-01,1496516
7.516956833280234e+03,7.516268440377340e+03,5.882352941176471e-01,1496517
7.518001892881974e+03,7.510874858586518e+03,1.176470588235294e+00,1496510
7.518001892881974e+03,7.508390251806383e+03,1.176470588235294e+00,1496505
7.518632268872553e+03,7.518044033578435e+03,5.882352941176471e-01,1496518
7.519178363470209e+03,7.508332253146579e+03,1.764705882352941e+00,1496504
7.519766598764327e+03,7.518986211438502e+03,5.882352941176471e-01,1496519
7.521170477708982e+03,7.520582242414865e+03,5.882352941176471e-01,1496520
7.525356699096183e+03,7.524367311000093e+03,5.882352941176471e-01,1496522
7.526533169684418e+03,7.524180228507947e+03,1.764705882352941e+00,1496521
7.529234727490742e+03,7.528378129739701e+03,5.882352941176471e-01,1496524
7.531008177028282e+03,7.530419941734164e+03,5.882352941176471e-01,1496526
7.531587668667212e+03,7.528058256902506e+03,1.764705882352941e+00,1496523
7.533543797545102e+03,7.532955562250984e+03,5.882352941176471e-01,1496528
7.534132032839219e+03,7.533399228585150e+03,5.882352941176471e-01,1496529
7.535705315726036e+03,7.529325292595914e+03,1.764705882352941e+00,1496525
7.538646492196624e+03,7.531634973048164e+03,1.764705882352941e+00,1496527
7.539822962784859e+03,7.539195716004938e+03,5.882352941176471e-01,1496533
7.540411198078977e+03,7.536371724507350e+03,1.764705882352941e+00,1496532
7.543174453795472e+03,7.542148861449096e+03,5.882352941176471e-01,1496536
7.544181329108588e+03,7.542604671810260e+03,5.882352941176471e-01,1496539
7.544769564402705e+03,7.544011733833468e+03,5.882352941176471e-01,1496541
7.545357799696823e+03,7.544684481099774e+03,5.882352941176471e-01,1496542
7.547122505579176e+03,7.541372841295308e+03,1.764705882352941e+00,1496534
7.548042954619722e+03,7.547454719325605e+03,5.882352941176471e-01,1496543
7.549914113906488e+03,7.549325878612370e+03,5.882352941176471e-01,1496544
7.552411839298578e+03,7.551062778162161e+03,5.882352941176471e-01,1496547
7.552411839298578e+03,7.551009417637321e+03,5.882352941176471e-01,1496546
7.553001808707681e+03,7.552413573413563e+03,5.882352941176471e-01,1496548
7.554178279295916e+03,7.552567193587497e+03,5.882352941176471e-01,1496550
7.554178279295916e+03,7.552536168293189e+03,5.882352941176471e-01,1496549
7.555353015769166e+03,7.550647133416225e+03,1.764705882352941e+00,1496545
7.556465947251159e+03,7.555877711957042e+03,5.882352941176471e-01,1496551
7.558147071936456e+03,7.557558836642339e+03,5.882352941176471e-01,1496552
7.560750958890674e+03,7.560162723596556e+03,5.882352941176471e-01,1496557
7.562910819785013e+03,7.562250084524275e+03,5.882352941176471e-01,1496558
7.563499055079131e+03,7.557639486812016e+03,1.764705882352941e+00,1496553
7.566633643087520e+03,7.566045407793402e+03,5.882352941176471e-01,1496560
7.567455838592486e+03,7.565102897416016e+03,1.764705882352941e+00,1496559
7.570559346823176e+03,7.568206405646705e+03,1.764705882352941e+00,1496561
7.571147582117294e+03,7.570394849644032e+03,5.882352941176471e-01,1496563
7.571735817411411e+03,7.568795223200423e+03,1.176470588235294e+00,1496562
7.572523855279156e+03,7.571935619985039e+03,5.882352941176471e-01,1496564
7.573266097897837e+03,7.572194331821876e+03,5.882352941176471e-01,1496565
7.574647420879551e+03,7.574059185585433e+03,5.882352941176471e-01,1496568
7.575030803780190e+03,7.572831869928282e+03,1.176470588235294e+00,1496567
7.575991643140499e+03,7.575403407846382e+03,5.882352941176471e-01,1496569
7.578159850323552e+03,7.577571615029434e+03,5.882352941176471e-01,1496570
7.580918898329677e+03,7.580330663035560e+03,5.882352941176471e-01,1496572
7.581885307660688e+03,7.581180912008667e+03,5.882352941176471e-01,1496573
7.582473542954806e+03,7.581542195140591e+03,5.882352941176471e-01,1496574
7.583185581280439e+03,7.582597345986322e+03,5.882352941176471e-01,1496575
7.583650013543041e+03,7.579532366484217e+03,1.764705882352941e+00,1496571
7.585414719425394e+03,7.583412647071231e+03,1.764705882352941e+00,1496576
7.587179425307747e+03,7.585361217615112e+03,1.176470588235294e+00,1496577
7.587767660601864e+03,7.587173576761155e+03,5.882352941176471e-01,1496579
7.588355895895982e+03,7.587426177550720e+03,5.882352941176471e-01,1496580
7.588944131190100e+03,7.588353026587554e+03,5.882352941176471e-01,1496581
7.589532366484217e+03,7.588395264496515e+03,5.882352941176471e-01,1496582
7.590708837072453e+03,7.586071768689737e+03,1.764705882352941e+00,1496578
7.591297072366570e+03,7.590501370839496e+03,5.882352941176471e-01,1496583
7.593498375829861e+03,7.592112870215904e+03,5.882352941176471e-01,1496585
7.596624217133164e+03,7.596035981839046e+03,5.882352941176471e-01,1496589
7.597212452427282e+03,7.596233525907711e+03,5.882352941176471e-01,1496590
7.598790673036655e+03,7.592010976616323e+03,1.764705882352941e+00,1496584
7.599378908330773e+03,7.598788852596390e+03,5.882352941176471e-01,1496591
7.602294750929231e+03,7.601600796707265e+03,5.882352941176471e-01,1496594
7.602882986223348e+03,7.599459293386491e+03,1.764705882352941e+00,1496592
7.607588868576290e+03,7.602681964759098e+03,1.764705882352941e+00,1496595
7.608765339164525e+03,7.604878575576795e+03,1.764705882352941e+00,1496598
7.610701250000070e+03,7.610113014705953e+03,5.882352941176471e-01,1496599
7.611824749128954e+03,7.610244122224415e+03,5.882352941176471e-01,1496600
7.613023359021918e+03,7.612435123727801e+03,5.882352941176471e-01,1496603
7.614426833141987e+03,7.613477366085586e+03,5.882352941176471e-01,1496606
7.615581164425494e+03,7.611771777669602e+03,1.764705882352941e+00,1496602
7.618018473260708e+03,7.617430237966590e+03,5.882352941176471e-01,1496608
7.618522340896082e+03,7.612438918122845e+03,1.764705882352941e+00,1496604
7.621492762141297e+03,7.620316291553062e+03,1.176470588235294e+00,1496609
7.625066524094287e+03,7.624001804483274e+03,5.882352941176471e-01,1496611
7.628582422900160e+03,7.627987431126626e+03,5.882352941176471e-01,1496614
7.629170658194277e+03,7.623890053506052e+03,1.764705882352941e+00,1496610
7.631781685190821e+03,7.631193449896704e+03,5.882352941176471e-01,1496615
7.632369920484939e+03,7.631744691243871e+03,5.882352941176471e-01,1496616
7.635122727488222e+03,7.633358021605869e+03,1.764705882352941e+00,1496617
7.636768573864288e+03,7.635457831111827e+03,5.882352941176471e-01,1496619
7.637945044452523e+03,7.636937348711042e+03,5.882352941176471e-01,1496622
7.639877577158504e+03,7.639289341864386e+03,5.882352941176471e-01,1496623
7.641642283040857e+03,7.639731232225725e+03,5.882352941176471e-01,1496626
7.641642283040857e+03,7.639729674347404e+03,5.882352941176471e-01,1496625
7.642062691511346e+03,7.635181742366190e+03,1.764705882352941e+00,1496618
7.643239162099582e+03,7.639596752571399e+03,1.764705882352941e+00,1496624
7.644679257912150e+03,7.643683300814173e+03,5.882352941176471e-01,1496628
7.646026714568735e+03,7.645438479274617e+03,5.882352941176471e-01,1496631
7.646750704206101e+03,7.646162468911983e+03,5.882352941176471e-01,1496632
7.647670298052303e+03,7.647082062758185e+03,5.882352941176471e-01,1496633
7.648258533346421e+03,7.647583334319899e+03,5.882352941176471e-01,1496634
7.648796904970974e+03,7.644156263246583e+03,1.176470588235294e+00,1496630
7.648796904970974e+03,7.643437546695365e+03,1.176470588235294e+00,1496627
7.650280166949347e+03,7.649183273033131e+03,5.882352941176471e-01,1496636
7.651456637537582e+03,7.650456882160056e+03,5.882352941176471e-01,1496638
7.653593766291343e+03,7.653005530997225e+03,5.882352941176471e-01,1496643
7.654522483522839e+03,7.653934248228722e+03,5.882352941176471e-01,1496644
7.655948562339642e+03,7.655360327045524e+03,5.882352941176471e-01,1496645
7.656757029938012e+03,7.656168794643894e+03,5.882352941176471e-01,1496646
7.657456246870110e+03,7.651632522124609e+03,1.176470588235294e+00,1496642
7.658485205535935e+03,7.649103696361111e+03,1.764705882352941e+00,1496635
7.659073440830053e+03,7.658337693613525e+03,5.882352941176471e-01,1496647
7.659661676124171e+03,7.658953976458414e+03,5.882352941176471e-01,1496648
7.660838146712406e+03,7.660113267999743e+03,5.882352941176471e-01,1496650
7.661621142926907e+03,7.661032907632790e+03,5.882352941176471e-01,1496651
7.662602852594759e+03,7.659389539010717e+03,1.764705882352941e+00,1496649
7.669090574663285e+03,7.668502339369167e+03,5.882352941176471e-01,1496652
7.671766854344418e+03,7.671178619050300e+03,5.882352941176471e-01,1496653
7.672355089638535e+03,7.671245794011119e+03,5.882352941176471e-01,1496654
7.674119795520888e+03,7.672279422664074e+03,5.882352941176471e-01,1496657
7.674119795520888e+03,7.672065932604514e+03,5.882352941176471e-01,1496656
7.674119795520888e+03,7.671948708407922e+03,5.882352941176471e-01,1496655
7.674864373182039e+03,7.674276137887921e+03,5.882352941176471e-01,1496658
7.675452608476156e+03,7.674621434106123e+03,5.882352941176471e-01,1496659
7.677999130635935e+03,7.677410895341817e+03,5.882352941176471e-01,1496660
7.679543350161115e+03,7.678955114866997e+03,5.882352941176471e-01,1496661
7.681710819833520e+03,7.681122584539402e+03,5.882352941176471e-01,1496662
7.683691571843267e+03,7.683103336549149e+03,5.882352941176471e-01,1496666
7.684279807137384e+03,7.683406707786208e+03,5.882352941176471e-01,1496667
7.685338770135921e+03,7.681907896908911e+03,1.176470588235294e+00,1496665
7.685338770135921e+03,7.681396256576976e+03,1.176470588235294e+00,1496663
7.686871576711162e+03,7.686283341417044e+03,5.882352941176471e-01,1496669
7.687459812005279e+03,7.686668536132399e+03,5.882352941176471e-01,1496670
7.688048047299397e+03,7.687026104786189e+03,5.882352941176471e-01,1496671
7.688636282593515e+03,7.688028387396899e+03,5.882352941176471e-01,1496672
7.689622355878627e+03,7.685504708819803e+03,1.176470588235294e+00,1496668
7.690290370134603e+03,7.689702134840485e+03,5.882352941176471e-01,1496674
7.690798826466862e+03,7.688163777474519e+03,1.176470588235294e+00,1496673
7.692161287858567e+03,7.691356965445021e+03,5.882352941176471e-01,1496676
7.692749523152685e+03,7.690984817270332e+03,1.176470588235294e+00,1496675
7.694287122290207e+03,7.693698886996089e+03,5.882352941176471e-01,1496678
7.694875357584324e+03,7.694226441129669e+03,5.882352941176471e-01,1496679
7.696188884798558e+03,7.695142499327269e+03,5.882352941176471e-01,1496681
7.697591946169043e+03,7.692886063816102e+03,1.764705882352941e+00,1496677
7.699242976580468e+03,7.697377003958720e+03,5.882352941176471e-01,1496683
7.702249049251580e+03,7.701660813957462e+03,5.882352941176471e-01,1496688
7.703360623639291e+03,7.695012414210323e+03,1.764705882352941e+00,1496680
7.704841241903189e+03,7.703822659822274e+03,5.882352941176471e-01,1496690
7.705713564815762e+03,7.705060050902660e+03,5.882352941176471e-01,1496691
7.706301800109879e+03,7.700485838266463e+03,1.764705882352941e+00,1496687
7.707478270698115e+03,7.703664771314954e+03,1.764705882352941e+00,1496689
7.710596681810704e+03,7.710008446516586e+03,5.882352941176471e-01,1496692
7.712162340806187e+03,7.711574105512069e+03,5.882352941176471e-01,1496693
7.713674082353906e+03,7.713085847059789e+03,5.882352941176471e-01,1496694
7.716243802666424e+03,7.715464427094121e+03,5.882352941176471e-01,1496696
7.717043425009543e+03,7.716455189715426e+03,5.882352941176471e-01,1496697
7.717420273254660e+03,7.715067332078189e+03,1.176470588235294e+00,1496695
7.718257308047870e+03,7.717669072753752e+03,5.882352941176471e-01,1496698
7.719240362031666e+03,7.718652126737548e+03,5.882352941176471e-01,1496699
7.719828597325784e+03,7.718852188959708e+03,5.882352941176471e-01,1496700
7.721954997197554e+03,7.720190291315201e+03,1.764705882352941e+00,1496701
7.723527370958302e+03,7.722939135664185e+03,5.882352941176471e-01,1496702
7.724115606252420e+03,7.723060051698125e+03,5.882352941176471e-01,1496703
7.725222630596242e+03,7.724634395302124e+03,5.882352941176471e-01,1496704
7.731031176912321e+03,7.730442941618204e+03,5.882352941176471e-01,1496706
7.731619412206439e+03,7.730710420500224e+03,5.882352941176471e-01,1496707
7.732207647500557e+03,7.731360133903751e+03,5.882352941176471e-01,1496708
7.733682954578121e+03,7.729565307519298e+03,1.764705882352941e+00,1496705
7.734859425166357e+03,7.731939466460372e+03,1.764705882352941e+00,1496709
7.735475026026922e+03,7.734886790732804e+03,5.882352941176471e-01,1496710
7.737036104991825e+03,7.736447869697707e+03,5.882352941176471e-01,1496711
7.738019793099695e+03,7.736455434538725e+03,5.882352941176471e-01,1496712
7.739196263687931e+03,7.738213999949070e+03,5.882352941176471e-01,1496715
7.740668703029345e+03,7.740074235487646e+03,5.882352941176471e-01,1496717
7.741285290700175e+03,7.740697055406058e+03,5.882352941176471e-01,1496718
7.742137440158519e+03,7.737827010619331e+03,1.764705882352941e+00,1496714
7.743902146040872e+03,7.739492232441109e+03,1.764705882352941e+00,1496716
7.744490381334989e+03,7.742704039336015e+03,1.176470588235294e+00,1496719
7.745687042911087e+03,7.745098807616970e+03,5.882352941176471e-01,1496720
7.748992334538404e+03,7.746051158067816e+03,1.764705882352941e+00,1496721
7.750757040420757e+03,7.746655844500219e+03,1.764705882352941e+00,1496722
7.753690274194868e+03,7.753102038900751e+03,5.882352941176471e-01,1496724
7.755148427349881e+03,7.753971956761646e+03,1.176470588235294e+00,1496725
7.757252527358835e+03,7.756664292064717e+03,5.882352941176471e-01,1496726
7.759136431305477e+03,7.757959960717242e+03,1.176470588235294e+00,1496727
7.760455966527177e+03,7.759279495938942e+03,1.176470588235294e+00,1496728
7.762538185543406e+03,7.761949950249288e+03,5.882352941176471e-01,1496730
7.763568695180211e+03,7.761215754003741e+03,1.764705882352941e+00,1496729
7.766310873626732e+03,7.764056878395196e+03,1.176470588235294e+00,1496732
7.766899108920849e+03,7.763957932450261e+03,1.764705882352941e+00,1496731
7.767642181142773e+03,7.767053945848655e+03,5.882352941176471e-01,1496733
7.769035522397953e+03,7.768173610577350e+03,5.882352941176471e-01,1496735
7.770800228280306e+03,7.767859051809717e+03,1.764705882352941e+00,1496734
7.771976698868541e+03,7.769489241913179e+03,1.764705882352941e+00,1496736
7.774037236411410e+03,7.773449001117293e+03,5.882352941176471e-01,1496737
7.775842611875488e+03,7.775254376581370e+03,5.882352941176471e-01,1496738
7.777233396515888e+03,7.776645161221771e+03,5.882352941176471e-01,1496739
7.778067025128776e+03,7.777478789834659e+03,5.882352941176471e-01,1496740
7.781108593794297e+03,7.779343887911944e+03,1.764705882352941e+00,1496741
7.782101005814160e+03,7.781512770520043e+03,5.882352941176471e-01,1496742
7.784164142904895e+03,7.783575907610777e+03,5.882352941176471e-01,1496743
7.784998874309518e+03,7.784410639015400e+03,5.882352941176471e-01,1496744
7.787351815485988e+03,7.784413875186914e+03,1.176470588235294e+00,1496745
7.787940050780106e+03,7.784856277223533e+03,1.764705882352941e+00,1496746
7.788750671192666e+03,7.788162435898548e+03,5.882352941176471e-01,1496747
7.790515377075019e+03,7.788694751886990e+03,1.764705882352941e+00,1496748
7.791103612369136e+03,7.790194102399186e+03,5.882352941176471e-01,1496749
7.791698047550421e+03,7.790600324262494e+03,5.882352941176471e-01,1496750
7.793161337695551e+03,7.792573102401433e+03,5.882352941176471e-01,1496754
7.794134446504490e+03,7.792949177554620e+03,5.882352941176471e-01,1496755
7.794722681798607e+03,7.793931084725193e+03,5.882352941176471e-01,1496757
7.795024097535830e+03,7.791112912199887e+03,1.176470588235294e+00,1496753
7.797552460990448e+03,7.796964225696330e+03,5.882352941176471e-01,1496758
7.799569281677849e+03,7.798981046383732e+03,5.882352941176471e-01,1496760
7.799958894575897e+03,7.797605953399427e+03,1.764705882352941e+00,1496759
7.802733112756473e+03,7.802144877462355e+03,5.882352941176471e-01,1496761
7.805409254234974e+03,7.803644548352621e+03,1.764705882352941e+00,1496762
7.805997489529092e+03,7.805311367341527e+03,5.882352941176471e-01,1496763
7.807212895349321e+03,7.805651199661902e+03,5.882352941176471e-01,1496764
7.809274986625740e+03,7.808292833405042e+03,5.882352941176471e-01,1496770
7.809863221919857e+03,7.808955316920934e+03,5.882352941176471e-01,1496771
7.810555928676208e+03,7.809279071129766e+03,5.882352941176471e-01,1496772
7.811144163970325e+03,7.810072164844323e+03,5.882352941176471e-01,1496774
7.811732399264443e+03,7.811036985742856e+03,5.882352941176471e-01,1496775
7.814450975465250e+03,7.806938245318259e+03,1.176470588235294e+00,1496767
7.815039210759368e+03,7.814339675330360e+03,5.882352941176471e-01,1496778
7.815627446053486e+03,7.814488731675732e+03,5.882352941176471e-01,1496779
7.818097300052228e+03,7.817509064758110e+03,5.882352941176471e-01,1496782
7.819390317756765e+03,7.818231608385371e+03,5.882352941176471e-01,1496784
7.819745093112309e+03,7.813684867334501e+03,1.764705882352941e+00,1496777
7.820333328406427e+03,7.819706180804432e+03,5.882352941176471e-01,1496785
7.823274504877015e+03,7.815705695510692e+03,1.764705882352941e+00,1496780
7.823956198409402e+03,7.823367963115284e+03,5.882352941176471e-01,1496787
7.826215681347603e+03,7.821560853271133e+03,1.764705882352941e+00,1496786
7.827102640621563e+03,7.826514405327445e+03,5.882352941176471e-01,1496790
7.828321080026165e+03,7.827732844732047e+03,5.882352941176471e-01,1496791
7.828491010511081e+03,7.823897655018519e+03,1.176470588235294e+00,1496788
7.829377998180844e+03,7.828413398498088e+03,5.882352941176471e-01,1496792
7.830283723844756e+03,7.829088515262372e+03,5.882352941176471e-01,1496794
7.832446963186841e+03,7.831858727892723e+03,5.882352941176471e-01,1496798
7.833339099109576e+03,7.832750863815458e+03,5.882352941176471e-01,1496799
7.834401370903579e+03,7.830082763855027e+03,1.176470588235294e+00,1496797
7.834989606197697e+03,7.830012978920432e+03,1.764705882352941e+00,1496796
7.835577841491815e+03,7.834964594800424e+03,5.882352941176471e-01,1496801
7.838061390473043e+03,7.837473155178925e+03,5.882352941176471e-01,1496803
7.838519017962403e+03,7.833011972564161e+03,1.764705882352941e+00,1496800
7.843571538685298e+03,7.841806832802945e+03,1.764705882352941e+00,1496804
7.844159773979416e+03,7.843294251774539e+03,5.882352941176471e-01,1496805
7.845882726274019e+03,7.845294490979902e+03,5.882352941176471e-01,1496806
7.848235667450490e+03,7.845350135324180e+03,1.764705882352941e+00,1496807
7.849003126803529e+03,7.848414891509411e+03,5.882352941176471e-01,1496809
7.849591362097646e+03,7.848455722788600e+03,5.882352941176471e-01,1496810
7.850000373332843e+03,7.846631379945203e+03,1.176470588235294e+00,1496808
7.851930489908953e+03,7.851342254614835e+03,5.882352941176471e-01,1496811
7.853694730040920e+03,7.853106494746803e+03,5.882352941176471e-01,1496812
7.854282965335038e+03,7.853255142914919e+03,5.882352941176471e-01,1496813
7.857490148987139e+03,7.856838358727483e+03,5.882352941176471e-01,1496815
7.858078384281257e+03,7.855725443104786e+03,1.764705882352941e+00,1496814
7.859175143077605e+03,7.858586907783488e+03,5.882352941176471e-01,1496816
7.862423414305983e+03,7.859789332593184e+03,1.176470588235294e+00,1496819
7.863026889918296e+03,7.862438654624179e+03,5.882352941176471e-01,1496821
7.864776355482453e+03,7.858743940825120e+03,1.764705882352941e+00,1496817
7.865364590776571e+03,7.864475322010371e+03,5.882352941176471e-01,1496824
7.868222464200757e+03,7.867592577383439e+03,5.882352941176471e-01,1496826
7.868810699494875e+03,7.861495995920661e+03,1.764705882352941e+00,1496820
7.869987170083110e+03,7.865627540977040e+03,1.764705882352941e+00,1496825
7.872982577454764e+03,7.871217871572411e+03,1.764705882352941e+00,1496827
7.873570812748882e+03,7.872716228441402e+03,5.882352941176471e-01,1496828
7.876330525328359e+03,7.875742290034242e+03,5.882352941176471e-01,1496832
7.877615678264379e+03,7.873271766136719e+03,1.764705882352941e+00,1496829
7.879180265202658e+03,7.878592029908540e+03,5.882352941176471e-01,1496833
7.882376253054238e+03,7.880611547171885e+03,1.764705882352941e+00,1496834
7.887498925893187e+03,7.886910690599069e+03,5.882352941176471e-01,1496835
7.889709262544747e+03,7.888714992515072e+03,5.882352941176471e-01,1496839
7.890885733132982e+03,7.888390187431601e+03,1.176470588235294e+00,1496838
7.892062203721218e+03,7.887068999772741e+03,1.764705882352941e+00,1496836
7.894415144897688e+03,7.893336665648714e+03,5.882352941176471e-01,1496843
7.895003380191806e+03,7.891085979322245e+03,1.764705882352941e+00,1496840
7.895591615485924e+03,7.894744799383752e+03,5.882352941176471e-01,1496844
7.897566053744825e+03,7.896977818450708e+03,5.882352941176471e-01,1496846
7.897944556662394e+03,7.892068636657662e+03,1.176470588235294e+00,1496841
7.898753296532065e+03,7.898165061237947e+03,5.882352941176471e-01,1496847
7.899121027250629e+03,7.893214632942176e+03,1.764705882352941e+00,1496842
7.900297497838865e+03,7.895906803535390e+03,1.764705882352941e+00,1496845
7.901473968427100e+03,7.900820458954073e+03,5.882352941176471e-01,1496849
7.902062203721218e+03,7.900958728820449e+03,5.882352941176471e-01,1496850
7.902959107665723e+03,7.902370872371605e+03,5.882352941176471e-01,1496851
7.903826909603571e+03,7.900193405415789e+03,1.764705882352941e+00,1496848
7.906485160910573e+03,7.905896925616456e+03,5.882352941176471e-01,1496852
7.907800781202932e+03,7.907212545908814e+03,5.882352941176471e-01,1496853
7.911243079666473e+03,7.909478373784120e+03,1.764705882352941e+00,1496854
7.911831314960591e+03,7.910921072675637e+03,5.882352941176471e-01,1496855
7.913733715049989e+03,7.913145479755871e+03,5.882352941176471e-01,1496856
7.915790302712933e+03,7.914025596830580e+03,1.764705882352941e+00,1496857
7.919826692682071e+03,7.917473751505600e+03,1.764705882352941e+00,1496858
7.921147959273601e+03,7.920116284688662e+03,5.882352941176471e-01,1496862
7.923216838552357e+03,7.922628603258240e+03,5.882352941176471e-01,1496864
7.923821448456253e+03,7.922632076274290e+03,5.882352941176471e-01,1496865
7.924409683750371e+03,7.923241400467025e+03,5.882352941176471e-01,1496868
7.925587662018378e+03,7.924444446979344e+03,5.882352941176471e-01,1496870
7.927024460027325e+03,7.925765062075318e+03,5.882352941176471e-01,1496873
7.928200930615561e+03,7.926696552153920e+03,5.882352941176471e-01,1496875
7.929291511956859e+03,7.928703276662741e+03,5.882352941176471e-01,1496877
7.931490969876968e+03,7.930684736264750e+03,5.882352941176471e-01,1496881
7.932667440465203e+03,7.931096596749537e+03,5.882352941176471e-01,1496884
7.932667440465203e+03,7.930933008542705e+03,5.882352941176471e-01,1496883
7.933033424467828e+03,7.918748840397904e+03,1.764705882352941e+00,1496859
7.934209895056063e+03,7.933004688637416e+03,5.882352941176471e-01,1496886
7.936358344550345e+03,7.934877682095970e+03,5.882352941176471e-01,1496889
7.936358344550345e+03,7.934785500488649e+03,5.882352941176471e-01,1496888
7.937465677698582e+03,7.936877442404464e+03,5.882352941176471e-01,1496890
7.938801015020034e+03,7.938212779725916e+03,5.882352941176471e-01,1496891
7.939389250314152e+03,7.938608608602715e+03,5.882352941176471e-01,1496892
7.939977485608269e+03,7.939264488857821e+03,5.882352941176471e-01,1496893
7.940855885893569e+03,7.940267650599451e+03,5.882352941176471e-01,1496894
7.941760919933172e+03,7.941172684639055e+03,5.882352941176471e-01,1496895
7.942349155227290e+03,7.941339153616301e+03,5.882352941176471e-01,1496896
7.945128167405072e+03,7.944496899071084e+03,5.882352941176471e-01,1496898
7.946304637993307e+03,7.945457812975802e+03,5.882352941176471e-01,1496900
7.947040302835888e+03,7.946452067541770e+03,5.882352941176471e-01,1496901
7.947628538130006e+03,7.946906956304332e+03,5.882352941176471e-01,1496902
7.948286024432159e+03,7.947326263576240e+03,5.882352941176471e-01,1496903
7.949462495020394e+03,7.948813963085101e+03,5.882352941176471e-01,1496906
7.949903300766048e+03,7.921754052891503e+03,1.764705882352941e+00,1496863
7.950491536060166e+03,7.949873940058698e+03,5.882352941176471e-01,1496907
7.951079771354284e+03,7.950440193064683e+03,5.882352941176471e-01,1496908
7.952532391100192e+03,7.951944155806074e+03,5.882352941176471e-01,1496910
7.954463650483243e+03,7.953045483112280e+03,5.882352941176471e-01,1496912
7.955051885777361e+03,7.954352892330078e+03,5.882352941176471e-01,1496914
7.957971916673117e+03,7.957383681378999e+03,5.882352941176471e-01,1496917
7.958616072024648e+03,7.947767040146076e+03,1.176470588235294e+00,1496905
7.959792542612884e+03,7.934593638667992e+03,1.764705882352941e+00,1496887
7.961213091875669e+03,7.960624856581551e+03,5.882352941176471e-01,1496919
7.963800292066408e+03,7.962947203772872e+03,5.882352941176471e-01,1496921
7.964498424965825e+03,7.956163590258533e+03,1.176470588235294e+00,1496916
7.964498424965825e+03,7.952809702754055e+03,1.176470588235294e+00,1496911
7.965086660259942e+03,7.951135516552897e+03,1.764705882352941e+00,1496909
7.966511818266729e+03,7.965923582972612e+03,5.882352941176471e-01,1496922
7.966851366142295e+03,7.962623821478173e+03,1.764705882352941e+00,1496920
7.967449532891232e+03,7.966861297597114e+03,5.882352941176471e-01,1496923
7.968517250388036e+03,7.967929015093918e+03,5.882352941176471e-01,1496924
7.970650328890323e+03,7.970062093596205e+03,5.882352941176471e-01,1496925
7.971263695330230e+03,7.970355632416458e+03,5.882352941176471e-01,1496926
7.972440165918465e+03,7.970782579948482e+03,5.882352941176471e-01,1496931
7.972440165918465e+03,7.970683837084709e+03,5.882352941176471e-01,1496930
7.974395593710657e+03,7.973802042543976e+03,5.882352941176471e-01,1496933
7.975572064298892e+03,7.974298481095262e+03,5.882352941176471e-01,1496935
7.976160299593010e+03,7.972630887828304e+03,1.764705882352941e+00,1496932
7.977336770181245e+03,7.974059742982888e+03,1.764705882352941e+00,1496934
7.979628231497341e+03,7.978383331787756e+03,5.882352941176471e-01,1496937
7.981981172673812e+03,7.979303288498244e+03,1.176470588235294e+00,1496939
7.981981172673812e+03,7.978188468614085e+03,1.176470588235294e+00,1496936
7.983157643262047e+03,7.980551172778860e+03,1.764705882352941e+00,1496940
7.986026579385619e+03,7.985438344091501e+03,5.882352941176471e-01,1496941
7.989027762121924e+03,7.988439526827807e+03,5.882352941176471e-01,1496943
7.989381291596859e+03,7.987616585714506e+03,1.176470588235294e+00,1496942
7.993314695165006e+03,7.992726459870888e+03,5.882352941176471e-01,1496944
7.995301882921623e+03,7.993759658913534e+03,5.882352941176471e-01,1496947
7.995996559938553e+03,7.995408324644435e+03,5.882352941176471e-01,1496949
7.997066588803976e+03,7.992899692818808e+03,1.176470588235294e+00,1496945
7.998831294686329e+03,7.994003256419878e+03,1.764705882352941e+00,1496948
8.000596000568682e+03,7.997777905409294e+03,1.176470588235294e+00,1496951
8.000596000568682e+03,7.997247379540644e+03,1.176470588235294e+00,1496950
8.001772471156917e+03,7.999414084308219e+03,1.764705882352941e+00,1496952
8.003139705411727e+03,8.002412147673107e+03,5.882352941176471e-01,1496954
8.003727940705845e+03,8.001963234823492e+03,1.176470588235294e+00,1496953
8.005938281723934e+03,8.005350046429816e+03,5.882352941176471e-01,1496956
8.006896509960409e+03,8.004543568783938e+03,1.764705882352941e+00,1496955
8.008406367963302e+03,8.007818132669184e+03,5.882352941176471e-01,1496957
8.009349976924490e+03,8.007871647415459e+03,5.882352941176471e-01,1496958
8.010027949924015e+03,8.009117115297442e+03,5.882352941176471e-01,1496960
8.010616185218133e+03,8.009529452335306e+03,5.882352941176471e-01,1496962
8.012065807687997e+03,8.011477572393879e+03,5.882352941176471e-01,1496964
8.013557361688721e+03,8.010420898881146e+03,1.764705882352941e+00,1496963
8.014281008058113e+03,8.013692772763996e+03,5.882352941176471e-01,1496966
8.014733832276957e+03,8.011619912765685e+03,1.176470588235294e+00,1496965
8.018040253071024e+03,8.017358868464157e+03,5.882352941176471e-01,1496969
8.018336378562704e+03,8.015983437386233e+03,1.176470588235294e+00,1496967
8.018924613856822e+03,8.016863782482789e+03,1.176470588235294e+00,1496968
8.020072600452953e+03,8.019484365158836e+03,5.882352941176471e-01,1496970
8.023602012217659e+03,8.021766600450914e+03,5.882352941176471e-01,1496974
8.023602012217659e+03,8.021550405324478e+03,5.882352941176471e-01,1496973
8.024190247511777e+03,8.019488371002351e+03,1.764705882352941e+00,1496971
8.024991495817318e+03,8.024403260523201e+03,5.882352941176471e-01,1496976
8.026543188688247e+03,8.021205648938994e+03,1.764705882352941e+00,1496972
8.027131423982365e+03,8.026468887236981e+03,5.882352941176471e-01,1496977
8.027719659276483e+03,8.026847250446855e+03,5.882352941176471e-01,1496978
8.029766034953580e+03,8.028317955963666e+03,5.882352941176471e-01,1496980
8.030610837842806e+03,8.030022602548688e+03,5.882352941176471e-01,1496982
8.032798215795118e+03,8.032209980501000e+03,5.882352941176471e-01,1496985
8.033974686383353e+03,8.032685207553556e+03,5.882352941176471e-01,1496987
8.034471917306521e+03,8.028516363443418e+03,1.176470588235294e+00,1496981
8.035060152600639e+03,8.028001329071227e+03,1.764705882352941e+00,1496979
8.036875333826645e+03,8.036287098532528e+03,5.882352941176471e-01,1496988
8.038001329071227e+03,8.032580327714928e+03,1.176470588235294e+00,1496986
8.039862809030093e+03,8.038881749965415e+03,5.882352941176471e-01,1496992
8.041039279618328e+03,8.040025698546192e+03,5.882352941176471e-01,1496994
8.042803985500681e+03,8.042139356453678e+03,5.882352941176471e-01,1496997
8.043295446718286e+03,8.030565405243580e+03,1.764705882352941e+00,1496983
8.043883682012404e+03,8.043050137819820e+03,5.882352941176471e-01,1496998
8.044690472897981e+03,8.043518879283943e+03,5.882352941176471e-01,1496999
8.045278708192098e+03,8.044320793195323e+03,5.882352941176471e-01,1497001
8.047811308091534e+03,8.046172977753875e+03,5.882352941176471e-01,1497003
8.048903183733948e+03,8.048314948439830e+03,5.882352941176471e-01,1497005
8.049901059463633e+03,8.049312824169516e+03,5.882352941176471e-01,1497006
8.050742217015493e+03,8.050153981721375e+03,5.882352941176471e-01,1497007
8.051330452309611e+03,8.050625923760068e+03,5.882352941176471e-01,1497008
8.052174431083447e+03,8.051586195789330e+03,5.882352941176471e-01,1497009
8.053106909578003e+03,8.052518674283885e+03,5.882352941176471e-01,1497010
8.054102237603863e+03,8.036606611182305e+03,1.176470588235294e+00,1496989
8.054690472897981e+03,8.038098103147740e+03,1.764705882352941e+00,1496990
8.055926389948052e+03,8.055338154653934e+03,5.882352941176471e-01,1497011
8.057043414074451e+03,8.046046602209181e+03,1.764705882352941e+00,1497002
8.058576425656320e+03,8.057637817372357e+03,5.882352941176471e-01,1497013
8.059164660950437e+03,8.058507833047550e+03,5.882352941176471e-01,1497014
8.060929366832790e+03,8.057399955068085e+03,1.764705882352941e+00,1497012
8.062003671997664e+03,8.060643348793611e+03,5.882352941176471e-01,1497016
8.064348042234563e+03,8.063751236000875e+03,5.882352941176471e-01,1497019
8.066112748116916e+03,8.059906034883489e+03,1.764705882352941e+00,1497015
8.067968512615449e+03,8.066387376401830e+03,5.882352941176471e-01,1497023
8.069013543736008e+03,8.068425308441890e+03,5.882352941176471e-01,1497025
8.069620086452484e+03,8.068671234527979e+03,5.882352941176471e-01,1497026
8.070208321746602e+03,8.069050158580725e+03,5.882352941176471e-01,1497028
8.071336997481602e+03,8.070660586482753e+03,5.882352941176471e-01,1497029
8.071950493352680e+03,8.071362258058562e+03,5.882352941176471e-01,1497030
8.073101703363955e+03,8.064067053255724e+03,1.764705882352941e+00,1497020
8.074867028235152e+03,8.073732812050958e+03,5.882352941176471e-01,1497033
8.076179355723585e+03,8.074496673098141e+03,5.882352941176471e-01,1497034
8.076767591017702e+03,8.075953166526625e+03,5.882352941176471e-01,1497037
8.078732737829706e+03,8.078144502535589e+03,5.882352941176471e-01,1497038
8.079320973123824e+03,8.078639309422135e+03,5.882352941176471e-01,1497039
8.079909208417942e+03,8.078818044015947e+03,5.882352941176471e-01,1497040
8.080497443712059e+03,8.079638851818085e+03,5.882352941176471e-01,1497041
8.081085679006177e+03,8.080127704054640e+03,5.882352941176471e-01,1497042
8.081673914300294e+03,8.080934122856359e+03,5.882352941176471e-01,1497043
8.082632822439949e+03,8.081249359354922e+03,5.882352941176471e-01,1497044
8.083221057734067e+03,8.082415259991368e+03,5.882352941176471e-01,1497046
8.083608233109690e+03,8.066203806733096e+03,1.764705882352941e+00,1497022
8.085372938992043e+03,8.073690557646916e+03,1.764705882352941e+00,1497032
8.085961174286160e+03,8.085231691069001e+03,5.882352941176471e-01,1497048
8.087137644874396e+03,8.084434927897661e+03,1.764705882352941e+00,1497047
8.088314115462631e+03,8.087134431445725e+03,1.176470588235294e+00,1497049
8.092449050268436e+03,8.091860814974318e+03,5.882352941176471e-01,1497050
8.094801991444906e+03,8.091864917166962e+03,1.764705882352941e+00,1497051
8.095390226739024e+03,8.094573078881972e+03,5.882352941176471e-01,1497053
8.095998628655788e+03,8.095410393361670e+03,5.882352941176471e-01,1497054
8.097005192681949e+03,8.096416957387831e+03,5.882352941176471e-01,1497055
8.097743167915495e+03,8.093255229695213e+03,1.764705882352941e+00,1497052
8.099177351610989e+03,8.098589116316872e+03,5.882352941176471e-01,1497056
8.103082176682511e+03,8.102493941388393e+03,5.882352941176471e-01,1497058
8.103911595027636e+03,8.101558653851166e+03,1.764705882352941e+00,1497057
8.105470117791975e+03,8.104881882497858e+03,5.882352941176471e-01,1497059
8.106058353086093e+03,8.105054033447205e+03,5.882352941176471e-01,1497060
8.109220436446775e+03,8.108611530031022e+03,5.882352941176471e-01,1497063
8.109808671740893e+03,8.106299931097823e+03,1.764705882352941e+00,1497061
8.111332943185541e+03,8.110283184912033e+03,5.882352941176471e-01,1497065
8.112508512235269e+03,8.110903761618644e+03,5.882352941176471e-01,1497066
8.115449688705857e+03,8.110156472597306e+03,1.764705882352941e+00,1497064
8.116626159294092e+03,8.113451689881941e+03,1.764705882352941e+00,1497070
8.118663488230565e+03,8.116898782348212e+03,1.764705882352941e+00,1497071
8.123144118548023e+03,8.122555883253905e+03,5.882352941176471e-01,1497072
8.131441380590830e+03,8.130853145296713e+03,5.882352941176471e-01,1497073
8.136454955252186e+03,8.135866719958069e+03,5.882352941176471e-01,1497075
8.137083058643283e+03,8.136494823349166e+03,5.882352941176471e-01,1497076
8.137671293937401e+03,8.137041887677618e+03,5.882352941176471e-01,1497077
8.138003864127168e+03,8.135062687656580e+03,1.176470588235294e+00,1497074
8.138592099421285e+03,8.137985878661441e+03,5.882352941176471e-01,1497078
8.141533275891874e+03,8.138196249440023e+03,1.764705882352941e+00,1497079
8.143956581178464e+03,8.143368345884347e+03,5.882352941176471e-01,1497083
8.144525771564762e+03,8.141584595094174e+03,1.764705882352941e+00,1497081
8.145114006858880e+03,8.144468070081698e+03,5.882352941176471e-01,1497084
8.146290477447115e+03,8.145580649610474e+03,5.882352941176471e-01,1497085
8.146878712741232e+03,8.145704465376197e+03,5.882352941176471e-01,1497086
8.147466948035350e+03,8.142407658947792e+03,1.764705882352941e+00,1497082
8.148055183329468e+03,8.147215847631073e+03,5.882352941176471e-01,1497087
8.148710037794553e+03,8.148121802500436e+03,5.882352941176471e-01,1497088
8.149894420106412e+03,8.149306184812295e+03,5.882352941176471e-01,1497089
8.150853923584084e+03,8.150265688289967e+03,5.882352941176471e-01,1497090
8.151632335999507e+03,8.151044100705390e+03,5.882352941176471e-01,1497091
8.153842347007287e+03,8.152674268890889e+03,5.882352941176471e-01,1497093
8.155018817595522e+03,8.152665876419052e+03,1.764705882352941e+00,1497092
8.155607052889640e+03,8.154846286830779e+03,5.882352941176471e-01,1497094
8.156195288183758e+03,8.155154345028605e+03,5.882352941176471e-01,1497095
8.156783523477875e+03,8.156000081319800e+03,5.882352941176471e-01,1497096
8.160302875400382e+03,8.159714640106264e+03,5.882352941176471e-01,1497097
8.161165614518003e+03,8.160577379223885e+03,5.882352941176471e-01,1497098
8.164719223595982e+03,8.163268303648848e+03,5.882352941176471e-01,1497104
8.164719223595982e+03,8.163063237437944e+03,5.882352941176471e-01,1497103
8.165034350969236e+03,8.161396219480215e+03,1.176470588235294e+00,1497099
8.166210821557471e+03,8.162257562695196e+03,1.176470588235294e+00,1497100
8.166799056851589e+03,8.162294753606110e+03,1.764705882352941e+00,1497101
8.170180300971513e+03,8.169592065677395e+03,5.882352941176471e-01,1497105
8.173112796518087e+03,8.172018170706467e+03,5.882352941176471e-01,1497107
8.174289267106323e+03,8.173011599195142e+03,5.882352941176471e-01,1497110
8.175359216898008e+03,8.171855684595452e+03,1.176470588235294e+00,1497106
8.177123922780361e+03,8.175252696101457e+03,1.764705882352941e+00,1497111
8.179783382950205e+03,8.179164912932956e+03,5.882352941176471e-01,1497113
8.180371618244323e+03,8.178018677067853e+03,1.764705882352941e+00,1497112
8.181369549862195e+03,8.180781314568077e+03,5.882352941176471e-01,1497114
8.182025110185865e+03,8.181436874891747e+03,5.882352941176471e-01,1497115
8.182628385856958e+03,8.182040150562840e+03,5.882352941176471e-01,1497116
8.185055519244865e+03,8.184467283950747e+03,5.882352941176471e-01,1497117
8.188167618648967e+03,8.186402912766614e+03,1.764705882352941e+00,1497118
8.188755853943084e+03,8.188050088353988e+03,5.882352941176471e-01,1497119
8.189437643528698e+03,8.188849408234581e+03,5.882352941176471e-01,1497120
8.190896101762781e+03,8.190307866468663e+03,5.882352941176471e-01,1497122
8.192378819999286e+03,8.191613955182697e+03,5.882352941176471e-01,1497124
8.193847288460644e+03,8.192615508322550e+03,5.882352941176471e-01,1497127
8.194584036755324e+03,8.193432706878016e+03,5.882352941176471e-01,1497129
8.195760507343559e+03,8.194525822041587e+03,5.882352941176471e-01,1497132
8.197157345910838e+03,8.196569110616720e+03,5.882352941176471e-01,1497134
8.198313737342832e+03,8.196741137911693e+03,5.882352941176471e-01,1497135
8.199858075246141e+03,8.188962141093686e+03,1.764705882352941e+00,1497121
8.201896129635944e+03,8.201307894341827e+03,5.882352941176471e-01,1497140
8.202484364930062e+03,8.201584165370431e+03,5.882352941176471e-01,1497141
8.203207539346892e+03,8.202619304052774e+03,5.882352941176471e-01,1497142
8.207041208599751e+03,8.206375652393980e+03,5.882352941176471e-01,1497144
8.207629443893868e+03,8.191145807926162e+03,1.764705882352941e+00,1497123
8.208217679187986e+03,8.205022743598787e+03,1.176470588235294e+00,1497143
8.208805914482103e+03,8.208192603544717e+03,5.882352941176471e-01,1497145
8.210258227442876e+03,8.209669992148758e+03,5.882352941176471e-01,1497147
8.211158855658574e+03,8.208218166713058e+03,1.764705882352941e+00,1497146
8.214010379333051e+03,8.213422144038933e+03,5.882352941176471e-01,1497148
8.215932588060552e+03,8.214167882178199e+03,1.764705882352941e+00,1497149
8.216781849894444e+03,8.216193614600326e+03,5.882352941176471e-01,1497150
8.218951747611580e+03,8.218363512317462e+03,5.882352941176471e-01,1497153
8.220816437100557e+03,8.219486165506997e+03,5.882352941176471e-01,1497156
8.220816437100557e+03,8.219052855988370e+03,5.882352941176471e-01,1497155
8.222308255159302e+03,8.221720019865184e+03,5.882352941176471e-01,1497157
8.222664202835620e+03,8.216568917651494e+03,1.764705882352941e+00,1497151
8.223252438129738e+03,8.219051731218204e+03,1.176470588235294e+00,1497154
8.225771757184315e+03,8.224982115162635e+03,5.882352941176471e-01,1497159
8.226359992478433e+03,8.225424194780831e+03,5.882352941176471e-01,1497160
8.226948227772550e+03,8.226354326444280e+03,5.882352941176471e-01,1497161
8.228124698360786e+03,8.224595286596080e+03,1.764705882352941e+00,1497158
8.230809977656301e+03,8.229800199374325e+03,5.882352941176471e-01,1497166
8.233285267164846e+03,8.232155411198170e+03,5.882352941176471e-01,1497168
8.234700828805727e+03,8.233763449270137e+03,5.882352941176471e-01,1497173
8.236205427331639e+03,8.235357084681080e+03,5.882352941176471e-01,1497176
8.238193343886977e+03,8.237562420273863e+03,5.882352941176471e-01,1497179
8.238925149303373e+03,8.237718861640961e+03,5.882352941176471e-01,1497180
8.239513384597490e+03,8.238480484131533e+03,5.882352941176471e-01,1497182
8.240464199819192e+03,8.239847276969658e+03,5.882352941176471e-01,1497183
8.241052435113309e+03,8.228439423848070e+03,1.764705882352941e+00,1497162
8.242260497357394e+03,8.241672262063277e+03,5.882352941176471e-01,1497184
8.244632500473967e+03,8.243084935487621e+03,5.882352941176471e-01,1497186
8.245687344460946e+03,8.245099109166828e+03,5.882352941176471e-01,1497188
8.246473259296894e+03,8.245885024002776e+03,5.882352941176471e-01,1497189
8.248565836170010e+03,8.247448399887944e+03,5.882352941176471e-01,1497191
8.249154071464127e+03,8.231931517827254e+03,1.764705882352941e+00,1497167
8.251507012640598e+03,8.242867794591614e+03,1.764705882352941e+00,1497185
8.252369184127671e+03,8.251218580869026e+03,5.882352941176471e-01,1497192
8.255652648619263e+03,8.254902319819463e+03,5.882352941176471e-01,1497201
8.256240883913381e+03,8.255334254137550e+03,5.882352941176471e-01,1497202
8.259770295678087e+03,8.252054885026508e+03,1.764705882352941e+00,1497194
8.261699621288055e+03,8.260853570377240e+03,5.882352941176471e-01,1497206
8.262123236854557e+03,8.256389378125225e+03,1.176470588235294e+00,1497203
8.262711472148675e+03,8.256825828870120e+03,1.764705882352941e+00,1497204
8.263887942736910e+03,8.260523150699820e+03,1.764705882352941e+00,1497205
8.265064413325146e+03,8.264075895613201e+03,5.882352941176471e-01,1497208
8.266240883913381e+03,8.263847178213905e+03,1.764705882352941e+00,1497207
8.266829119207499e+03,8.266116632701486e+03,5.882352941176471e-01,1497209
8.268751575446290e+03,8.268163340152172e+03,5.882352941176471e-01,1497211
8.269770295678087e+03,8.266791035084494e+03,1.764705882352941e+00,1497210
8.270358530972204e+03,8.269591710979587e+03,5.882352941176471e-01,1497213
8.271535001560440e+03,8.269981240796605e+03,5.882352941176471e-01,1497215
8.271535001560440e+03,8.269957871171373e+03,5.882352941176471e-01,1497214
8.272370372316732e+03,8.271782137022614e+03,5.882352941176471e-01,1497216
8.272711472148675e+03,8.268851608923441e+03,1.176470588235294e+00,1497212
8.275089200641775e+03,8.274027805656815e+03,5.882352941176471e-01,1497218
8.277574050634629e+03,8.276985815340511e+03,5.882352941176471e-01,1497221
8.279206847700598e+03,8.273912730053539e+03,1.764705882352941e+00,1497217
8.280383318288833e+03,8.278916474156748e+03,1.176470588235294e+00,1497222
8.283217312041503e+03,8.282629076747385e+03,5.882352941176471e-01,1497223
8.283860323716306e+03,8.283272088422188e+03,5.882352941176471e-01,1497224
8.285202568351343e+03,8.284614333057226e+03,5.882352941176471e-01,1497225
8.286379038939579e+03,8.285331144936338e+03,5.882352941176471e-01,1497227
8.288619952196366e+03,8.287919688982565e+03,5.882352941176471e-01,1497229
8.289208187490483e+03,8.288281285771067e+03,5.882352941176471e-01,1497230
8.290384658078719e+03,8.289484499722550e+03,5.882352941176471e-01,1497232
8.290972893372836e+03,8.289888823482895e+03,5.882352941176471e-01,1497233
8.291728719786962e+03,8.290754908171095e+03,5.882352941176471e-01,1497234
8.293493425669315e+03,8.284811757283550e+03,1.764705882352941e+00,1497226
8.294693729611117e+03,8.294105494316999e+03,5.882352941176471e-01,1497238
8.296232881048476e+03,8.295543785208644e+03,5.882352941176471e-01,1497239
8.298631034291646e+03,8.296922425331077e+03,5.882352941176471e-01,1497245
8.299219269585764e+03,8.298224449847591e+03,5.882352941176471e-01,1497249
8.299807504879882e+03,8.288638844161019e+03,1.764705882352941e+00,1497231
8.301572210762234e+03,8.295846858058714e+03,1.764705882352941e+00,1497240
8.304513387232823e+03,8.301436108613888e+03,1.764705882352941e+00,1497250
8.306982303007498e+03,8.306394067713380e+03,5.882352941176471e-01,1497252
8.307570538301616e+03,8.306579855785713e+03,5.882352941176471e-01,1497253
8.308158773595733e+03,8.307385088856402e+03,5.882352941176471e-01,1497254
8.308747008889851e+03,8.308096912354801e+03,5.882352941176471e-01,1497255
8.311348539591878e+03,8.310760304297761e+03,5.882352941176471e-01,1497256
8.312525010180114e+03,8.311129842126386e+03,5.882352941176471e-01,1497257
8.313353035551054e+03,8.312764800256936e+03,5.882352941176471e-01,1497259
8.314289716062467e+03,8.311237668438346e+03,1.764705882352941e+00,1497258
8.314930052758554e+03,8.314341817464436e+03,5.882352941176471e-01,1497260
8.316304414826312e+03,8.315716179532195e+03,5.882352941176471e-01,1497261
8.317123355173935e+03,8.316535119879818e+03,5.882352941176471e-01,1497262
8.317711590468053e+03,8.316715808323773e+03,5.882352941176471e-01,1497263
8.321364136707473e+03,8.319525678128970e+03,5.882352941176471e-01,1497267
8.321364136707473e+03,8.319247852462781e+03,5.882352941176471e-01,1497266
8.322326227652412e+03,8.321737992358295e+03,5.882352941176471e-01,1497268
8.322914462946530e+03,8.321879974012750e+03,5.882352941176471e-01,1497269
8.325368835346125e+03,8.323819605290965e+03,5.882352941176471e-01,1497272
8.326025053492211e+03,8.325436818198094e+03,5.882352941176471e-01,1497273
8.326613288786329e+03,8.325511455295382e+03,5.882352941176471e-01,1497274
8.327789759374564e+03,8.327089354407758e+03,5.882352941176471e-01,1497276
8.328966229962800e+03,8.327707209986839e+03,5.882352941176471e-01,1497278
8.329486482404949e+03,8.319011195531002e+03,1.764705882352941e+00,1497264
8.331839423581420e+03,8.323491181043601e+03,1.176470588235294e+00,1497270
8.332427658875537e+03,8.323750080683342e+03,1.764705882352941e+00,1497271
8.333015894169655e+03,8.332281280312282e+03,5.882352941176471e-01,1497279
8.333604129463773e+03,8.332588442162737e+03,5.882352941176471e-01,1497280
8.335300582584020e+03,8.334712347289902e+03,5.882352941176471e-01,1497281
8.335888817878138e+03,8.335270545622915e+03,5.882352941176471e-01,1497282
8.336666955455060e+03,8.335535619221953e+03,5.882352941176471e-01,1497283
8.337255190749177e+03,8.336268622443746e+03,5.882352941176471e-01,1497285
8.339077658886188e+03,8.338489423592070e+03,5.882352941176471e-01,1497286
8.341578077292817e+03,8.340310935586248e+03,5.882352941176471e-01,1497290
8.342607070650893e+03,8.338866722843887e+03,1.764705882352941e+00,1497287
8.343783541239129e+03,8.342740005869093e+03,5.882352941176471e-01,1497292
8.345302277826548e+03,8.344188666984009e+03,5.882352941176471e-01,1497296
8.347613212451480e+03,8.346760977262079e+03,5.882352941176471e-01,1497301
8.348896943426680e+03,8.348308708132562e+03,5.882352941176471e-01,1497302
8.352907330098539e+03,8.339813371410464e+03,1.764705882352941e+00,1497288
8.353495565392657e+03,8.349532446498760e+03,1.176470588235294e+00,1497303
8.354339619630581e+03,8.353751384336464e+03,5.882352941176471e-01,1497304
8.355516090218817e+03,8.354339222194827e+03,1.176470588235294e+00,1497305
8.356646111671589e+03,8.356057876377471e+03,5.882352941176471e-01,1497306
8.357787878868547e+03,8.356084194961581e+03,5.882352941176471e-01,1497307
8.358964349456782e+03,8.357788708015353e+03,5.882352941176471e-01,1497310
8.359596657869685e+03,8.359008422575567e+03,5.882352941176471e-01,1497311
8.360140820045017e+03,8.357753175477269e+03,1.176470588235294e+00,1497309
8.363191318161503e+03,8.362603082867386e+03,5.882352941176471e-01,1497313
8.363742958542024e+03,8.361978252659671e+03,1.176470588235294e+00,1497312
8.365082292309456e+03,8.364494057015339e+03,5.882352941176471e-01,1497314
8.367159442359886e+03,8.365394736477533e+03,1.764705882352941e+00,1497315
8.368635137070437e+03,8.368046901776319e+03,5.882352941176471e-01,1497316
8.369608310024369e+03,8.369020074730252e+03,5.882352941176471e-01,1497317
8.371500680913120e+03,8.370912445619002e+03,5.882352941176471e-01,1497318
8.374061227996261e+03,8.373472992702143e+03,5.882352941176471e-01,1497319
8.375564741105755e+03,8.374341234766997e+03,5.882352941176471e-01,1497321
8.376752775337988e+03,8.376164540043870e+03,5.882352941176471e-01,1497325
8.377341010632105e+03,8.376622433790837e+03,5.882352941176471e-01,1497326
8.378523787281387e+03,8.377935551987269e+03,5.882352941176471e-01,1497327
8.379682388164579e+03,8.374300331801004e+03,1.764705882352941e+00,1497320
8.381364404500485e+03,8.380776169206367e+03,5.882352941176471e-01,1497328
8.382613325832039e+03,8.382025090537922e+03,5.882352941176471e-01,1497329
8.383804721530370e+03,8.382643176052230e+03,5.882352941176471e-01,1497332
8.384981192118605e+03,8.382070808256722e+03,1.764705882352941e+00,1497330
8.385569427412723e+03,8.384961112014131e+03,5.882352941176471e-01,1497333
8.387207094402414e+03,8.386062377675334e+03,5.882352941176471e-01,1497335
8.387795329696532e+03,8.386812924172791e+03,5.882352941176471e-01,1497336
8.388383564990649e+03,8.387470466202183e+03,5.882352941176471e-01,1497337
8.390148270873002e+03,8.389073820011257e+03,5.882352941176471e-01,1497340
8.391276049880010e+03,8.390687814585892e+03,5.882352941176471e-01,1497341
8.395572017010472e+03,8.386030623814179e+03,1.764705882352941e+00,1497334
8.396748487598707e+03,8.395898039263749e+03,5.882352941176471e-01,1497348
8.397336722892825e+03,8.396197769067023e+03,5.882352941176471e-01,1497349
8.398374812333142e+03,8.397786577039024e+03,5.882352941176471e-01,1497350
8.400427668762561e+03,8.399338599758786e+03,5.882352941176471e-01,1497352
8.401015904056678e+03,8.400020110517687e+03,5.882352941176471e-01,1497353
8.401794930890981e+03,8.401206695596864e+03,5.882352941176471e-01,1497354
8.403219075834002e+03,8.390741429654250e+03,1.764705882352941e+00,1497342
8.404157169795645e+03,8.403568934501528e+03,5.882352941176471e-01,1497355
8.405004181589055e+03,8.403830723503815e+03,5.882352941176471e-01,1497356
8.405592416883173e+03,8.404674722794230e+03,5.882352941176471e-01,1497358
8.406419028803882e+03,8.399251198174325e+03,1.764705882352941e+00,1497351
8.407502854569879e+03,8.406914619275761e+03,5.882352941176471e-01,1497359
8.408562964461104e+03,8.407974729166986e+03,5.882352941176471e-01,1497360
8.412092376225810e+03,8.408167879516594e+03,1.764705882352941e+00,1497361
8.414927071010917e+03,8.414338835716799e+03,5.882352941176471e-01,1497364
8.415596311894148e+03,8.415008076600031e+03,5.882352941176471e-01,1497365
8.417546577121555e+03,8.416958341827437e+03,5.882352941176471e-01,1497366
8.420155329086729e+03,8.418390623204376e+03,1.764705882352941e+00,1497367
8.422582323436175e+03,8.420817617553822e+03,1.764705882352941e+00,1497368
8.424229704739996e+03,8.423641469445878e+03,5.882352941176471e-01,1497370
8.424536400899550e+03,8.422771695017197e+03,1.176470588235294e+00,1497369
8.425124636193668e+03,8.424491814864982e+03,5.882352941176471e-01,1497371
8.428036436214837e+03,8.427448200920720e+03,5.882352941176471e-01,1497372
8.428707678303236e+03,8.427502259586231e+03,5.882352941176471e-01,1497373
8.429295913597354e+03,8.428202449803399e+03,5.882352941176471e-01,1497375
8.430105417353556e+03,8.429517182059438e+03,5.882352941176471e-01,1497376
8.430693652647673e+03,8.430104760041880e+03,5.882352941176471e-01,1497377
8.435446649377517e+03,8.434858414083399e+03,5.882352941176471e-01,1497378
8.436801641068168e+03,8.435803691582348e+03,5.882352941176471e-01,1497381
8.437542054827336e+03,8.436953819533219e+03,5.882352941176471e-01,1497382
8.438566346950521e+03,8.434899579691449e+03,1.764705882352941e+00,1497379
8.439993005167470e+03,8.438816534579235e+03,1.176470588235294e+00,1497383
8.440759711391412e+03,8.440171476097294e+03,5.882352941176471e-01,1497384
8.441347946685530e+03,8.440708202404570e+03,5.882352941176471e-01,1497385
8.442264603834045e+03,8.440867104287886e+03,5.882352941176471e-01,1497386
8.442852839128163e+03,8.442004790394325e+03,5.882352941176471e-01,1497388
8.444029309716398e+03,8.442600980619403e+03,5.882352941176471e-01,1497390
8.444029309716398e+03,8.442379078539777e+03,5.882352941176471e-01,1497389
8.445676333875686e+03,8.444499863287451e+03,1.176470588235294e+00,1497391
8.447814019681040e+03,8.447162791874613e+03,5.882352941176471e-01,1497393
8.448990490269275e+03,8.446637549092804e+03,1.764705882352941e+00,1497392
8.452198238958360e+03,8.450615474998576e+03,5.882352941176471e-01,1497397
8.452198238958360e+03,8.450518524843582e+03,5.882352941176471e-01,1497396
8.452696325718659e+03,8.449166913953954e+03,1.764705882352941e+00,1497394
8.453284561012777e+03,8.452520731968333e+03,5.882352941176471e-01,1497398
8.454461031601012e+03,8.453834639129595e+03,5.882352941176471e-01,1497400
8.455637502189248e+03,8.450433533076007e+03,1.176470588235294e+00,1497395
8.457891680061460e+03,8.457102781164805e+03,5.882352941176471e-01,1497404
8.458479915355578e+03,8.457667364533564e+03,5.882352941176471e-01,1497405
8.458966250351416e+03,8.452798549956232e+03,1.764705882352941e+00,1497399
8.460145896025441e+03,8.459557660731323e+03,5.882352941176471e-01,1497406
8.461319191527886e+03,8.455739402487527e+03,1.764705882352941e+00,1497401
8.463083897410239e+03,8.461145397562037e+03,5.882352941176471e-01,1497409
8.463083897410239e+03,8.461127061546713e+03,5.882352941176471e-01,1497408
8.464260367998474e+03,8.461085952735402e+03,1.764705882352941e+00,1497407
8.467741758107733e+03,8.467150857798463e+03,5.882352941176471e-01,1497412
8.469295004469665e+03,8.467348921623092e+03,5.882352941176471e-01,1497413
8.469883239763783e+03,8.469189274709455e+03,5.882352941176471e-01,1497416
8.470471475057900e+03,8.464803246652298e+03,1.764705882352941e+00,1497410
8.472074855057278e+03,8.471486619763161e+03,5.882352941176471e-01,1497417
8.472663090351396e+03,8.471794741761210e+03,5.882352941176471e-01,1497418
8.473251325645514e+03,8.472650977765294e+03,5.882352941176471e-01,1497419
8.474270591407742e+03,8.472980815021683e+03,5.882352941176471e-01,1497420
8.475415669941121e+03,8.473897871347679e+03,5.882352941176471e-01,1497423
8.476003905235239e+03,8.475384277886266e+03,5.882352941176471e-01,1497425
8.476592140529357e+03,8.475949337079866e+03,5.882352941176471e-01,1497426
8.477180375823474e+03,8.476104494502587e+03,5.882352941176471e-01,1497427
8.479552857933022e+03,8.478964622638904e+03,5.882352941176471e-01,1497429
8.481317563815375e+03,8.479163457351154e+03,5.882352941176471e-01,1497431
8.481859889897432e+03,8.477742242838608e+03,1.764705882352941e+00,1497428
8.483036360485667e+03,8.479024660369829e+03,1.176470588235294e+00,1497430
8.483624595779785e+03,8.479252164255210e+03,1.764705882352941e+00,1497432
8.485112058470145e+03,8.484120721471532e+03,5.882352941176471e-01,1497434
8.485700293764263e+03,8.484558400099186e+03,5.882352941176471e-01,1497435
8.486288529058380e+03,8.483935587881910e+03,1.176470588235294e+00,1497433
8.488248099595382e+03,8.487659864301264e+03,5.882352941176471e-01,1497437
8.489270771330262e+03,8.486917830153792e+03,1.764705882352941e+00,1497436
8.489946379461412e+03,8.489358144167295e+03,5.882352941176471e-01,1497438
8.491364635614142e+03,8.490776400320024e+03,5.882352941176471e-01,1497439
8.495051636276151e+03,8.493286930393798e+03,1.764705882352941e+00,1497440
8.497945102299248e+03,8.495592161122778e+03,1.764705882352941e+00,1497441
8.499121572887484e+03,8.498528340762169e+03,5.882352941176471e-01,1497443
8.499709808181601e+03,8.498800061480603e+03,5.882352941176471e-01,1497444
8.500886278769837e+03,8.496805560684045e+03,1.764705882352941e+00,1497442
8.502062749358072e+03,8.499511180872514e+03,1.764705882352941e+00,1497445
8.502933401900481e+03,8.502345166606364e+03,5.882352941176471e-01,1497446
8.504109872488717e+03,8.502846159543781e+03,1.176470588235294e+00,1497447
8.506615128925429e+03,8.504850423043076e+03,1.764705882352941e+00,1497448
8.509042898449470e+03,8.507278192567117e+03,1.764705882352941e+00,1497449
8.511671209506974e+03,8.511082974212856e+03,5.882352941176471e-01,1497450
8.512402626678195e+03,8.511814391384078e+03,5.882352941176471e-01,1497451
8.513419146956695e+03,8.512830911662578e+03,5.882352941176471e-01,1497452
8.515127776886026e+03,8.514539541591909e+03,5.882352941176471e-01,1497453
8.515924521599665e+03,8.515336286305547e+03,5.882352941176471e-01,1497454
8.516512756893782e+03,8.515362028712111e+03,5.882352941176471e-01,1497455
8.519087257978345e+03,8.517852878275320e+03,5.882352941176471e-01,1497460
8.520756542513695e+03,8.520072885872575e+03,5.882352941176471e-01,1497461
8.521344777807813e+03,8.516253976276053e+03,1.764705882352941e+00,1497456
8.523976361561379e+03,8.523388126267262e+03,5.882352941176471e-01,1497463
8.525198564064302e+03,8.524019857869470e+03,5.882352941176471e-01,1497466
8.527320578674761e+03,8.522546767164004e+03,1.764705882352941e+00,1497462
8.529673519851232e+03,8.523611914111368e+03,1.176470588235294e+00,1497464
8.530261755145349e+03,8.524634312530826e+03,1.764705882352941e+00,1497468
8.532614696321820e+03,8.527864268181240e+03,1.176470588235294e+00,1497471
8.534284822675761e+03,8.533590592477985e+03,5.882352941176471e-01,1497476
8.536144108086526e+03,8.531035414210658e+03,1.176470588235294e+00,1497473
8.536144108086526e+03,8.530295439328977e+03,1.176470588235294e+00,1497472
8.536732343380643e+03,8.531689419008614e+03,1.764705882352941e+00,1497474
8.538512456654461e+03,8.537924221360343e+03,5.882352941176471e-01,1497479
8.538998730333709e+03,8.533108352087525e+03,1.176470588235294e+00,1497475
8.539923790452649e+03,8.538912176110303e+03,5.882352941176471e-01,1497480
8.541219761260521e+03,8.540276648475277e+03,5.882352941176471e-01,1497483
8.541807996554639e+03,8.540751026186040e+03,5.882352941176471e-01,1497485
8.542400522759933e+03,8.541812287465816e+03,5.882352941176471e-01,1497486
8.542988758054051e+03,8.541842398926358e+03,5.882352941176471e-01,1497487
8.544438822174710e+03,8.543850586880592e+03,5.882352941176471e-01,1497488
8.545925643613462e+03,8.536891377529503e+03,1.764705882352941e+00,1497478
8.546513878907580e+03,8.543993189354545e+03,1.176470588235294e+00,1497489
8.550024182625312e+03,8.549346147935519e+03,5.882352941176471e-01,1497493
8.550612417919429e+03,8.549479997644799e+03,5.882352941176471e-01,1497494
8.552377123801782e+03,8.550952831120579e+03,5.882352941176471e-01,1497496
8.552965359095900e+03,8.547083006154723e+03,1.764705882352941e+00,1497490
8.555318300272370e+03,8.551137926648284e+03,1.176470588235294e+00,1497497
8.555906535566488e+03,8.547990372911800e+03,1.764705882352941e+00,1497491
8.556494770860606e+03,8.555741024878198e+03,5.882352941176471e-01,1497498
8.557083006154723e+03,8.556409479566466e+03,5.882352941176471e-01,1497499
8.557729069158178e+03,8.557140833864060e+03,5.882352941176471e-01,1497500
8.558317304452296e+03,8.557718212751329e+03,5.882352941176471e-01,1497501
8.559927883022661e+03,8.559339647728544e+03,5.882352941176471e-01,1497503
8.560516118316779e+03,8.559395485557035e+03,5.882352941176471e-01,1497504
8.561692588905014e+03,8.560425308173063e+03,5.882352941176471e-01,1497506
8.561692588905014e+03,8.559979562013252e+03,5.882352941176471e-01,1497505
8.562434951511119e+03,8.561797372654519e+03,5.882352941176471e-01,1497507
8.563023186805237e+03,8.562347583563382e+03,5.882352941176471e-01,1497508
8.563626821400782e+03,8.563038586106664e+03,5.882352941176471e-01,1497509
8.565478254413462e+03,8.564314889793648e+03,5.882352941176471e-01,1497514
8.568515376465369e+03,8.557743458030216e+03,1.764705882352941e+00,1497502
8.572979218901361e+03,8.563422616332803e+03,1.176470588235294e+00,1497510
8.574941180074013e+03,8.574352944779895e+03,5.882352941176471e-01,1497523
8.575332160077831e+03,8.572938878915202e+03,1.764705882352941e+00,1497522
8.576649983523563e+03,8.576061748229445e+03,5.882352941176471e-01,1497524
8.578414689405916e+03,8.576215437674345e+03,1.764705882352941e+00,1497525
8.580632522893892e+03,8.580044287599775e+03,5.882352941176471e-01,1497526
8.581561203089860e+03,8.580972967795742e+03,5.882352941176471e-01,1497527
8.582149438383978e+03,8.581457238379803e+03,5.882352941176471e-01,1497528
8.582737673678095e+03,8.581597435484794e+03,5.882352941176471e-01,1497529
8.584907529744112e+03,8.584319294449995e+03,5.882352941176471e-01,1497530
8.585588024487976e+03,8.584999789193858e+03,5.882352941176471e-01,1497531
8.587424068551805e+03,8.586364954092798e+03,5.882352941176471e-01,1497533
8.588012303845923e+03,8.586247597963570e+03,1.176470588235294e+00,1497532
8.592439619777054e+03,8.590674913894701e+03,1.764705882352941e+00,1497534
8.593027855071171e+03,8.592381926406001e+03,5.882352941176471e-01,1497535
8.594792560953524e+03,8.592702183695469e+03,1.764705882352941e+00,1497536
8.596557266835877e+03,8.595830244670655e+03,5.882352941176471e-01,1497539
8.597417399385486e+03,8.596829164091368e+03,5.882352941176471e-01,1497540
8.600086678600583e+03,8.594470713034776e+03,1.764705882352941e+00,1497537
8.606586984050207e+03,8.597978266725752e+03,1.764705882352941e+00,1497541
8.607966538978504e+03,8.607378303684386e+03,5.882352941176471e-01,1497551
8.608554774272621e+03,8.607379345062353e+03,5.882352941176471e-01,1497552
8.610211517673524e+03,8.609623282379407e+03,5.882352941176471e-01,1497554
8.611915470966788e+03,8.611327235672670e+03,5.882352941176471e-01,1497556
8.612503706260905e+03,8.611556054208478e+03,5.882352941176471e-01,1497557
8.614711770843506e+03,8.614123535549388e+03,5.882352941176471e-01,1497560
8.615300006137624e+03,8.614252604834684e+03,5.882352941176471e-01,1497561
8.616476476725859e+03,8.615264021680975e+03,5.882352941176471e-01,1497563
8.617763454638443e+03,8.603896469481624e+03,1.176470588235294e+00,1497549
8.617763454638443e+03,8.601812665115890e+03,1.176470588235294e+00,1497546
8.617763454638443e+03,8.601014215471229e+03,1.176470588235294e+00,1497544
8.618459194980454e+03,8.617870959686336e+03,5.882352941176471e-01,1497564
8.619047430274571e+03,8.617912978921154e+03,5.882352941176471e-01,1497565
8.619528160520795e+03,8.601219407110294e+03,1.764705882352941e+00,1497545
8.621616548860909e+03,8.620932918219274e+03,5.882352941176471e-01,1497568
8.625253107777068e+03,8.624664872482951e+03,5.882352941176471e-01,1497571
8.626586984050207e+03,8.619511750632984e+03,1.176470588235294e+00,1497566
8.627175219344325e+03,8.609019006353384e+03,1.764705882352941e+00,1497553
8.629250259923849e+03,8.628070005064812e+03,5.882352941176471e-01,1497573
8.631138400516608e+03,8.630548908762336e+03,5.882352941176471e-01,1497579
8.631726635810726e+03,8.630801713051085e+03,5.882352941176471e-01,1497580
8.632861644783887e+03,8.623472237700110e+03,1.176470588235294e+00,1497569
8.632861644783887e+03,8.620440078272674e+03,1.176470588235294e+00,1497567
8.633449880078004e+03,8.623945589945973e+03,1.764705882352941e+00,1497570
8.634377923913140e+03,8.633789688619022e+03,5.882352941176471e-01,1497581
8.635802821254475e+03,8.627804916253517e+03,1.176470588235294e+00,1497572
8.636391056548592e+03,8.628930897711828e+03,1.764705882352941e+00,1497575
8.638226911034824e+03,8.637077231502596e+03,5.882352941176471e-01,1497583
8.638815146328942e+03,8.638189407891741e+03,5.882352941176471e-01,1497584
8.639403381623060e+03,8.638734506766647e+03,5.882352941176471e-01,1497585
8.639991616917177e+03,8.638821830298185e+03,5.882352941176471e-01,1497586
8.641168087505413e+03,8.639732344585331e+03,5.882352941176471e-01,1497587
8.642932793387765e+03,8.637050440446589e+03,1.764705882352941e+00,1497582
8.643860401983956e+03,8.643272166689838e+03,5.882352941176471e-01,1497589
8.644772229482189e+03,8.644183994188071e+03,5.882352941176471e-01,1497590
8.646742563448819e+03,8.646137504618887e+03,5.882352941176471e-01,1497592
8.648470794102502e+03,8.647846083579713e+03,5.882352941176471e-01,1497595
8.650404797837046e+03,8.649604743400691e+03,5.882352941176471e-01,1497598
8.650823735278972e+03,8.644977857566466e+03,1.764705882352941e+00,1497591
8.651948276189656e+03,8.651360040895538e+03,5.882352941176471e-01,1497599
8.652750066644184e+03,8.652161831350067e+03,5.882352941176471e-01,1497600
8.654151798868270e+03,8.653563563574152e+03,5.882352941176471e-01,1497602
8.654740034162388e+03,8.653954436917981e+03,5.882352941176471e-01,1497603
8.655740027642546e+03,8.654279135063968e+03,5.882352941176471e-01,1497604
8.656328262936664e+03,8.655563550534469e+03,5.882352941176471e-01,1497606
8.657114245917053e+03,8.646475565614326e+03,1.176470588235294e+00,1497593
8.657702481211170e+03,8.657112445672484e+03,5.882352941176471e-01,1497607
8.660055296669793e+03,8.659466935657828e+03,5.882352941176471e-01,1497609
8.661231767258029e+03,8.652563546148242e+03,1.764705882352941e+00,1497601
8.662996473140382e+03,8.660149583990461e+03,1.764705882352941e+00,1497610
8.663859241186480e+03,8.663271005892362e+03,5.882352941176471e-01,1497612
8.664761179022734e+03,8.661955468444477e+03,1.764705882352941e+00,1497611
8.665968934710510e+03,8.665380699416392e+03,5.882352941176471e-01,1497613
8.667145405298745e+03,8.665790876700710e+03,5.882352941176471e-01,1497615
8.667145405298745e+03,8.665773680811451e+03,5.882352941176471e-01,1497614
8.669028556056992e+03,8.667263850174639e+03,1.764705882352941e+00,1497616
8.671406523928822e+03,8.670230053340587e+03,1.176470588235294e+00,1497617
8.673221323112193e+03,8.671456617229840e+03,1.764705882352941e+00,1497618
8.674890566897038e+03,8.673960482907108e+03,5.882352941176471e-01,1497622
8.676067037485273e+03,8.672898001693868e+03,1.764705882352941e+00,1497619
8.677360891261193e+03,8.676772655967076e+03,5.882352941176471e-01,1497623
8.678039027488723e+03,8.677450792194606e+03,5.882352941176471e-01,1497624
8.679092139848743e+03,8.678503904554625e+03,5.882352941176471e-01,1497625
8.680436540939397e+03,8.679848305645279e+03,5.882352941176471e-01,1497626
8.681024776233515e+03,8.679944827371764e+03,5.882352941176471e-01,1497627
8.681895207328852e+03,8.680623509351951e+03,5.882352941176471e-01,1497628
8.682483442622970e+03,8.681589167835955e+03,5.882352941176471e-01,1497630
8.683659913211205e+03,8.682518426536994e+03,5.882352941176471e-01,1497632
8.684248148505323e+03,8.683422250031732e+03,5.882352941176471e-01,1497633
8.685516916610841e+03,8.684847268732767e+03,5.882352941176471e-01,1497635
8.686452509357481e+03,8.684939646991327e+03,5.882352941176471e-01,1497636
8.687040744651599e+03,8.686211631515886e+03,5.882352941176471e-01,1497638
8.688229590186983e+03,8.687214513780166e+03,5.882352941176471e-01,1497640
8.688873890018422e+03,8.687653729840014e+03,5.882352941176471e-01,1497642
8.689929166681864e+03,8.688341719261626e+03,5.882352941176471e-01,1497644
8.691105637270099e+03,8.690084228267592e+03,5.882352941176471e-01,1497647
8.692070224693204e+03,8.690925232554327e+03,5.882352941176471e-01,1497648
8.693568342475212e+03,8.692980107181094e+03,5.882352941176471e-01,1497651
8.693742633058274e+03,8.681995064561409e+03,1.176470588235294e+00,1497631
8.694484190708975e+03,8.693895955414857e+03,5.882352941176471e-01,1497652
8.695072426003092e+03,8.694144708936254e+03,5.882352941176471e-01,1497653
8.695660661297210e+03,8.694649817391539e+03,5.882352941176471e-01,1497654
8.696248896591328e+03,8.695310030789902e+03,5.882352941176471e-01,1497655
8.697448663470806e+03,8.696860428176688e+03,5.882352941176471e-01,1497656
8.698036898764924e+03,8.697033192064349e+03,5.882352941176471e-01,1497657
8.698720004545856e+03,8.698131769251738e+03,5.882352941176471e-01,1497658
8.703131786134097e+03,8.684340446022606e+03,1.764705882352941e+00,1497634
8.704896492016450e+03,8.703559317892694e+03,5.882352941176471e-01,1497666
8.706374653901214e+03,8.705786418607096e+03,5.882352941176471e-01,1497667
8.706962889195331e+03,8.706308809509928e+03,5.882352941176471e-01,1497668
8.709602374369391e+03,8.698393737682905e+03,1.176470588235294e+00,1497659
8.710190609663509e+03,8.699072284372662e+03,1.764705882352941e+00,1497661
8.712081809140380e+03,8.710317103258027e+03,1.764705882352941e+00,1497669
8.713231981732344e+03,8.712643746438226e+03,5.882352941176471e-01,1497670
8.713820217026461e+03,8.712725619213495e+03,5.882352941176471e-01,1497671
8.714763638923850e+03,8.714175403629733e+03,5.882352941176471e-01,1497672
8.716350434372700e+03,8.715762199078583e+03,5.882352941176471e-01,1497673
8.717406719013007e+03,8.716818483718889e+03,5.882352941176471e-01,1497674
8.718583189601242e+03,8.717823509566845e+03,5.882352941176471e-01,1497676
8.721776215111957e+03,8.720819304352771e+03,5.882352941176471e-01,1497682
8.724129156288427e+03,8.716996146023059e+03,1.764705882352941e+00,1497675
8.726530522784579e+03,8.724765816902226e+03,1.764705882352941e+00,1497683
8.728229858775993e+03,8.727557615399129e+03,5.882352941176471e-01,1497685
8.729994564658346e+03,8.727053388187758e+03,1.764705882352941e+00,1497684
8.730582799952463e+03,8.728403742525386e+03,1.176470588235294e+00,1497686
8.733602079422711e+03,8.733013844128594e+03,5.882352941176471e-01,1497687
8.734562241367918e+03,8.733974006073800e+03,5.882352941176471e-01,1497688
8.736326294827347e+03,8.735738059533229e+03,5.882352941176471e-01,1497689
8.736914530121464e+03,8.735928694822973e+03,5.882352941176471e-01,1497690
8.741370892066897e+03,8.740782656772780e+03,5.882352941176471e-01,1497691
8.747320494936457e+03,8.746709076383491e+03,5.882352941176471e-01,1497693
8.748210880052035e+03,8.747622644757917e+03,5.882352941176471e-01,1497694
8.750526490257665e+03,8.749729732875228e+03,5.882352941176471e-01,1497699
8.751400811024440e+03,8.746144024348222e+03,1.764705882352941e+00,1497692
8.751989046318558e+03,8.751276033695165e+03,5.882352941176471e-01,1497700
8.754231596993967e+03,8.753643361699849e+03,5.882352941176471e-01,1497704
8.754819832288084e+03,8.753658406735440e+03,5.882352941176471e-01,1497705
8.755408067582202e+03,8.754231944733261e+03,5.882352941176471e-01,1497706
8.757380422658101e+03,8.747755999139185e+03,1.176470588235294e+00,1497695
8.757968657952219e+03,8.751586860360417e+03,1.764705882352941e+00,1497701
8.758556893246337e+03,8.757871900469156e+03,5.882352941176471e-01,1497708
8.759733363834572e+03,8.755401977575170e+03,1.764705882352941e+00,1497707
8.761498069716925e+03,8.759474807526543e+03,1.764705882352941e+00,1497709
8.763966842818876e+03,8.761613901642406e+03,1.764705882352941e+00,1497710
8.766316041591023e+03,8.765724063892581e+03,5.882352941176471e-01,1497713
8.767492512179258e+03,8.766542460269261e+03,5.882352941176471e-01,1497715
8.768080747473376e+03,8.762425513869422e+03,1.764705882352941e+00,1497711
8.769257218061611e+03,8.765973491880571e+03,1.764705882352941e+00,1497714
8.773746121898861e+03,8.773157886604743e+03,5.882352941176471e-01,1497716
8.777772424531329e+03,8.776007718648976e+03,1.764705882352941e+00,1497717
8.778460351296256e+03,8.777872116002139e+03,5.882352941176471e-01,1497718
8.780698289870921e+03,8.780110054576803e+03,5.882352941176471e-01,1497721
8.782151130711233e+03,8.781562895417115e+03,5.882352941176471e-01,1497722
8.782770887815181e+03,8.782182652521064e+03,5.882352941176471e-01,1497723
8.783373366716584e+03,8.782231707290626e+03,5.882352941176471e-01,1497724
8.784549837304819e+03,8.782799375029751e+03,5.882352941176471e-01,1497726
8.785053445677929e+03,8.778568613835350e+03,1.764705882352941e+00,1497719
8.785873116403387e+03,8.785284881109270e+03,5.882352941176471e-01,1497728
8.786461351697505e+03,8.785405813293508e+03,5.882352941176471e-01,1497729
8.789171092736752e+03,8.787183476585087e+03,5.882352941176471e-01,1497733
8.789171092736752e+03,8.787086595262715e+03,5.882352941176471e-01,1497732
8.789981673522842e+03,8.789393438228724e+03,5.882352941176471e-01,1497734
8.790608745847037e+03,8.790020510552920e+03,5.882352941176471e-01,1497735
8.791196981141155e+03,8.790105048391743e+03,5.882352941176471e-01,1497736
8.791524033913223e+03,8.783182167879379e+03,1.764705882352941e+00,1497727
8.792282674828390e+03,8.791694439534272e+03,5.882352941176471e-01,1497737
8.794601989595073e+03,8.794013754300956e+03,5.882352941176471e-01,1497739
8.795053445677929e+03,8.786733342353426e+03,1.764705882352941e+00,1497730
8.796081603926228e+03,8.795493368632110e+03,5.882352941176471e-01,1497740
8.797862539328901e+03,8.796874133336947e+03,5.882352941176471e-01,1497743
8.798814921651997e+03,8.798226686357880e+03,5.882352941176471e-01,1497744
8.799991392240232e+03,8.798505188730624e+03,5.882352941176471e-01,1497746
8.799991392240232e+03,8.798354324090577e+03,5.882352941176471e-01,1497745
8.800347563324987e+03,8.791761457263751e+03,1.764705882352941e+00,1497738
8.800935798619105e+03,8.800216496755412e+03,5.882352941176471e-01,1497747
8.802064074651542e+03,8.796069164679987e+03,1.176470588235294e+00,1497741
8.802652309945660e+03,8.802015880095743e+03,5.882352941176471e-01,1497748
8.803755807906148e+03,8.803167572612031e+03,5.882352941176471e-01,1497749
8.804344043200266e+03,8.803585018242997e+03,5.882352941176471e-01,1497750
8.808773349494265e+03,8.807596878906030e+03,1.176470588235294e+00,1497751
8.809607253892531e+03,8.809019018598413e+03,5.882352941176471e-01,1497752
8.811260304066304e+03,8.810083833478069e+03,1.176470588235294e+00,1497753
8.814531451432608e+03,8.812766745550255e+03,1.764705882352941e+00,1497754
8.815119686726725e+03,8.814310523505216e+03,5.882352941176471e-01,1497755
8.816296157314961e+03,8.815638781997350e+03,5.882352941176471e-01,1497757
8.819118795837870e+03,8.818530560543752e+03,5.882352941176471e-01,1497762
8.820425303248382e+03,8.819378869482423e+03,5.882352941176471e-01,1497765
8.821077305203634e+03,8.820292362665571e+03,5.882352941176471e-01,1497766
8.821847673529849e+03,8.820552836570652e+03,5.882352941176471e-01,1497768
8.822922710774327e+03,8.821441571267829e+03,5.882352941176471e-01,1497770
8.825578254988144e+03,8.824794999240414e+03,5.882352941176471e-01,1497775
8.826624442177448e+03,8.826036206883330e+03,5.882352941176471e-01,1497776
8.828285225066144e+03,8.827612022103741e+03,5.882352941176471e-01,1497777
8.828873460360261e+03,8.815028950612926e+03,1.764705882352941e+00,1497756
8.831546648835268e+03,8.830869084209289e+03,5.882352941176471e-01,1497778
8.833311354717621e+03,8.818906627701517e+03,1.764705882352941e+00,1497763
8.835599866104304e+03,8.834110380855521e+03,5.882352941176471e-01,1497782
8.836592747066247e+03,8.836004511772130e+03,5.882352941176471e-01,1497784
8.837429001776444e+03,8.831139103101491e+03,1.764705882352941e+00,1497779
8.839395674147931e+03,8.838807438853814e+03,5.882352941176471e-01,1497785
8.840958413541150e+03,8.833835160221951e+03,1.764705882352941e+00,1497781
8.841570658037834e+03,8.840982422743716e+03,5.882352941176471e-01,1497788
8.842578710311999e+03,8.841990475017881e+03,5.882352941176471e-01,1497789
8.843311354717621e+03,8.838878557101189e+03,1.176470588235294e+00,1497786
8.844112527772474e+03,8.843524292478356e+03,5.882352941176471e-01,1497790
8.844487825305856e+03,8.840002862287193e+03,1.764705882352941e+00,1497787
8.845194873737738e+03,8.844606638443620e+03,5.882352941176471e-01,1497791
8.847718397399379e+03,8.847130162105261e+03,5.882352941176471e-01,1497793
8.848306632693496e+03,8.847455838990226e+03,5.882352941176471e-01,1497794
8.848906316519891e+03,8.847827048436733e+03,5.882352941176471e-01,1497795
8.850671022402244e+03,8.849779112647943e+03,5.882352941176471e-01,1497799
8.851187356127170e+03,8.846470025241952e+03,1.176470588235294e+00,1497792
8.852363826715405e+03,8.849333651119194e+03,1.176470588235294e+00,1497798
8.852363826715405e+03,8.848329529758050e+03,1.176470588235294e+00,1497797
8.854251629147780e+03,8.853663393853663e+03,5.882352941176471e-01,1497801
8.854839864441898e+03,8.853960234338576e+03,5.882352941176471e-01,1497802
8.855428099736016e+03,8.854422286536784e+03,5.882352941176471e-01,1497803
8.855964614342034e+03,8.852435202577328e+03,1.764705882352941e+00,1497800
8.856904459732981e+03,8.856316224438863e+03,5.882352941176471e-01,1497804
8.857652670042211e+03,8.856577434639049e+03,5.882352941176471e-01,1497805
8.858240905336328e+03,8.857224409763206e+03,5.882352941176471e-01,1497807
8.863138575603167e+03,8.861373869720814e+03,1.764705882352941e+00,1497808
8.867537747705763e+03,8.865773041823410e+03,1.764705882352941e+00,1497809
8.868357863568057e+03,8.867769628273940e+03,5.882352941176471e-01,1497810
8.870032887570307e+03,8.868731868200010e+03,5.882352941176471e-01,1497812
8.870621122864425e+03,8.869799355191998e+03,5.882352941176471e-01,1497814
8.871797593452660e+03,8.868501714066263e+03,1.764705882352941e+00,1497811
8.873122230810264e+03,8.871945760222029e+03,1.176470588235294e+00,1497815
8.875862950735848e+03,8.875011271343337e+03,5.882352941176471e-01,1497817
8.876451186029965e+03,8.874686480147612e+03,1.176470588235294e+00,1497816
8.877974782734319e+03,8.877386547440201e+03,5.882352941176471e-01,1497818
8.878918681832576e+03,8.878330446538459e+03,5.882352941176471e-01,1497819
8.880683387714929e+03,8.878827041696067e+03,1.176470588235294e+00,1497820
8.881859858303164e+03,8.879791800887294e+03,1.764705882352941e+00,1497821
8.883503664437928e+03,8.882915429143811e+03,5.882352941176471e-01,1497823
8.885263243260595e+03,8.882322066790007e+03,1.764705882352941e+00,1497822
8.886439713848831e+03,8.885775796885373e+03,5.882352941176471e-01,1497825
8.887027949142948e+03,8.883649953918284e+03,1.764705882352941e+00,1497824
8.887686253649012e+03,8.887098018354894e+03,5.882352941176471e-01,1497826
8.888807533625362e+03,8.888219298331244e+03,5.882352941176471e-01,1497827
8.891825453585447e+03,8.890648982997212e+03,1.176470588235294e+00,1497828
8.892626935627764e+03,8.892038700333646e+03,5.882352941176471e-01,1497829
8.894748693785921e+03,8.894160458491803e+03,5.882352941176471e-01,1497830
8.899743376280049e+03,8.899155140985931e+03,5.882352941176471e-01,1497832
8.900331611574166e+03,8.899296512143759e+03,5.882352941176471e-01,1497833
8.900950736954736e+03,8.900362501660618e+03,5.882352941176471e-01,1497834
8.901307182650712e+03,8.898366006180124e+03,1.176470588235294e+00,1497831
8.903071888533065e+03,8.902477560980387e+03,5.882352941176471e-01,1497836
8.903660123827183e+03,8.901197600540190e+03,1.764705882352941e+00,1497835
8.909912289597615e+03,8.909324054303497e+03,5.882352941176471e-01,1497837
8.912761874763825e+03,8.911528841390236e+03,5.882352941176471e-01,1497843
8.912761874763825e+03,8.911237001454830e+03,5.882352941176471e-01,1497842
8.913560386528157e+03,8.912972151234040e+03,5.882352941176471e-01,1497844
8.914526580646178e+03,8.910425912430380e+03,1.176470588235294e+00,1497840
8.915114815940296e+03,8.909566106812962e+03,1.764705882352941e+00,1497838
8.917377741695431e+03,8.914928431308009e+03,1.176470588235294e+00,1497845
8.918888128907253e+03,8.918299893613135e+03,5.882352941176471e-01,1497848
8.919730682871901e+03,8.917287726274095e+03,1.764705882352941e+00,1497847
8.921114530509945e+03,8.920526295215828e+03,5.882352941176471e-01,1497849
8.922879236392298e+03,8.920935767978529e+03,1.176470588235294e+00,1497850
8.924055706980534e+03,8.921706582836606e+03,1.764705882352941e+00,1497851
8.926963040134706e+03,8.926374804840588e+03,5.882352941176471e-01,1497852
8.928300866878185e+03,8.927151289197663e+03,5.882352941176471e-01,1497854
8.929767537967172e+03,8.929179302673054e+03,5.882352941176471e-01,1497856
8.931136010776672e+03,8.930441742910454e+03,5.882352941176471e-01,1497857
8.931909793448958e+03,8.931321558154841e+03,5.882352941176471e-01,1497858
8.933488951953143e+03,8.927124396289949e+03,1.764705882352941e+00,1497853
8.936430128423731e+03,8.931596874635122e+03,1.764705882352941e+00,1497859
8.938783069600202e+03,8.933897343261382e+03,1.764705882352941e+00,1497861
8.939371304894319e+03,8.938476264889826e+03,5.882352941176471e-01,1497864
8.940547775482555e+03,8.937070819131973e+03,1.764705882352941e+00,1497863
8.943994296317783e+03,8.942229590435430e+03,1.764705882352941e+00,1497865
8.945319211616409e+03,8.944222458019650e+03,5.882352941176471e-01,1497867
8.946782246660917e+03,8.946194011366800e+03,5.882352941176471e-01,1497869
8.948500758541088e+03,8.947435511477232e+03,5.882352941176471e-01,1497871
8.949677229129323e+03,8.948676693263297e+03,5.882352941176471e-01,1497873
8.949973260991022e+03,8.944142741028174e+03,1.176470588235294e+00,1497866
8.950561496285140e+03,8.949921428012694e+03,5.882352941176471e-01,1497874
8.951737966873375e+03,8.948213552557028e+03,1.176470588235294e+00,1497872
8.951737966873375e+03,8.947324287952852e+03,1.176470588235294e+00,1497870
8.953520140906602e+03,8.952931905612484e+03,5.882352941176471e-01,1497875
8.955662510422195e+03,8.955074275128077e+03,5.882352941176471e-01,1497876
8.957972007715190e+03,8.957383772421073e+03,5.882352941176471e-01,1497877
8.958948038287313e+03,8.957528634871412e+03,5.882352941176471e-01,1497878
8.959536273581431e+03,8.958747598271200e+03,5.882352941176471e-01,1497880
8.961439186238770e+03,8.960689431348627e+03,5.882352941176471e-01,1497882
8.962027421532888e+03,8.961195859171501e+03,5.882352941176471e-01,1497883
8.963980355144316e+03,8.963392119850199e+03,5.882352941176471e-01,1497885
8.964380362709358e+03,8.960262715650535e+03,1.764705882352941e+00,1497881
8.965556833297593e+03,8.962156656460962e+03,1.764705882352941e+00,1497884
8.967910158971798e+03,8.966882600281536e+03,5.882352941176471e-01,1497888
8.968652987784215e+03,8.968064752490098e+03,5.882352941176471e-01,1497889
8.969086245062299e+03,8.965234421966934e+03,1.764705882352941e+00,1497886
8.970262715650535e+03,8.966733688383563e+03,1.764705882352941e+00,1497887
8.971011548361460e+03,8.970423313067343e+03,5.882352941176471e-01,1497890
8.975689684992132e+03,8.972989760655693e+03,1.176470588235294e+00,1497892
8.976277920286250e+03,8.972748508521544e+03,1.764705882352941e+00,1497891
8.977454390874485e+03,8.974567904390250e+03,1.176470588235294e+00,1497893
8.978630861462720e+03,8.976303812918633e+03,1.764705882352941e+00,1497894
8.980395567345073e+03,8.978497225174322e+03,1.764705882352941e+00,1497895
8.981262778893961e+03,8.980674543599843e+03,5.882352941176471e-01,1497896
8.985908667156261e+03,8.982967490685673e+03,1.764705882352941e+00,1497897
8.987302508910031e+03,8.986714273615913e+03,5.882352941176471e-01,1497899
8.988298382994999e+03,8.987710147700881e+03,5.882352941176471e-01,1497900
8.991154450736065e+03,8.989745726051552e+03,5.882352941176471e-01,1497903
8.992790663229075e+03,8.992097772072172e+03,5.882352941176471e-01,1497905
8.993483215251042e+03,8.992894979956925e+03,5.882352941176471e-01,1497906
8.994071450545160e+03,8.993384710163228e+03,5.882352941176471e-01,1497907
8.994659685839278e+03,8.993606115918886e+03,5.882352941176471e-01,1497908
8.995247921133395e+03,8.994105252970896e+03,5.882352941176471e-01,1497909
8.995940361709374e+03,8.995352126415256e+03,5.882352941176471e-01,1497910
8.996528597003491e+03,8.995547283342484e+03,5.882352941176471e-01,1497911
8.997705067591727e+03,8.996475347128488e+03,5.882352941176471e-01,1497913
8.997705067591727e+03,8.996313326731860e+03,5.882352941176471e-01,1497912
8.998213274265477e+03,8.989389744853712e+03,1.176470588235294e+00,1497901
8.998801509559595e+03,8.989500603596417e+03,1.764705882352941e+00,1497902
8.999389744853712e+03,8.991614192640839e+03,1.176470588235294e+00,1497904
9.000943301759401e+03,9.000355066465283e+03,5.882352941176471e-01,1497914
9.001531537053518e+03,9.000514468437745e+03,5.882352941176471e-01,1497915
9.002975950080073e+03,9.001758185478695e+03,5.882352941176471e-01,1497917
9.004982054602244e+03,9.003705787143845e+03,5.882352941176471e-01,1497921
9.005570289896361e+03,9.004858534710175e+03,5.882352941176471e-01,1497923
9.006580343540682e+03,9.005992108246564e+03,5.882352941176471e-01,1497924
9.007923231072832e+03,9.001641286650231e+03,1.764705882352941e+00,1497916
9.009195435284196e+03,9.008607199990079e+03,5.882352941176471e-01,1497925
9.011323876880364e+03,9.010735641586246e+03,5.882352941176471e-01,1497927
9.012132318149159e+03,9.009779376972688e+03,1.764705882352941e+00,1497926
9.013308788737394e+03,9.012124003797945e+03,5.882352941176471e-01,1497929
9.013308788737394e+03,9.011844523477625e+03,5.882352941176471e-01,1497928
9.016178284752070e+03,9.015328335132049e+03,5.882352941176471e-01,1497933
9.017942990634423e+03,9.014087057901503e+03,1.176470588235294e+00,1497930
9.018531225928541e+03,9.014096096484951e+03,1.764705882352941e+00,1497931
9.020295931810894e+03,9.016536021791906e+03,1.764705882352941e+00,1497934
9.020884167105011e+03,9.019331995723447e+03,1.176470588235294e+00,1497935
9.021583684412619e+03,9.020995449118501e+03,5.882352941176471e-01,1497936
9.024200633657328e+03,9.023308686339318e+03,5.882352941176471e-01,1497938
9.025377104245563e+03,9.023024163069092e+03,1.764705882352941e+00,1497937
9.026756294549280e+03,9.026168059255163e+03,5.882352941176471e-01,1497939
9.027473771098668e+03,9.026705343230410e+03,5.882352941176471e-01,1497940
9.028062006392785e+03,9.026950156432185e+03,5.882352941176471e-01,1497943
9.029180249067558e+03,9.028592013773440e+03,5.882352941176471e-01,1497944
9.029768484361675e+03,9.028709766938997e+03,5.882352941176471e-01,1497945
9.032736578622804e+03,9.030620263021595e+03,1.176470588235294e+00,1497947
9.032736578622804e+03,9.030383637446333e+03,1.176470588235294e+00,1497946
9.034053780613049e+03,9.033465545318931e+03,5.882352941176471e-01,1497948
9.035890324119139e+03,9.034125618236786e+03,1.764705882352941e+00,1497949
9.038051948791783e+03,9.037463713497665e+03,5.882352941176471e-01,1497950
9.039816654674136e+03,9.037642303553553e+03,1.764705882352941e+00,1497951
9.044087427997785e+03,9.043499192703667e+03,5.882352941176471e-01,1497952
9.046521790833738e+03,9.045933555539620e+03,5.882352941176471e-01,1497956
9.047818380182857e+03,9.047057873706642e+03,5.882352941176471e-01,1497958
9.049036281283841e+03,9.043915724794953e+03,1.764705882352941e+00,1497953
9.049624516577959e+03,9.048857280253177e+03,5.882352941176471e-01,1497959
9.050984645139350e+03,9.050396409845232e+03,5.882352941176471e-01,1497961
9.052607903644610e+03,9.052019668350492e+03,5.882352941176471e-01,1497963
9.053742163636782e+03,9.046641909594621e+03,1.764705882352941e+00,1497957
9.054918634225018e+03,9.053662656553680e+03,5.882352941176471e-01,1497965
9.054918634225018e+03,9.053456060844864e+03,5.882352941176471e-01,1497964
9.058448045989723e+03,9.050881683095241e+03,1.176470588235294e+00,1497962
9.059656189640278e+03,9.059067954346160e+03,5.882352941176471e-01,1497971
9.062291110934323e+03,9.061702875640205e+03,5.882352941176471e-01,1497974
9.064330398930900e+03,9.054995137741932e+03,1.764705882352941e+00,1497966
9.065506869519135e+03,9.059813174693988e+03,1.176470588235294e+00,1497972
9.066095104813253e+03,9.060506382980466e+03,1.764705882352941e+00,1497973
9.067491476980484e+03,9.066903241686366e+03,5.882352941176471e-01,1497975
9.068496836256473e+03,9.067908600962355e+03,5.882352941176471e-01,1497976
9.069773710403926e+03,9.068850940483782e+03,5.882352941176471e-01,1497978
9.070361945698044e+03,9.069248952075329e+03,5.882352941176471e-01,1497979
9.070950180992161e+03,9.070081285157228e+03,5.882352941176471e-01,1497980
9.072988786050083e+03,9.071497979343299e+03,5.882352941176471e-01,1497983
9.073638744953681e+03,9.073050509659563e+03,5.882352941176471e-01,1497985
9.075840999190325e+03,9.074699852782866e+03,5.882352941176471e-01,1497987
9.076518197814789e+03,9.071567330576129e+03,1.176470588235294e+00,1497984
9.076518197814789e+03,9.068597239815691e+03,1.176470588235294e+00,1497977
9.077106433108906e+03,9.070572241958098e+03,1.764705882352941e+00,1497981
9.078282903697142e+03,9.074664528602089e+03,1.764705882352941e+00,1497986
9.082235419612452e+03,9.080470713730099e+03,1.176470588235294e+00,1497988
9.083411890200687e+03,9.081382744616664e+03,1.764705882352941e+00,1497989
9.084122230050149e+03,9.083533994756031e+03,5.882352941176471e-01,1497990
9.086653501005649e+03,9.086065265711531e+03,5.882352941176471e-01,1497991
9.087888766486661e+03,9.086915425742777e+03,5.882352941176471e-01,1497993
9.088477001780778e+03,9.087874349883441e+03,5.882352941176471e-01,1497994
9.089065237074896e+03,9.088217173936468e+03,5.882352941176471e-01,1497995
9.090241707663131e+03,9.086712295898425e+03,1.764705882352941e+00,1497992
9.092006413545484e+03,9.091028684464910e+03,5.882352941176471e-01,1497998
9.093234220448646e+03,9.092645985154528e+03,5.882352941176471e-01,1497999
9.093822455742763e+03,9.092807855131837e+03,5.882352941176471e-01,1498000
9.095587161625116e+03,9.093737259665082e+03,5.882352941176471e-01,1498003
9.096620120080010e+03,9.095939708967478e+03,5.882352941176471e-01,1498004
9.097684169870081e+03,9.096361397157658e+03,5.882352941176471e-01,1498005
9.098860640458317e+03,9.090231515236582e+03,1.764705882352941e+00,1497996
9.101213581634787e+03,9.093315377131483e+03,1.764705882352941e+00,1498001
9.104409135400065e+03,9.103820900105948e+03,5.882352941176471e-01,1498010
9.105236447990390e+03,9.102295271519802e+03,1.764705882352941e+00,1498008
9.106412918578625e+03,9.103034961794017e+03,1.764705882352941e+00,1498009
9.109368414100674e+03,9.108191943512439e+03,1.176470588235294e+00,1498011
9.111164209419642e+03,9.110575974125524e+03,5.882352941176471e-01,1498012
9.111848599587133e+03,9.111260364293015e+03,5.882352941176471e-01,1498013
9.113548651628663e+03,9.112145503136743e+03,5.882352941176471e-01,1498015
9.114904042902998e+03,9.113622586388957e+03,5.882352941176471e-01,1498018
9.115492278197116e+03,9.114494728294980e+03,5.882352941176471e-01,1498020
9.116668748785351e+03,9.113483997787841e+03,1.176470588235294e+00,1498017
9.117256984079469e+03,9.111325242386056e+03,1.764705882352941e+00,1498014
9.120000792321057e+03,9.119412557026940e+03,5.882352941176471e-01,1498021
9.121177262909293e+03,9.119730736583429e+03,1.176470588235294e+00,1498022
9.124733212440156e+03,9.123556741851921e+03,1.176470588235294e+00,1498023
9.127327613811537e+03,9.126739378517419e+03,5.882352941176471e-01,1498024
9.128570592515460e+03,9.127394121927225e+03,1.176470588235294e+00,1498025
9.132764355157375e+03,9.131183037519125e+03,5.882352941176471e-01,1498032
9.133940825745610e+03,9.133315545018229e+03,5.882352941176471e-01,1498035
9.134529061039728e+03,9.133396804182962e+03,5.882352941176471e-01,1498036
9.135407879435542e+03,9.134819644141425e+03,5.882352941176471e-01,1498037
9.135996114729660e+03,9.135251836725986e+03,5.882352941176471e-01,1498038
9.138530556670608e+03,9.137680341834665e+03,5.882352941176471e-01,1498040
9.139289440953779e+03,9.138701205659662e+03,5.882352941176471e-01,1498041
9.140851422258064e+03,9.139697730088833e+03,5.882352941176471e-01,1498044
9.141439657552182e+03,9.140444553112470e+03,5.882352941176471e-01,1498046
9.142027892846300e+03,9.141286338444584e+03,5.882352941176471e-01,1498047
9.143738101167542e+03,9.129032148710672e+03,1.764705882352941e+00,1498026
9.144830111293473e+03,9.144241875999356e+03,5.882352941176471e-01,1498048
9.145418346587591e+03,9.144592612257459e+03,5.882352941176471e-01,1498049
9.146585525803484e+03,9.145260408243003e+03,5.882352941176471e-01,1498050
9.147846456854023e+03,9.138929182931484e+03,1.176470588235294e+00,1498042
9.148434692148141e+03,9.137354086082373e+03,1.764705882352941e+00,1498039
9.149022927442259e+03,9.146576234431141e+03,1.176470588235294e+00,1498052
9.150474462857966e+03,9.149886227563849e+03,5.882352941176471e-01,1498053
9.151499590976294e+03,9.150911355682176e+03,5.882352941176471e-01,1498054
9.155315091897244e+03,9.154650348767095e+03,5.882352941176471e-01,1498059
9.155708138225807e+03,9.152255234297133e+03,1.176470588235294e+00,1498055
9.157127542205120e+03,9.156294643077267e+03,5.882352941176471e-01,1498061
9.157715777499238e+03,9.156753190640739e+03,5.882352941176471e-01,1498062
9.158304012793356e+03,9.157158930213692e+03,5.882352941176471e-01,1498063
9.158892248087473e+03,9.157793685557089e+03,5.882352941176471e-01,1498064
9.159480483381591e+03,9.158872985825149e+03,5.882352941176471e-01,1498065
9.160068718675709e+03,9.158904694635229e+03,5.882352941176471e-01,1498066
9.160656953969826e+03,9.159868511515377e+03,5.882352941176471e-01,1498067
9.161930186924621e+03,9.161341951630503e+03,5.882352941176471e-01,1498068
9.162766961755219e+03,9.153038658556806e+03,1.764705882352941e+00,1498056
9.163355197049337e+03,9.162534345150763e+03,5.882352941176471e-01,1498069
9.164531667637572e+03,9.163171721025809e+03,5.882352941176471e-01,1498070
9.166296373519925e+03,9.155951071616885e+03,1.764705882352941e+00,1498060
9.167119144647669e+03,9.166530909353552e+03,5.882352941176471e-01,1498072
9.168650114703977e+03,9.168061879409860e+03,5.882352941176471e-01,1498073
9.169314262995747e+03,9.168726027701629e+03,5.882352941176471e-01,1498074
9.170583312965833e+03,9.169398178893244e+03,5.882352941176471e-01,1498076
9.171171548259950e+03,9.170087657053566e+03,5.882352941176471e-01,1498078
9.171759783554068e+03,9.170666911868980e+03,5.882352941176471e-01,1498079
9.172348018848186e+03,9.169293383066128e+03,1.176470588235294e+00,1498075
9.175454961242190e+03,9.173960127244495e+03,5.882352941176471e-01,1498085
9.177282906521349e+03,9.176694671227231e+03,5.882352941176471e-01,1498088
9.177871141815467e+03,9.176853237400619e+03,5.882352941176471e-01,1498089
9.180160843595131e+03,9.172398307406582e+03,1.764705882352941e+00,1498080
9.180863134066109e+03,9.180274898771991e+03,5.882352941176471e-01,1498091
9.182137371535143e+03,9.181241965491037e+03,5.882352941176471e-01,1498093
9.183016898927183e+03,9.181641560574481e+03,5.882352941176471e-01,1498095
9.183605134221301e+03,9.182719955730988e+03,5.882352941176471e-01,1498097
9.184193369515418e+03,9.183050583365922e+03,5.882352941176471e-01,1498098
9.186407062097759e+03,9.184912268774259e+03,5.882352941176471e-01,1498103
9.188760003274229e+03,9.186738926395076e+03,5.882352941176471e-01,1498108
9.188760003274229e+03,9.186568712862661e+03,5.882352941176471e-01,1498107
9.188760003274229e+03,9.186547385873933e+03,5.882352941176471e-01,1498106
9.189228840844143e+03,9.177951366818459e+03,1.176470588235294e+00,1498090
9.190819818366222e+03,9.190231583072105e+03,5.882352941176471e-01,1498109
9.193752711725420e+03,9.193103805940748e+03,5.882352941176471e-01,1498112
9.195692995308159e+03,9.180868476613453e+03,1.764705882352941e+00,1498092
9.196281230602277e+03,9.195441887943018e+03,5.882352941176471e-01,1498116
9.197115768505234e+03,9.196527533211117e+03,5.882352941176471e-01,1498117
9.198471163592063e+03,9.197882928297945e+03,5.882352941176471e-01,1498118
9.199059398886180e+03,9.198233973066036e+03,5.882352941176471e-01,1498119
9.200398877661100e+03,9.194103867126193e+03,1.176470588235294e+00,1498115
9.201575348249336e+03,9.190257630883354e+03,1.764705882352941e+00,1498110
9.202751818837571e+03,9.200457916208321e+03,1.764705882352941e+00,1498120
9.208045936484630e+03,9.203871608737595e+03,1.176470588235294e+00,1498123
9.208045936484630e+03,9.202968000957614e+03,1.176470588235294e+00,1498122
9.208634171778747e+03,9.202744963679352e+03,1.764705882352941e+00,1498121
9.209902592426221e+03,9.209314357132103e+03,5.882352941176471e-01,1498128
9.212163583543453e+03,9.205913379762792e+03,1.764705882352941e+00,1498124
9.212751818837571e+03,9.212146646819613e+03,5.882352941176471e-01,1498129
9.214182773820600e+03,9.213594538526482e+03,5.882352941176471e-01,1498130
9.214516524719924e+03,9.208683329357425e+03,1.764705882352941e+00,1498127
9.217799866798421e+03,9.214858690327833e+03,1.764705882352941e+00,1498131
9.219318808655369e+03,9.218142338067133e+03,1.176470588235294e+00,1498133
9.220458618477133e+03,9.219870383183015e+03,5.882352941176471e-01,1498134
9.222665151659829e+03,9.221322205431799e+03,5.882352941176471e-01,1498138
9.224331793147614e+03,9.223743557853497e+03,5.882352941176471e-01,1498141
9.224920028441732e+03,9.224096683919495e+03,5.882352941176471e-01,1498142
9.225508263735850e+03,9.224584855871546e+03,5.882352941176471e-01,1498143
9.226684734324085e+03,9.225932260300932e+03,5.882352941176471e-01,1498145
9.227959269306888e+03,9.222263138970601e+03,1.176470588235294e+00,1498140
9.228547504601006e+03,9.220694476207493e+03,1.764705882352941e+00,1498135
9.229380130306767e+03,9.228791895012649e+03,5.882352941176471e-01,1498146
9.230312210483359e+03,9.225346699554098e+03,1.764705882352941e+00,1498144
9.230900445777476e+03,9.230105350949645e+03,5.882352941176471e-01,1498147
9.238648926594442e+03,9.238060691300324e+03,5.882352941176471e-01,1498154
9.239099081180836e+03,9.232674394747491e+03,1.764705882352941e+00,1498148
9.239687316474954e+03,9.238812727680022e+03,5.882352941176471e-01,1498155
9.241157194463318e+03,9.240568959169200e+03,5.882352941176471e-01,1498156
9.241969636153218e+03,9.241310779360894e+03,5.882352941176471e-01,1498157
9.242812379188631e+03,9.241406929587388e+03,5.882352941176471e-01,1498158
9.243988849776867e+03,9.236738643340260e+03,1.764705882352941e+00,1498152
9.244577085070984e+03,9.242351397765162e+03,1.176470588235294e+00,1498161
9.245449258406195e+03,9.244861023112077e+03,5.882352941176471e-01,1498162
9.246392518428564e+03,9.244993329051193e+03,5.882352941176471e-01,1498163
9.247987242486724e+03,9.246425113586689e+03,5.882352941176471e-01,1498166
9.248662078217285e+03,9.247608133927570e+03,5.882352941176471e-01,1498169
9.250165916957359e+03,9.249577681663241e+03,5.882352941176471e-01,1498172
9.251015019393756e+03,9.248160443359611e+03,1.176470588235294e+00,1498171
9.251715178247755e+03,9.251126942953637e+03,5.882352941176471e-01,1498173
9.252191489981991e+03,9.246159307862697e+03,1.764705882352941e+00,1498165
9.253073196540907e+03,9.252009038391171e+03,5.882352941176471e-01,1498174
9.253916465182450e+03,9.252778432511587e+03,5.882352941176471e-01,1498176
9.255092935770685e+03,9.253711756162604e+03,5.882352941176471e-01,1498179
9.255730325173760e+03,9.255142089879642e+03,5.882352941176471e-01,1498180
9.256549005282152e+03,9.255960769988035e+03,5.882352941176471e-01,1498181
9.257137240576270e+03,9.256367407614461e+03,5.882352941176471e-01,1498182
9.257976830923135e+03,9.256607614196685e+03,5.882352941176471e-01,1498183
9.259153301511371e+03,9.258019671991663e+03,5.882352941176471e-01,1498186
9.260050173176374e+03,9.253583263235758e+03,1.176470588235294e+00,1498178
9.261513250362344e+03,9.260925015068227e+03,5.882352941176471e-01,1498188
9.262101485656462e+03,9.261228587975457e+03,5.882352941176471e-01,1498189
9.264094150268854e+03,9.263385665158422e+03,5.882352941176471e-01,1498192
9.264682385562972e+03,9.264051023000797e+03,5.882352941176471e-01,1498193
9.265270620857089e+03,9.257639950681765e+03,1.764705882352941e+00,1498185
9.267989332965198e+03,9.266343213095005e+03,5.882352941176471e-01,1498196
9.268577568259315e+03,9.267977128433639e+03,5.882352941176471e-01,1498198
9.269274092662624e+03,9.268685857368506e+03,5.882352941176471e-01,1498199
9.271871657197411e+03,9.270282191837833e+03,5.882352941176471e-01,1498204
9.271871657197411e+03,9.270108722830129e+03,5.882352941176471e-01,1498203
9.272882213032269e+03,9.272268944106288e+03,5.882352941176471e-01,1498205
9.273470448326386e+03,9.272586540668720e+03,5.882352941176471e-01,1498206
9.275441839753158e+03,9.274428005363013e+03,5.882352941176471e-01,1498209
9.275823389502857e+03,9.262255774420157e+03,1.764705882352941e+00,1498190
9.279812565736197e+03,9.279198636276983e+03,5.882352941176471e-01,1498210
9.280595817508671e+03,9.280007582214554e+03,5.882352941176471e-01,1498211
9.281184052802789e+03,9.280476224134132e+03,5.882352941176471e-01,1498212
9.281577271618550e+03,9.265648596320285e+03,1.764705882352941e+00,1498194
9.282279987787288e+03,9.281691752493170e+03,5.882352941176471e-01,1498213
9.282909548097472e+03,9.282071456658657e+03,5.882352941176471e-01,1498214
9.283497783391590e+03,9.282362637819421e+03,5.882352941176471e-01,1498216
9.285312364280474e+03,9.284724128986357e+03,5.882352941176471e-01,1498217
9.286488834868710e+03,9.285336588421619e+03,5.882352941176471e-01,1498219
9.287665305456945e+03,9.285260476765767e+03,1.764705882352941e+00,1498218
9.292086697289308e+03,9.290910226701073e+03,1.176470588235294e+00,1498220
9.292679214199751e+03,9.292090978905634e+03,5.882352941176471e-01,1498221
9.293267449493869e+03,9.292151730432325e+03,5.882352941176471e-01,1498222
9.297158021239791e+03,9.296569785945674e+03,5.882352941176471e-01,1498225
9.298334491828027e+03,9.297052337283110e+03,5.882352941176471e-01,1498227
9.299632113897859e+03,9.299043878603741e+03,5.882352941176471e-01,1498228
9.300270199324934e+03,9.299681964030817e+03,5.882352941176471e-01,1498229
9.301127103694217e+03,9.295244750753040e+03,1.764705882352941e+00,1498223
9.303480044870687e+03,9.296776360833938e+03,1.764705882352941e+00,1498226
9.304923937668142e+03,9.304335702374024e+03,5.882352941176471e-01,1498231
9.305512172962259e+03,9.304850066311218e+03,5.882352941176471e-01,1498232
9.307625471882195e+03,9.306917415459810e+03,5.882352941176471e-01,1498236
9.309070699547635e+03,9.308226882560722e+03,5.882352941176471e-01,1498238
9.309658934841752e+03,9.309060666988236e+03,5.882352941176471e-01,1498239
9.310392343710146e+03,9.309145924041559e+03,5.882352941176471e-01,1498240
9.311888292515295e+03,9.304974809062587e+03,1.764705882352941e+00,1498233
9.313064763103530e+03,9.311636250739388e+03,5.882352941176471e-01,1498244
9.313064763103530e+03,9.311602903480371e+03,5.882352941176471e-01,1498243
9.314292186902717e+03,9.313703951608599e+03,5.882352941176471e-01,1498245
9.315417704280001e+03,9.309949281990304e+03,1.176470588235294e+00,1498242
9.316005939574118e+03,9.307894228959399e+03,1.764705882352941e+00,1498237
9.316796303035644e+03,9.316208067741526e+03,5.882352941176471e-01,1498247
9.317384538329762e+03,9.316601069853600e+03,5.882352941176471e-01,1498248
9.318010853448225e+03,9.316953373830070e+03,5.882352941176471e-01,1498249
9.318599088742342e+03,9.317460697978452e+03,5.882352941176471e-01,1498251
9.319573431163169e+03,9.314031908988216e+03,1.764705882352941e+00,1498246
9.321107902027164e+03,9.320519666733047e+03,5.882352941176471e-01,1498253
9.321338137045522e+03,9.319402126403697e+03,1.176470588235294e+00,1498252
9.322220882037124e+03,9.321632646743006e+03,5.882352941176471e-01,1498254
9.322809117331241e+03,9.321856644503419e+03,5.882352941176471e-01,1498255
9.323397352625359e+03,9.322237269999673e+03,5.882352941176471e-01,1498256
9.325188433714687e+03,9.323423727832334e+03,1.764705882352941e+00,1498257
9.327287538181689e+03,9.325522832299337e+03,1.764705882352941e+00,1498258
9.328205526435566e+03,9.327617291141448e+03,5.882352941176471e-01,1498259
9.329220259763597e+03,9.328632024469480e+03,5.882352941176471e-01,1498260
9.333042904998802e+03,9.332404664840677e+03,5.882352941176471e-01,1498263
9.334882674516285e+03,9.334254102830256e+03,5.882352941176471e-01,1498266
9.337748787351743e+03,9.331278199116449e+03,1.764705882352941e+00,1498261
9.341278199116449e+03,9.337645581354425e+03,1.176470588235294e+00,1498268
9.341984417473215e+03,9.341396182179097e+03,5.882352941176471e-01,1498271
9.342454669704685e+03,9.333706203928050e+03,1.764705882352941e+00,1498265
9.343042904998802e+03,9.342316237657458e+03,5.882352941176471e-01,1498272
9.346266775153990e+03,9.344527789809968e+03,5.882352941176471e-01,1498275
9.347160552057626e+03,9.338660652728857e+03,1.764705882352941e+00,1498269
9.350188113859725e+03,9.348259122203960e+03,5.882352941176471e-01,1498280
9.350188113859725e+03,9.348001216090607e+03,5.882352941176471e-01,1498279
9.351866434410567e+03,9.343127610127905e+03,1.764705882352941e+00,1498273
9.352518833855685e+03,9.351930598561568e+03,5.882352941176471e-01,1498281
9.353854267133971e+03,9.353266031839854e+03,5.882352941176471e-01,1498282
9.354807610881155e+03,9.347939787617965e+03,1.176470588235294e+00,1498278
9.355395846175273e+03,9.347835172683254e+03,1.764705882352941e+00,1498277
9.356784561806536e+03,9.356196326512418e+03,5.882352941176471e-01,1498284
9.357372797100653e+03,9.356711471032135e+03,5.882352941176471e-01,1498285
9.357748787351743e+03,9.353413254568007e+03,1.764705882352941e+00,1498283
9.359042785768371e+03,9.358454550474253e+03,5.882352941176471e-01,1498286
9.361159185493935e+03,9.359982714905700e+03,1.176470588235294e+00,1498287
9.361747420788053e+03,9.361142606716565e+03,5.882352941176471e-01,1498288
9.363183651712845e+03,9.362595416418727e+03,5.882352941176471e-01,1498289
9.364337075171607e+03,9.363748839877489e+03,5.882352941176471e-01,1498290
9.365529303033505e+03,9.364941067739387e+03,5.882352941176471e-01,1498291
9.367379820232116e+03,9.366791584937998e+03,5.882352941176471e-01,1498292
9.371178241902996e+03,9.370590006608879e+03,5.882352941176471e-01,1498293
9.371804685466042e+03,9.370600445451872e+03,5.882352941176471e-01,1498294
9.372392920760159e+03,9.371254658440851e+03,5.882352941176471e-01,1498296
9.374536835365698e+03,9.373948600071580e+03,5.882352941176471e-01,1498298
9.375125070659815e+03,9.373952952679706e+03,5.882352941176471e-01,1498299
9.375609076417440e+03,9.372667899946851e+03,1.764705882352941e+00,1498297
9.377558215421403e+03,9.376820713059193e+03,5.882352941176471e-01,1498302
9.383269256399220e+03,9.375793509539050e+03,1.764705882352941e+00,1498300
9.385033962281573e+03,9.380384565475053e+03,1.764705882352941e+00,1498306
9.389045951637528e+03,9.388457716343411e+03,5.882352941176471e-01,1498308
9.391773112715826e+03,9.391184877421708e+03,5.882352941176471e-01,1498309
9.392361348009943e+03,9.391225649315287e+03,5.882352941176471e-01,1498310
9.397520391691138e+03,9.395951402375664e+03,5.882352941176471e-01,1498315
9.398108626985256e+03,9.397359438842479e+03,5.882352941176471e-01,1498317
9.398696862279374e+03,9.398080639910848e+03,5.882352941176471e-01,1498318
9.400458111117815e+03,9.399846782810942e+03,5.882352941176471e-01,1498319
9.401046346411933e+03,9.393606426462575e+03,1.764705882352941e+00,1498311
9.401634581706051e+03,9.401027984929828e+03,5.882352941176471e-01,1498320
9.403975349088969e+03,9.403387113794852e+03,5.882352941176471e-01,1498323
9.404563584383087e+03,9.403909725761030e+03,5.882352941176471e-01,1498324
9.405752228764874e+03,9.395916638657445e+03,1.176470588235294e+00,1498314
9.406340464058992e+03,9.401090709668675e+03,1.764705882352941e+00,1498321
9.406928699353110e+03,9.406047372254587e+03,5.882352941176471e-01,1498325
9.408740742359309e+03,9.407943101323537e+03,5.882352941176471e-01,1498327
9.409377614253062e+03,9.408789378958945e+03,5.882352941176471e-01,1498328
9.410003886856932e+03,9.409415651562815e+03,5.882352941176471e-01,1498329
9.411093683535780e+03,9.407564271771074e+03,1.176470588235294e+00,1498326
9.412270154124015e+03,9.410312842292534e+03,1.764705882352941e+00,1498330
9.412858389418132e+03,9.411981424786323e+03,5.882352941176471e-01,1498331
9.413820707147621e+03,9.412541156826547e+03,5.882352941176471e-01,1498332
9.414408942441738e+03,9.413419513071188e+03,5.882352941176471e-01,1498335
9.415585413029973e+03,9.414328619208246e+03,1.176470588235294e+00,1498336
9.419545402630637e+03,9.418368932042402e+03,1.176470588235294e+00,1498337
9.422214733695323e+03,9.421404143729567e+03,5.882352941176471e-01,1498339
9.424567674871794e+03,9.421038263107088e+03,1.764705882352941e+00,1498338
9.425155910165911e+03,9.424551836930927e+03,5.882352941176471e-01,1498341
9.426332380754147e+03,9.424663950276269e+03,5.882352941176471e-01,1498342
9.427020360538566e+03,9.426432125244449e+03,5.882352941176471e-01,1498344
9.428097086636500e+03,9.425073808740223e+03,1.764705882352941e+00,1498343
9.432207161417296e+03,9.431030690829061e+03,1.176470588235294e+00,1498345
9.434709006556804e+03,9.433338170031953e+03,5.882352941176471e-01,1498348
9.435473117279622e+03,9.434884881985504e+03,5.882352941176471e-01,1498349
9.437061947733274e+03,9.432944300674451e+03,1.764705882352941e+00,1498346
9.437650183027392e+03,9.437057992339191e+03,5.882352941176471e-01,1498350
9.438238418321510e+03,9.437491639368883e+03,5.882352941176471e-01,1498351
9.438826653615627e+03,9.438096359063744e+03,5.882352941176471e-01,1498352
9.440048326489877e+03,9.438360197517790e+03,5.882352941176471e-01,1498353
9.441497353658044e+03,9.440909118363926e+03,5.882352941176471e-01,1498357
9.442085588952162e+03,9.440999965044231e+03,5.882352941176471e-01,1498358
9.443642210282946e+03,9.442865492110469e+03,5.882352941176471e-01,1498360
9.444274775300074e+03,9.443099850687153e+03,5.882352941176471e-01,1498361
9.445386773859946e+03,9.439776809985825e+03,1.764705882352941e+00,1498356
9.446563244448181e+03,9.443730869728967e+03,1.176470588235294e+00,1498363
9.447151479742299e+03,9.442465739694711e+03,1.764705882352941e+00,1498359
9.447787035017653e+03,9.446898982235775e+03,5.882352941176471e-01,1498364
9.449245293892861e+03,9.447222459714154e+03,5.882352941176471e-01,1498367
9.450421764481097e+03,9.449404359244392e+03,5.882352941176471e-01,1498371
9.451598235069332e+03,9.449092070389289e+03,1.764705882352941e+00,1498370
9.456130362270241e+03,9.455542126976123e+03,5.882352941176471e-01,1498373
9.457306832858476e+03,9.456697641008841e+03,5.882352941176471e-01,1498375
9.458284274415211e+03,9.454754862650506e+03,1.764705882352941e+00,1498372
9.459460745003447e+03,9.456116831817143e+03,1.764705882352941e+00,1498374
9.460048980297564e+03,9.459405308751785e+03,5.882352941176471e-01,1498376
9.463690059570927e+03,9.463101824276809e+03,5.882352941176471e-01,1498379
9.464278294865044e+03,9.463213973107263e+03,5.882352941176471e-01,1498380
9.464962265201664e+03,9.464374029907546e+03,5.882352941176471e-01,1498381
9.466541161865975e+03,9.465716649320761e+03,5.882352941176471e-01,1498383
9.468879666543436e+03,9.468291431249318e+03,5.882352941176471e-01,1498386
9.470644372425789e+03,9.468685071127224e+03,5.882352941176471e-01,1498388
9.471094391589872e+03,9.461682626883990e+03,1.764705882352941e+00,1498377
9.473737200462237e+03,9.473148965168119e+03,5.882352941176471e-01,1498390
9.475729182754993e+03,9.465364691277740e+03,1.764705882352941e+00,1498382
9.476317418049111e+03,9.475658091567173e+03,5.882352941176471e-01,1498391
9.477931952483665e+03,9.477193545741748e+03,5.882352941176471e-01,1498394
9.478520187777782e+03,9.476154905349016e+03,1.176470588235294e+00,1498392
9.481230198886665e+03,9.480641963592547e+03,5.882352941176471e-01,1498395
9.484387319074216e+03,9.483366929137829e+03,5.882352941176471e-01,1498397
9.484978367193289e+03,9.483881985891606e+03,5.882352941176471e-01,1498398
9.485566602487406e+03,9.484392944724126e+03,5.882352941176471e-01,1498400
9.486833811287274e+03,9.486110819312126e+03,5.882352941176471e-01,1498402
9.487919543663877e+03,9.483210848485980e+03,1.764705882352941e+00,1498396
9.488630576457691e+03,9.488042341163573e+03,5.882352941176471e-01,1498403
9.490348520932857e+03,9.489756062404813e+03,5.882352941176471e-01,1498405
9.490860720134465e+03,9.485657340699039e+03,1.764705882352941e+00,1498401
9.491588381215794e+03,9.491000145921676e+03,5.882352941176471e-01,1498406
9.492625426016818e+03,9.489172050344621e+03,1.764705882352941e+00,1498404
9.493658167114338e+03,9.493069931820220e+03,5.882352941176471e-01,1498407
9.495443979182471e+03,9.494855743888353e+03,5.882352941176471e-01,1498408
9.496032214476589e+03,9.495035652507055e+03,5.882352941176471e-01,1498409
9.496785744008319e+03,9.496197508714201e+03,5.882352941176471e-01,1498410
9.497591812374244e+03,9.497003577080127e+03,5.882352941176471e-01,1498411
9.498920071556603e+03,9.497957471065589e+03,5.882352941176471e-01,1498413
9.499658562735882e+03,9.499070327441764e+03,5.882352941176471e-01,1498414
9.500423893728857e+03,9.499835658434739e+03,5.882352941176471e-01,1498415
9.501012129022975e+03,9.500072747146604e+03,5.882352941176471e-01,1498416
9.503152303248178e+03,9.501899018256556e+03,5.882352941176471e-01,1498421
9.505393656377647e+03,9.504122457337694e+03,5.882352941176471e-01,1498426
9.505981891671764e+03,9.505091108932945e+03,5.882352941176471e-01,1498428
9.506831010675981e+03,9.497743600968368e+03,1.764705882352941e+00,1498412
9.507852935121128e+03,9.507264699827011e+03,5.882352941176471e-01,1498429
9.510343035337618e+03,9.509749004342478e+03,5.882352941176471e-01,1498430
9.511887595112754e+03,9.511079213711419e+03,5.882352941176471e-01,1498433
9.512475830406872e+03,9.511520700898293e+03,5.882352941176471e-01,1498434
9.513652300995107e+03,9.500554778364423e+03,1.764705882352941e+00,1498417
9.516625669090589e+03,9.515848985140030e+03,5.882352941176471e-01,1498438
9.517769948053931e+03,9.509947828674183e+03,1.764705882352941e+00,1498431
9.519236724132541e+03,9.518118481313750e+03,5.882352941176471e-01,1498441
9.519980234987707e+03,9.519391999693589e+03,5.882352941176471e-01,1498442
9.521716351505860e+03,9.513880989963846e+03,1.176470588235294e+00,1498436
9.525096344266884e+03,9.523436027027504e+03,5.882352941176471e-01,1498447
9.525096344266884e+03,9.523384112644094e+03,5.882352941176471e-01,1498446
9.525886322120555e+03,9.525298086826438e+03,5.882352941176471e-01,1498448
9.526474557414673e+03,9.525549604336646e+03,5.882352941176471e-01,1498449
9.527062792708790e+03,9.526297897666056e+03,5.882352941176471e-01,1498450
9.527651028002908e+03,9.526701829271489e+03,5.882352941176471e-01,1498451
9.530208779101983e+03,9.529620543807866e+03,5.882352941176471e-01,1498454
9.530797014396101e+03,9.529839587378215e+03,5.882352941176471e-01,1498455
9.531973484984336e+03,9.530641865835224e+03,5.882352941176471e-01,1498457
9.532304586799978e+03,9.518060253544306e+03,1.764705882352941e+00,1498440
9.534011615574773e+03,9.533423380280655e+03,5.882352941176471e-01,1498459
9.535188086163008e+03,9.534184471853572e+03,5.882352941176471e-01,1498461
9.536401872483699e+03,9.535813637189582e+03,5.882352941176471e-01,1498462
9.536990107777817e+03,9.535910863987785e+03,5.882352941176471e-01,1498463
9.537578343071934e+03,9.536574085358167e+03,5.882352941176471e-01,1498464
9.538244469619944e+03,9.537656234325827e+03,5.882352941176471e-01,1498465
9.539599693943758e+03,9.538601977091101e+03,5.882352941176471e-01,1498468
9.540187929237876e+03,9.539027759911774e+03,5.882352941176471e-01,1498469
9.541306869947321e+03,9.530565055993892e+03,1.176470588235294e+00,1498456
9.541306869947321e+03,9.523331638384531e+03,1.176470588235294e+00,1498445
9.541895105241439e+03,9.527278550890844e+03,1.764705882352941e+00,1498452
9.542744809926461e+03,9.542156574632344e+03,5.882352941176471e-01,1498470
9.544836281712027e+03,9.532668863643332e+03,1.764705882352941e+00,1498458
9.548767924525155e+03,9.548179689231037e+03,5.882352941176471e-01,1498473
9.549524080357675e+03,9.548935845063558e+03,5.882352941176471e-01,1498474
9.550152954353006e+03,9.549564719058888e+03,5.882352941176471e-01,1498475
9.551329424941241e+03,9.549790600358642e+03,5.882352941176471e-01,1498477
9.552181459180435e+03,9.551593223886318e+03,5.882352941176471e-01,1498478
9.553780569444264e+03,9.552210166546926e+03,5.882352941176471e-01,1498480
9.554957040032499e+03,9.553986779162216e+03,5.882352941176471e-01,1498483
9.556133510620735e+03,9.555518610361736e+03,5.882352941176471e-01,1498485
9.556721745914852e+03,9.556091753680237e+03,5.882352941176471e-01,1498486
9.557898216503087e+03,9.557013954976693e+03,5.882352941176471e-01,1498488
9.558938739619182e+03,9.546751394061235e+03,1.764705882352941e+00,1498471
9.561214550644460e+03,9.560626315350342e+03,5.882352941176471e-01,1498489
9.562730477610490e+03,9.561811869406247e+03,5.882352941176471e-01,1498491
9.564232857266241e+03,9.549658536661354e+03,1.764705882352941e+00,1498476
9.567174033736829e+03,9.561554007022255e+03,1.764705882352941e+00,1498490
9.569893112334387e+03,9.564645788485514e+03,1.764705882352941e+00,1498492
9.570481347628505e+03,9.568605592809636e+03,1.176470588235294e+00,1498495
9.571086476296929e+03,9.570498241002811e+03,5.882352941176471e-01,1498496
9.572652175208159e+03,9.572063939914041e+03,5.882352941176471e-01,1498497
9.574983061149838e+03,9.573218355267486e+03,1.764705882352941e+00,1498498
9.575571296443956e+03,9.574944722793409e+03,5.882352941176471e-01,1498499
9.577967620898724e+03,9.577379385604607e+03,5.882352941176471e-01,1498500
9.579942103129504e+03,9.579353867835387e+03,5.882352941176471e-01,1498501
9.582883279600093e+03,9.579503840063235e+03,1.764705882352941e+00,1498502
9.584436909775909e+03,9.583848674481791e+03,5.882352941176471e-01,1498504
9.587859222964657e+03,9.586682752376422e+03,1.176470588235294e+00,1498505
9.592207689213847e+03,9.591619453919729e+03,5.882352941176471e-01,1498506
9.593972395096200e+03,9.591803590207735e+03,1.764705882352941e+00,1498507
9.595167805804171e+03,9.593991335215936e+03,1.176470588235294e+00,1498508
9.595756041098289e+03,9.595124474066430e+03,5.882352941176471e-01,1498509
9.598074842384280e+03,9.597486607090162e+03,5.882352941176471e-01,1498510
9.600563209041230e+03,9.599974973747113e+03,5.882352941176471e-01,1498511
9.601278858621430e+03,9.600690623327312e+03,5.882352941176471e-01,1498512
9.601867093915547e+03,9.600800574801758e+03,5.882352941176471e-01,1498513
9.602455329209665e+03,9.601314344628890e+03,5.882352941176471e-01,1498514
9.603754943330111e+03,9.603166708035993e+03,5.882352941176471e-01,1498515
9.605791427774657e+03,9.604614957186422e+03,1.176470588235294e+00,1498516
9.606868274201413e+03,9.606280038907295e+03,5.882352941176471e-01,1498517
9.608852080812702e+03,9.608263845518585e+03,5.882352941176471e-01,1498518
9.614891880497655e+03,9.614303645203537e+03,5.882352941176471e-01,1498526
9.618979469975244e+03,9.617940897224313e+03,5.882352941176471e-01,1498530
9.619567705269362e+03,9.609302687288093e+03,1.764705882352941e+00,1498519
9.620195840709870e+03,9.619607605415753e+03,5.882352941176471e-01,1498531
9.620784076003988e+03,9.620024650408985e+03,5.882352941176471e-01,1498532
9.621372311298106e+03,9.620265383852839e+03,5.882352941176471e-01,1498533
9.622229650160561e+03,9.620869444034474e+03,5.882352941176471e-01,1498534
9.622817885454679e+03,9.621775966650613e+03,5.882352941176471e-01,1498537
9.624373751697225e+03,9.622321682222700e+03,5.882352941176471e-01,1498538
9.624961986991343e+03,9.624269331877322e+03,5.882352941176471e-01,1498541
9.627156164233022e+03,9.626508497044704e+03,5.882352941176471e-01,1498542
9.627744399527139e+03,9.613630302118638e+03,1.764705882352941e+00,1498525
9.628332634821257e+03,9.627715612682742e+03,5.882352941176471e-01,1498543
9.628920870115375e+03,9.628114058405866e+03,5.882352941176471e-01,1498544
9.631664443144150e+03,9.631076207850033e+03,5.882352941176471e-01,1498545
9.632400787706996e+03,9.631320175076777e+03,5.882352941176471e-01,1498546
9.632989023001114e+03,9.631960661681607e+03,5.882352941176471e-01,1498548
9.633900088017038e+03,9.633311852722920e+03,5.882352941176471e-01,1498549
9.634488323311155e+03,9.633681063852921e+03,5.882352941176471e-01,1498550
9.635493619945889e+03,9.634905384651771e+03,5.882352941176471e-01,1498551
9.636081855240006e+03,9.635261567238800e+03,5.882352941176471e-01,1498552
9.638554021973766e+03,9.636789316091413e+03,1.764705882352941e+00,1498553
9.639730492562001e+03,9.638487509184794e+03,5.882352941176471e-01,1498555
9.639730492562001e+03,9.638399517154378e+03,5.882352941176471e-01,1498554
9.641852363588885e+03,9.640820891711010e+03,5.882352941176471e-01,1498557
9.642717227885277e+03,9.642128992591160e+03,5.882352941176471e-01,1498558
9.643785584415227e+03,9.642627943013601e+03,5.882352941176471e-01,1498559
9.645273661295305e+03,9.644586585543811e+03,5.882352941176471e-01,1498562
9.645861896589423e+03,9.640675893000650e+03,1.764705882352941e+00,1498556
9.646522859880182e+03,9.645934624586064e+03,5.882352941176471e-01,1498563
9.647626602471776e+03,9.643677470356941e+03,1.764705882352941e+00,1498561
9.650856222820759e+03,9.647915046350171e+03,1.764705882352941e+00,1498564
9.652918666561721e+03,9.651153960679368e+03,1.764705882352941e+00,1498566
9.653580398628802e+03,9.652992163334684e+03,5.882352941176471e-01,1498567
9.655366938415944e+03,9.654594340024704e+03,5.882352941176471e-01,1498569
9.657242760529116e+03,9.656652453389158e+03,5.882352941176471e-01,1498573
9.658938440508920e+03,9.654190467827708e+03,1.176470588235294e+00,1498568
9.660703146391273e+03,9.660028238333814e+03,5.882352941176471e-01,1498575
9.661291381685390e+03,9.660290675667278e+03,5.882352941176471e-01,1498576
9.661879616979508e+03,9.658903927557645e+03,1.764705882352941e+00,1498574
9.663929725852333e+03,9.663285384204250e+03,5.882352941176471e-01,1498578
9.665694431734686e+03,9.662165019969980e+03,1.764705882352941e+00,1498577
9.667721383837273e+03,9.667133148543155e+03,5.882352941176471e-01,1498582
9.668309619131390e+03,9.667480287744881e+03,5.882352941176471e-01,1498583
9.668635608205274e+03,9.663989788139975e+03,1.176470588235294e+00,1498579
9.669223843499392e+03,9.664412577726775e+03,1.764705882352941e+00,1498580
9.669900854434969e+03,9.669312619140851e+03,5.882352941176471e-01,1498584
9.670988549381745e+03,9.665834254027206e+03,1.764705882352941e+00,1498581
9.673683453024250e+03,9.672556169418371e+03,5.882352941176471e-01,1498586
9.674859923612485e+03,9.672506982436015e+03,1.176470588235294e+00,1498585
9.675605960239578e+03,9.675017724945461e+03,5.882352941176471e-01,1498588
9.676194195533696e+03,9.675441219634139e+03,5.882352941176471e-01,1498589
9.676782430827813e+03,9.675930036447457e+03,5.882352941176471e-01,1498590
9.678056294537178e+03,9.676977217070072e+03,5.882352941176471e-01,1498593
9.680319365033368e+03,9.674014720348377e+03,1.764705882352941e+00,1498587
9.682084070915721e+03,9.678399678987258e+03,1.176470588235294e+00,1498594
9.682741839012438e+03,9.682153603718321e+03,5.882352941176471e-01,1498597
9.684282251958231e+03,9.683469723727552e+03,5.882352941176471e-01,1498600
9.685995084450299e+03,9.685354975765898e+03,5.882352941176471e-01,1498603
9.686513786941818e+03,9.676211708764762e+03,1.764705882352941e+00,1498591
9.688272541977904e+03,9.687678355837521e+03,5.882352941176471e-01,1498604
9.688860777272022e+03,9.682419620934892e+03,1.764705882352941e+00,1498598
9.689449012566140e+03,9.688687644128779e+03,5.882352941176471e-01,1498605
9.692837458945543e+03,9.691615340703849e+03,5.882352941176471e-01,1498610
9.692837458945543e+03,9.691576824510420e+03,5.882352941176471e-01,1498609
9.693566659624963e+03,9.689426050556084e+03,1.764705882352941e+00,1498606
9.694735280683434e+03,9.694147045389316e+03,5.882352941176471e-01,1498611
9.695359240755762e+03,9.694771005461644e+03,5.882352941176471e-01,1498612
9.696535711343997e+03,9.695734092733247e+03,5.882352941176471e-01,1498614
9.697096071389669e+03,9.691072753063190e+03,1.176470588235294e+00,1498608
9.697684306683787e+03,9.690171119993596e+03,1.764705882352941e+00,1498607
9.698661214806845e+03,9.698072979512727e+03,5.882352941176471e-01,1498615
9.699249450100962e+03,9.698124006138525e+03,5.882352941176471e-01,1498616
9.699837685395080e+03,9.698665046295841e+03,5.882352941176471e-01,1498617
9.700625483154375e+03,9.695254061663039e+03,1.764705882352941e+00,1498613
9.702174120359373e+03,9.701585885065256e+03,5.882352941176471e-01,1498618
9.703937813165737e+03,9.703250496688044e+03,5.882352941176471e-01,1498620
9.705702519048090e+03,9.702761342577502e+03,1.176470588235294e+00,1498619
9.706878989636325e+03,9.704444442644684e+03,1.176470588235294e+00,1498622
9.706878989636325e+03,9.704227845212005e+03,1.176470588235294e+00,1498621
9.709216997586088e+03,9.708100649191935e+03,5.882352941176471e-01,1498624
9.710760438026839e+03,9.709935218173208e+03,5.882352941176471e-01,1498626
9.711569938762559e+03,9.708040526997853e+03,1.764705882352941e+00,1498623
9.712158174056677e+03,9.711530765067080e+03,5.882352941176471e-01,1498627
9.713334644644912e+03,9.709583967438603e+03,1.764705882352941e+00,1498625
9.714238583305048e+03,9.713650348010930e+03,5.882352941176471e-01,1498628
9.719742992647633e+03,9.717978286765280e+03,1.764705882352941e+00,1498629
9.720352465558405e+03,9.719764230264287e+03,5.882352941176471e-01,1498630
9.722675121537852e+03,9.720910415655499e+03,1.764705882352941e+00,1498631
9.726015053103855e+03,9.725426817809737e+03,5.882352941176471e-01,1498639
9.726603288397973e+03,9.725597050815571e+03,5.882352941176471e-01,1498640
9.727430384473069e+03,9.726842149178951e+03,5.882352941176471e-01,1498641
9.730569330462870e+03,9.722393513350460e+03,1.764705882352941e+00,1498632
9.731751955506266e+03,9.730581639373191e+03,5.882352941176471e-01,1498645
9.734050306822995e+03,9.733462071528877e+03,5.882352941176471e-01,1498647
9.735226777411230e+03,9.734061992270806e+03,5.882352941176471e-01,1498649
9.735815012705348e+03,9.734954502295761e+03,5.882352941176471e-01,1498650
9.737046073153325e+03,9.727879475886258e+03,1.764705882352941e+00,1498642
9.738030747748162e+03,9.737442512454045e+03,5.882352941176471e-01,1498651
9.738810779035678e+03,9.733899660176366e+03,1.176470588235294e+00,1498648
9.739987249623913e+03,9.737574649162052e+03,1.764705882352941e+00,1498652
9.740662628265365e+03,9.740074392971247e+03,5.882352941176471e-01,1498653
9.742731895045365e+03,9.741606189949522e+03,5.882352941176471e-01,1498656
9.743442867208854e+03,9.742854631914736e+03,5.882352941176471e-01,1498657
9.744090007789278e+03,9.742973008592065e+03,5.882352941176471e-01,1498658
9.745266478377513e+03,9.743560677781467e+03,5.882352941176471e-01,1498660
9.746015651198730e+03,9.740367096705553e+03,1.764705882352941e+00,1498654
9.746909363101654e+03,9.746321127807536e+03,5.882352941176471e-01,1498662
9.748368592375201e+03,9.741555424457129e+03,1.764705882352941e+00,1498655
9.753339394173474e+03,9.750986452997004e+03,1.764705882352941e+00,1498663
9.755104100055827e+03,9.752063454358124e+03,1.764705882352941e+00,1498664
9.756280570644063e+03,9.753928050900911e+03,1.176470588235294e+00,1498665
9.756933960057855e+03,9.756345724763737e+03,5.882352941176471e-01,1498667
9.757894863703105e+03,9.756368813610910e+03,5.882352941176471e-01,1498668
9.758523098184951e+03,9.757430851192698e+03,5.882352941176471e-01,1498672
9.759699568773186e+03,9.758677970172917e+03,5.882352941176471e-01,1498675
9.761474230390751e+03,9.760885995096633e+03,5.882352941176471e-01,1498678
9.762575591124100e+03,9.755550289899746e+03,1.764705882352941e+00,1498666
9.763782823039763e+03,9.763194587745645e+03,5.882352941176471e-01,1498679
9.764901664297169e+03,9.757974862078561e+03,1.176470588235294e+00,1498674
9.766329019802289e+03,9.765740784508171e+03,5.882352941176471e-01,1498681
9.767254605473640e+03,9.764888230295468e+03,1.764705882352941e+00,1498680
9.772211821288921e+03,9.771623585994804e+03,5.882352941176471e-01,1498682
9.773628201086610e+03,9.773039965792493e+03,5.882352941176471e-01,1498683
9.775981142263081e+03,9.773353289526219e+03,1.764705882352941e+00,1498684
9.776569377557199e+03,9.775783780856169e+03,5.882352941176471e-01,1498686
9.777604165465488e+03,9.776042213957601e+03,5.882352941176471e-01,1498687
9.778192400759606e+03,9.777462482785543e+03,5.882352941176471e-01,1498689
9.778780636053723e+03,9.774620301183475e+03,1.176470588235294e+00,1498685
9.779368871347841e+03,9.778747860957284e+03,5.882352941176471e-01,1498690
9.783990232359402e+03,9.783401997065285e+03,5.882352941176471e-01,1498692
9.784312020187786e+03,9.782547314305433e+03,1.176470588235294e+00,1498691
9.790756265931897e+03,9.788535829862817e+03,5.882352941176471e-01,1498694
9.792520971814250e+03,9.788581463232812e+03,1.176470588235294e+00,1498695
9.793109207108367e+03,9.788403324755426e+03,1.764705882352941e+00,1498693
9.794332104879902e+03,9.793743869585784e+03,5.882352941176471e-01,1498698
9.795462148284838e+03,9.792999487246945e+03,1.764705882352941e+00,1498697
9.796050383578956e+03,9.795273816903700e+03,5.882352941176471e-01,1498699
9.798524641209577e+03,9.797936405915459e+03,5.882352941176471e-01,1498701
9.799112876503694e+03,9.798306282030182e+03,5.882352941176471e-01,1498702
9.800721515409347e+03,9.797192103644642e+03,1.764705882352941e+00,1498700
9.801897985997583e+03,9.799039848484909e+03,1.764705882352941e+00,1498703
9.802875523862865e+03,9.802287288568747e+03,5.882352941176471e-01,1498704
9.803463759156982e+03,9.802493988085977e+03,5.882352941176471e-01,1498705
9.805477565721143e+03,9.804647849682959e+03,5.882352941176471e-01,1498707
9.806065801015260e+03,9.804301095132907e+03,1.176470588235294e+00,1498706
9.806904553190157e+03,9.806316317896040e+03,5.882352941176471e-01,1498708
9.808168195798072e+03,9.806991725209837e+03,1.176470588235294e+00,1498709
9.810558201052238e+03,9.809969965758120e+03,5.882352941176471e-01,1498711
9.811146436346355e+03,9.810085939135349e+03,5.882352941176471e-01,1498712
9.812806664166214e+03,9.810661343666034e+03,5.882352941176471e-01,1498713
9.813394899460332e+03,9.812754425134967e+03,5.882352941176471e-01,1498716
9.814418408266244e+03,9.809228768681679e+03,1.176470588235294e+00,1498710
9.815629398473441e+03,9.814937099490132e+03,5.882352941176471e-01,1498719
9.818604501615702e+03,9.817488764837266e+03,5.882352941176471e-01,1498726
9.822025134827622e+03,9.820635162083461e+03,5.882352941176471e-01,1498731
9.822613370121739e+03,9.813272159986652e+03,1.764705882352941e+00,1498717
9.824378076004092e+03,9.822578904578236e+03,5.882352941176471e-01,1498734
9.824378076004092e+03,9.822467074900889e+03,5.882352941176471e-01,1498733
9.827886845850117e+03,9.827298610556000e+03,5.882352941176471e-01,1498736
9.828970347999003e+03,9.828382112704885e+03,5.882352941176471e-01,1498737
9.829558583293120e+03,9.828535893988772e+03,5.882352941176471e-01,1498738
9.832613370121739e+03,9.814452927885206e+03,1.764705882352941e+00,1498718
9.833252143294047e+03,9.832663907999929e+03,5.882352941176471e-01,1498739
9.834378076004092e+03,9.825174928450051e+03,1.764705882352941e+00,1498735
9.836142781886445e+03,9.834074958179192e+03,1.764705882352941e+00,1498740
9.841306552662366e+03,9.839994818111335e+03,5.882352941176471e-01,1498742
9.841894787956484e+03,9.841210983783849e+03,5.882352941176471e-01,1498744
9.844412685836581e+03,9.843824450542464e+03,5.882352941176471e-01,1498746
9.845000921130699e+03,9.844053754512923e+03,5.882352941176471e-01,1498747
9.846177391718934e+03,9.845067119239725e+03,5.882352941176471e-01,1498749
9.846600670309425e+03,9.839637415658530e+03,1.764705882352941e+00,1498741
9.848365376191778e+03,9.844578433971289e+03,1.764705882352941e+00,1498748
9.849541846780013e+03,9.847258922816068e+03,1.764705882352941e+00,1498750
9.852202701800908e+03,9.851614466506790e+03,5.882352941176471e-01,1498753
9.853904174166697e+03,9.853315938872579e+03,5.882352941176471e-01,1498754
9.855299878846052e+03,9.854342642348937e+03,5.882352941176471e-01,1498757
9.855637922120864e+03,9.850124570382685e+03,1.764705882352941e+00,1498751
9.856814392709099e+03,9.853446954568931e+03,1.764705882352941e+00,1498755
9.858669764211271e+03,9.856905058328918e+03,1.764705882352941e+00,1498758
9.862207387579938e+03,9.861619152285820e+03,5.882352941176471e-01,1498759
9.864579933789744e+03,9.863717786900674e+03,5.882352941176471e-01,1498763
9.865364456706758e+03,9.864776221412640e+03,5.882352941176471e-01,1498764
9.866913269932879e+03,9.862121101323327e+03,1.764705882352941e+00,1498760
9.868089740521114e+03,9.863403463201509e+03,1.764705882352941e+00,1498762
9.870442681697585e+03,9.869821219499773e+03,5.882352941176471e-01,1498768
9.872410779743505e+03,9.871822544449387e+03,5.882352941176471e-01,1498770
9.873226954234536e+03,9.872025094202683e+03,5.882352941176471e-01,1498771
9.876921083765848e+03,9.876332848471730e+03,5.882352941176471e-01,1498778
9.877509319059966e+03,9.876655985338998e+03,5.882352941176471e-01,1498779
9.878685789648201e+03,9.877329859601572e+03,5.882352941176471e-01,1498781
9.878685789648201e+03,9.877040612587177e+03,5.882352941176471e-01,1498780
9.879708652763244e+03,9.879116716342378e+03,5.882352941176471e-01,1498782
9.880296888057362e+03,9.867974807780866e+03,1.764705882352941e+00,1498765
9.881705489657524e+03,9.881117254363406e+03,5.882352941176471e-01,1498783
9.883176512300608e+03,9.882588277006490e+03,5.882352941176471e-01,1498784
9.884352982888843e+03,9.883744321422410e+03,5.882352941176471e-01,1498786
9.886117688771196e+03,9.884232805767561e+03,5.882352941176471e-01,1498789
9.886117688771196e+03,9.883993691093564e+03,5.882352941176471e-01,1498788
9.886767476292656e+03,9.875030399535548e+03,1.176470588235294e+00,1498777
9.887355711586773e+03,9.870550822050193e+03,1.764705882352941e+00,1498769
9.887972125704859e+03,9.887383890410741e+03,5.882352941176471e-01,1498790
9.889057687947550e+03,9.888469452653432e+03,5.882352941176471e-01,1498791
9.889718641891707e+03,9.888883609560793e+03,5.882352941176471e-01,1498792
9.891405436859212e+03,9.890739290650247e+03,5.882352941176471e-01,1498796
9.892644636969024e+03,9.882998375134696e+03,1.764705882352941e+00,1498785
9.893524364622224e+03,9.892936129328107e+03,5.882352941176471e-01,1498797
9.895046551023507e+03,9.894458315729389e+03,5.882352941176471e-01,1498799
9.895730097854946e+03,9.895141862560828e+03,5.882352941176471e-01,1498800
9.896174048733730e+03,9.889203125247629e+03,1.764705882352941e+00,1498794
9.898013917045637e+03,9.897306746517734e+03,5.882352941176471e-01,1498802
9.898526989910200e+03,9.893670522133787e+03,1.764705882352941e+00,1498798
9.899703460498436e+03,9.896837446457402e+03,1.764705882352941e+00,1498801
9.901314377610445e+03,9.900275668800969e+03,5.882352941176471e-01,1498804
9.901902612904562e+03,9.900735428896872e+03,5.882352941176471e-01,1498805
9.903667318786915e+03,9.902631767295551e+03,5.882352941176471e-01,1498808
9.907374608140984e+03,9.906202986915567e+03,5.882352941176471e-01,1498813
9.908378050502675e+03,9.900137907022209e+03,1.764705882352941e+00,1498803
9.909686336366463e+03,9.908997400362067e+03,5.882352941176471e-01,1498815
9.911116175285068e+03,9.910527939990951e+03,5.882352941176471e-01,1498816
9.912016961863977e+03,9.911428726569859e+03,5.882352941176471e-01,1498817
9.913672168149734e+03,9.905016817601694e+03,1.764705882352941e+00,1498809
9.915245175889102e+03,9.914656940594984e+03,5.882352941176471e-01,1498820
9.916181315570376e+03,9.915593080276258e+03,5.882352941176471e-01,1498821
9.917207919673134e+03,9.915684258920897e+03,5.882352941176471e-01,1498822
9.917796154967252e+03,9.917058053187657e+03,5.882352941176471e-01,1498824
9.919799153974806e+03,9.919114050718316e+03,5.882352941176471e-01,1498826
9.920387389268924e+03,9.908509865778228e+03,1.764705882352941e+00,1498814
9.922740330445395e+03,9.917804635400249e+03,1.176470588235294e+00,1498825
9.923328565739512e+03,9.920164905122976e+03,1.764705882352941e+00,1498827
9.926213875838931e+03,9.921720143441542e+03,1.764705882352941e+00,1498828
9.927390346427166e+03,9.926744223995645e+03,5.882352941176471e-01,1498831
9.927978581721284e+03,9.927041567300253e+03,5.882352941176471e-01,1498832
9.928566817015402e+03,9.924981538879526e+03,1.764705882352941e+00,1498830
9.932462186232496e+03,9.931602876153455e+03,5.882352941176471e-01,1498834
9.933050421526614e+03,9.932103643723158e+03,5.882352941176471e-01,1498835
9.934226892114849e+03,9.931285715644261e+03,1.764705882352941e+00,1498833
9.936075983637441e+03,9.935487748343323e+03,5.882352941176471e-01,1498836
9.936664218931559e+03,9.935841389686089e+03,5.882352941176471e-01,1498837
9.938500725884091e+03,9.936736020001738e+03,1.764705882352941e+00,1498838
9.940903101848326e+03,9.939268774106878e+03,5.882352941176471e-01,1498841
9.940903101848326e+03,9.939177168358616e+03,5.882352941176471e-01,1498840
9.941491337142444e+03,9.939138395965973e+03,1.176470588235294e+00,1498839
9.946063318329412e+03,9.945475083035294e+03,5.882352941176471e-01,1498842
9.948732152327183e+03,9.948143917033066e+03,5.882352941176471e-01,1498843
9.949790696904186e+03,9.949202461610069e+03,5.882352941176471e-01,1498844
9.952373722637119e+03,9.951129916599143e+03,5.882352941176471e-01,1498847
9.953940155786398e+03,9.953153647759207e+03,5.882352941176471e-01,1498852
9.954394208608344e+03,9.950357544636556e+03,1.176470588235294e+00,1498845
9.957260464124670e+03,9.955858331093477e+03,5.882352941176471e-01,1498855
9.957260464124670e+03,9.955764721989657e+03,5.882352941176471e-01,1498854
9.957848699418788e+03,9.951079962402845e+03,1.764705882352941e+00,1498846
9.958436934712906e+03,9.957609993628708e+03,5.882352941176471e-01,1498856
9.959613405301141e+03,9.955420837288056e+03,1.764705882352941e+00,1498853
9.961378111183494e+03,9.959474778186244e+03,1.764705882352941e+00,1498857
9.966057485109226e+03,9.965469249815109e+03,5.882352941176471e-01,1498858
9.967486052268418e+03,9.966897816974301e+03,5.882352941176471e-01,1498859
9.969232467647561e+03,9.968055997059325e+03,1.176470588235294e+00,1498860
9.970244685603896e+03,9.969656450309778e+03,5.882352941176471e-01,1498861
9.973491696915762e+03,9.972903461621644e+03,5.882352941176471e-01,1498862
9.974525020577071e+03,9.973936785282953e+03,5.882352941176471e-01,1498863
9.976877961753542e+03,9.974435401883777e+03,1.764705882352941e+00,1498864
9.978642667635895e+03,9.975152842435002e+03,1.764705882352941e+00,1498865
9.980502880585902e+03,9.979914645291785e+03,5.882352941176471e-01,1498868
9.981091115880020e+03,9.980375494686235e+03,5.882352941176471e-01,1498869
9.981679351174137e+03,9.980777658221040e+03,5.882352941176471e-01,1498870
9.982172079400600e+03,9.977234529319237e+03,1.176470588235294e+00,1498866
9.982760314694718e+03,9.978531948666509e+03,1.764705882352941e+00,1498867
9.983348549988836e+03,9.982712169708634e+03,5.882352941176471e-01,1498871
9.986060814830277e+03,9.985472579536159e+03,5.882352941176471e-01,1498872
9.987450559687552e+03,9.986862324393434e+03,5.882352941176471e-01,1498874
9.988413756006747e+03,9.985593328172963e+03,1.764705882352941e+00,1498873
9.991799949357135e+03,9.989447008180664e+03,1.764705882352941e+00,1498875
9.992692743557838e+03,9.992104508263721e+03,5.882352941176471e-01,1498877
9.993564655239488e+03,9.990745079822182e+03,1.764705882352941e+00,1498876
9.994152890533606e+03,9.993422571608880e+03,5.882352941176471e-01,1498878
9.996431558186993e+03,9.995843322892875e+03,5.882352941176471e-01,1498879
