FinishTime,ArrivalTime,ServiceTime,ID
2.083563824050281e+00,3.188579416973401e-01,5.882352941176471e-01,3581581
3.431140361159609e+00,1.666434478806668e+00,5.882352941176471e-01,3581583
6.345667359718240e+00,1.051549712659416e+00,1.764705882352941e+00,3581582
8.408438322545604e+00,6.643732440192663e+00,5.882352941176471e-01,3581584
1.133363087677134e+01,9.568924994418403e+00,5.882352941176471e-01,3581587
1.288723660851346e+01,9.357824843807581e+00,1.176470588235294e+00,3581586
1.298401258278585e+01,7.689894935727028e+00,1.764705882352941e+00,3581585
1.613248322612247e+01,1.436777734376953e+01,5.882352941176471e-01,3581589
1.669385783320348e+01,1.139974018614466e+01,1.764705882352941e+00,3581588
1.853759790330837e+01,1.677289202095543e+01,5.882352941176471e-01,3581590
1.938708518443091e+01,1.762237930207797e+01,5.882352941176471e-01,3581591
2.184677366813777e+01,2.008206778578483e+01,5.882352941176471e-01,3581592
2.345167934569701e+01,2.168697346334406e+01,5.882352941176471e-01,3581594
2.417378522974522e+01,2.240907934739228e+01,5.882352941176471e-01,3581595
2.593849111209816e+01,2.337719758663718e+01,5.882352941176471e-01,3581597
2.617767700502603e+01,2.088355935796721e+01,1.764705882352941e+00,3581593
2.874579699275583e+01,2.241050228470627e+01,1.764705882352941e+00,3581596
3.010435234264286e+01,2.833964646028992e+01,5.882352941176471e-01,3581599
3.061243092838780e+01,2.884772504603486e+01,5.882352941176471e-01,3581600
3.251783601613101e+01,2.722371836907218e+01,1.764705882352941e+00,3581598
3.449467062623688e+01,3.272996474388394e+01,5.882352941176471e-01,3581601
3.577402018681481e+01,3.400931430446187e+01,5.882352941176471e-01,3581602
3.884132216902480e+01,3.707661628667186e+01,5.882352941176471e-01,3581604
3.940223216060618e+01,3.410811451354736e+01,1.764705882352941e+00,3581603
4.190467614790245e+01,3.837526438319657e+01,1.176470588235294e+00,3581605
4.192980279576988e+01,4.016509691341694e+01,5.882352941176471e-01,3581606
4.379879293672608e+01,4.026938117202019e+01,1.176470588235294e+00,3581607
4.719879379496127e+01,4.059921995687741e+01,1.764705882352941e+00,3581608
4.722392044282871e+01,4.090686219908908e+01,1.764705882352941e+00,3581609
4.898862632518165e+01,4.279531601498668e+01,5.882352941176471e-01,3581612
4.909291058378490e+01,4.155882930965148e+01,1.764705882352941e+00,3581610
5.249291144202010e+01,4.188265734418013e+01,1.764705882352941e+00,3581611
5.467491385296882e+01,5.291020797061587e+01,5.882352941176471e-01,3581613
5.865258525661538e+01,5.335846760955656e+01,1.764705882352941e+00,3581614
6.062403028685702e+01,5.709461852215114e+01,1.176470588235294e+00,3581616
6.117260360574078e+01,5.587848595868196e+01,1.764705882352941e+00,3581615
6.244594331253420e+01,6.068123743018126e+01,5.882352941176471e-01,3581618
6.293730948809373e+01,6.111271966800150e+01,5.882352941176471e-01,3581619
6.421064919488715e+01,6.152676357063480e+01,5.882352941176471e-01,3581620
6.583555249710758e+01,6.054143485004876e+01,1.764705882352941e+00,3581617
6.645900092782626e+01,6.469429504547332e+01,5.882352941176471e-01,3581621
6.693975607908583e+01,6.517505019673289e+01,5.882352941176471e-01,3581622
6.760025837946052e+01,6.567412162184426e+01,5.882352941176471e-01,3581623
6.999759641329125e+01,6.823289053093831e+01,5.882352941176471e-01,3581624
7.019689328851327e+01,6.843218740616032e+01,5.882352941176471e-01,3581625
7.102773610491038e+01,6.926303022255744e+01,5.882352941176471e-01,3581626
7.176230229564419e+01,6.938096029948263e+01,5.882352941176471e-01,3581627
7.372630505321915e+01,6.993150742588731e+01,1.176470588235294e+00,3581628
7.549101093557209e+01,7.170362785653540e+01,5.882352941176471e-01,3581631
7.632185375196921e+01,7.032277180345025e+01,1.764705882352941e+00,3581629
7.705641994270301e+01,7.082535300002291e+01,1.764705882352941e+00,3581630
7.725571681792503e+01,7.179904367996304e+01,5.882352941176471e-01,3581632
7.882112582505595e+01,7.471462802180411e+01,5.882352941176471e-01,3581634
8.161597139902803e+01,7.392360408937028e+01,1.764705882352941e+00,3581633
8.321865076647295e+01,7.792453311941413e+01,1.764705882352941e+00,3581635
8.338067728138097e+01,8.077791314156720e+01,5.882352941176471e-01,3581637
8.432886480225263e+01,7.903474715519381e+01,1.764705882352941e+00,3581636
8.514538316373391e+01,8.248633718107618e+01,5.882352941176471e-01,3581639
8.851276841353177e+01,8.231272698220617e+01,1.764705882352941e+00,3581638
8.962298244931145e+01,8.315312323431780e+01,1.764705882352941e+00,3581640
9.043950081079274e+01,8.348513782348454e+01,1.764705882352941e+00,3581641
9.246635703175266e+01,9.070165114939972e+01,5.882352941176471e-01,3581642
1.012590285908774e+02,9.596491094381862e+01,1.764705882352941e+00,3581643
1.019699080617936e+02,9.667579041473474e+01,1.764705882352941e+00,3581644
1.019808660420037e+02,9.668674839494485e+01,1.764705882352941e+00,3581645
1.030237344732304e+02,9.704654760364085e+01,5.882352941176471e-01,3581646
1.047884403555833e+02,1.001506166314581e+02,5.882352941176471e-01,3581649
1.065531462379363e+02,1.036176618220526e+02,5.882352941176471e-01,3581650
1.072640257088524e+02,9.786710163924536e+01,1.764705882352941e+00,3581647
1.072749836890625e+02,9.969760056362601e+01,1.764705882352941e+00,3581648
1.090287315912053e+02,1.049689768659768e+02,5.882352941176471e-01,3581652
1.100825580026421e+02,1.045999934709822e+02,1.176470588235294e+00,3581651
1.107934374735583e+02,1.066701905331652e+02,5.882352941176471e-01,3581654
1.125691013361213e+02,1.053675754816157e+02,1.764705882352941e+00,3581653
1.153766756497010e+02,1.075527811804968e+02,1.764705882352941e+00,3581655
1.188218486219304e+02,1.135277309748715e+02,1.764705882352941e+00,3581656
1.205865545042833e+02,1.157572733186075e+02,5.882352941176471e-01,3581659
1.206029299463836e+02,1.153088122993248e+02,1.764705882352941e+00,3581657
1.209568317685988e+02,1.156627141215400e+02,1.764705882352941e+00,3581658
1.227215376509517e+02,1.192449433954683e+02,5.882352941176471e-01,3581662
1.241323417110895e+02,1.182356578126903e+02,1.176470588235294e+00,3581661
1.244862435333047e+02,1.194121036783194e+02,5.882352941176471e-01,3581663
1.258806721513421e+02,1.175209008962783e+02,1.764705882352941e+00,3581660
1.276453780336951e+02,1.257874020743641e+02,5.882352941176471e-01,3581666
1.290865181982424e+02,1.255571064335365e+02,1.176470588235294e+00,3581665
1.294264593581483e+02,1.214000172803796e+02,1.764705882352941e+00,3581664
1.308512240805954e+02,1.286583855423746e+02,5.882352941176471e-01,3581668
1.329504673994557e+02,1.276563497523969e+02,1.764705882352941e+00,3581667
1.377779158714028e+02,1.360132099890499e+02,5.882352941176471e-01,3581669
1.389584387507916e+02,1.371937328684387e+02,5.882352941176471e-01,3581670
1.407679148967052e+02,1.372385031319994e+02,1.176470588235294e+00,3581671
1.430720335184616e+02,1.377387787393241e+02,1.764705882352941e+00,3581672
1.435489472397603e+02,1.417842413574074e+02,5.882352941176471e-01,3581674
1.442525563978505e+02,1.381702869524561e+02,1.764705882352941e+00,3581673
1.448367394008146e+02,1.421838518300869e+02,5.882352941176471e-01,3581675
1.461818153283516e+02,1.444171094459986e+02,5.882352941176471e-01,3581676
1.482093043531757e+02,1.446798925884698e+02,1.176470588235294e+00,3581677
1.503863553941070e+02,1.486216495117540e+02,5.882352941176471e-01,3581679
1.532115153945471e+02,1.479173977474883e+02,1.764705882352941e+00,3581678
1.533561095467029e+02,1.498266977819970e+02,1.176470588235294e+00,3581680
1.549762212769000e+02,1.502896680792933e+02,5.882352941176471e-01,3581682
1.556804730411658e+02,1.498644481936176e+02,1.764705882352941e+00,3581681
1.567409271592530e+02,1.521567942181052e+02,5.882352941176471e-01,3581684
1.585056330416059e+02,1.566772032108565e+02,5.882352941176471e-01,3581686
1.586502271937617e+02,1.515710686707182e+02,1.764705882352941e+00,3581683
1.609745906882246e+02,1.549439355769239e+02,1.764705882352941e+00,3581685
1.628893144012094e+02,1.611246085188565e+02,5.882352941176471e-01,3581688
1.637997506886647e+02,1.570032376841791e+02,1.764705882352941e+00,3581687
1.662094781761288e+02,1.644447722937758e+02,5.882352941176471e-01,3581689
1.686338005109619e+02,1.668690946286090e+02,5.882352941176471e-01,3581691
1.710036355551663e+02,1.657095179081075e+02,1.764705882352941e+00,3581690
1.722127000701016e+02,1.704479941877487e+02,5.882352941176471e-01,3581693
1.744250484984765e+02,1.726603426161236e+02,5.882352941176471e-01,3581694
1.745245788777162e+02,1.692304612306574e+02,1.764705882352941e+00,3581692
1.791140482249173e+02,1.773493423425644e+02,5.882352941176471e-01,3581696
1.795195036749602e+02,1.759900919102543e+02,1.176470588235294e+00,3581695
1.837516145747932e+02,1.802222028100873e+02,1.176470588235294e+00,3581697
1.846311171266484e+02,1.828664112442954e+02,5.882352941176471e-01,3581698
1.865509698413616e+02,1.847862639590086e+02,5.882352941176471e-01,3581699
1.924219787089687e+02,1.906572728266157e+02,5.882352941176471e-01,3581700
1.937340147077022e+02,1.919693088253493e+02,5.882352941176471e-01,3581701
1.953741008966785e+02,1.936093950143256e+02,5.882352941176471e-01,3581702
1.972610835553494e+02,1.954963776729964e+02,5.882352941176471e-01,3581703
1.975956336644081e+02,1.958309277820551e+02,5.882352941176471e-01,3581704
1.977840784360693e+02,1.960193725537163e+02,5.882352941176471e-01,3581705
1.990257894377023e+02,1.966703289866723e+02,5.882352941176471e-01,3581706
1.998308602588698e+02,1.980661543765169e+02,5.882352941176471e-01,3581707
2.008103586063507e+02,1.990456527239977e+02,5.882352941176471e-01,3581708
2.072346473478954e+02,2.054699414655424e+02,5.882352941176471e-01,3581709
2.119435220150812e+02,2.101788161327282e+02,5.882352941176471e-01,3581710
2.136383417002254e+02,2.118736358178725e+02,5.882352941176471e-01,3581711
2.141717693422138e+02,2.124070634598608e+02,5.882352941176471e-01,3581712
2.180934052106179e+02,2.127992875635591e+02,1.764705882352941e+00,3581713
2.189824637993648e+02,2.172177579170118e+02,5.882352941176471e-01,3581715
2.202819673122549e+02,2.167525555475491e+02,1.176470588235294e+00,3581714
2.207471696817177e+02,2.175772309960451e+02,5.882352941176471e-01,3581717
2.216228169753238e+02,2.175662167628935e+02,1.176470588235294e+00,3581716
2.255760849593138e+02,2.177291906110978e+02,1.764705882352941e+00,3581718
2.282997930725874e+02,2.265350871902344e+02,5.882352941176471e-01,3581721
2.285549024024374e+02,2.250254906377315e+02,1.176470588235294e+00,3581719
2.300644989549403e+02,2.272511566421532e+02,5.882352941176471e-01,3581722
2.318277094068856e+02,2.265335917598268e+02,1.764705882352941e+00,3581720
2.335939107196462e+02,2.283757121419252e+02,1.176470588235294e+00,3581724
2.338490200494962e+02,2.272513590190456e+02,1.764705882352941e+00,3581723
2.371218270539445e+02,2.284849161817703e+02,1.764705882352941e+00,3581725
2.388865329362974e+02,2.291227562245601e+02,5.882352941176471e-01,3581728
2.388880283667050e+02,2.288251861474248e+02,1.764705882352941e+00,3581726
2.391431376965551e+02,2.289973537967157e+02,1.764705882352941e+00,3581727
2.426725494612609e+02,2.346553700937351e+02,1.176470588235294e+00,3581731
2.441806505833562e+02,2.315071589977728e+02,1.764705882352941e+00,3581729
2.441821460137638e+02,2.326512533824828e+02,1.764705882352941e+00,3581730
2.444372553436139e+02,2.350256828132458e+02,5.882352941176471e-01,3581732
2.459468518961168e+02,2.373191710050643e+02,5.882352941176471e-01,3581734
2.462019612259668e+02,2.377356424465173e+02,5.882352941176471e-01,3581735
2.479666671083198e+02,2.403603788254710e+02,5.882352941176471e-01,3581737
2.494747682304151e+02,2.367697557276123e+02,1.764705882352941e+00,3581733
2.512394741127680e+02,2.418668579645218e+02,5.882352941176471e-01,3581739
2.512409695431756e+02,2.389053759178236e+02,1.764705882352941e+00,3581736
2.530041799951209e+02,2.435007001768643e+02,5.882352941176471e-01,3581740
2.530056754255285e+02,2.437698646590826e+02,5.882352941176471e-01,3581741
2.532607847553786e+02,2.410284584955449e+02,1.764705882352941e+00,3581738
2.547688858774739e+02,2.455723243591233e+02,5.882352941176471e-01,3581742
2.550254906377315e+02,2.468342817757183e+02,5.882352941176471e-01,3581744
2.565335917598268e+02,2.471113040541453e+02,5.882352941176471e-01,3581745
2.582997930725874e+02,2.463764044798837e+02,1.764705882352941e+00,3581743
2.603196082847904e+02,2.479259375047410e+02,1.764705882352941e+00,3581746
2.618277094068856e+02,2.491792286338384e+02,1.764705882352941e+00,3581747
2.620843141671433e+02,2.532229723279640e+02,5.882352941176471e-01,3581749
2.635924152892386e+02,2.537884313829108e+02,5.882352941176471e-01,3581750
2.635939107196462e+02,2.497626651168475e+02,1.764705882352941e+00,3581748
2.638490200494962e+02,2.552127337573922e+02,5.882352941176471e-01,3581751
2.653571211715915e+02,2.553162009795466e+02,5.882352941176471e-01,3581752
2.653586166019991e+02,2.591174722638311e+02,5.882352941176471e-01,3581753
2.671218270539445e+02,2.612146351768607e+02,5.882352941176471e-01,3581755
2.671233224843521e+02,2.648293455199740e+02,5.882352941176471e-01,3581756
2.688880283667050e+02,2.652576841185372e+02,5.882352941176471e-01,3581758
2.691431376965551e+02,2.593685990769074e+02,1.764705882352941e+00,3581754
2.724159447010033e+02,2.652398425354871e+02,1.764705882352941e+00,3581757
2.741821460137638e+02,2.667079768489162e+02,1.764705882352941e+00,3581759
2.744372553436139e+02,2.667535166468115e+02,1.764705882352941e+00,3581760
2.754323336549903e+02,2.736676277726374e+02,5.882352941176471e-01,3581761
2.762019612259668e+02,2.741331340160832e+02,5.882352941176471e-01,3581763
2.794762636608227e+02,2.741035315299401e+02,1.764705882352941e+00,3581762
2.828131203148561e+02,2.775190026677973e+02,1.764705882352941e+00,3581764
2.842054516551743e+02,2.789113340081155e+02,1.764705882352941e+00,3581765
2.845778261972090e+02,2.807274176734570e+02,5.882352941176471e-01,3581767
2.858077361422107e+02,2.805136184951518e+02,1.764705882352941e+00,3581766
2.870531092087567e+02,2.852884033264037e+02,5.882352941176471e-01,3581768
2.873325401127225e+02,2.855678342303696e+02,5.882352941176471e-01,3581769
2.928611391653595e+02,2.875670215183007e+02,1.764705882352941e+00,3581770
2.941147586069679e+02,2.923500527246149e+02,5.882352941176471e-01,3581771
2.945448523941083e+02,2.927801465117553e+02,5.882352941176471e-01,3581772
2.956009461243694e+02,2.938362402420164e+02,5.882352941176471e-01,3581773
2.960981715347327e+02,2.943334656523797e+02,5.882352941176471e-01,3581774
2.968842221018568e+02,2.951195162195039e+02,5.882352941176471e-01,3581775
2.991947151730994e+02,2.974300092907465e+02,5.882352941176471e-01,3581777
2.998386749935998e+02,2.980739691112468e+02,5.882352941176471e-01,3581778
3.009594210554524e+02,2.981653800006579e+02,5.882352941176471e-01,3581779
3.013373717448141e+02,2.960432540977553e+02,1.764705882352941e+00,3581776
3.033680867583056e+02,2.989871519376142e+02,1.176470588235294e+00,3581780
3.057349422743376e+02,3.039702363919847e+02,5.882352941176471e-01,3581782
3.066792868522839e+02,3.013851692052251e+02,1.764705882352941e+00,3581781
3.068583928469242e+02,3.050936869645713e+02,5.882352941176471e-01,3581783
3.109922231708604e+02,3.092275172885074e+02,5.882352941176471e-01,3581785
3.110290599213965e+02,3.055908351145202e+02,1.764705882352941e+00,3581784
3.145476573505981e+02,3.092535397035393e+02,1.764705882352941e+00,3581786
3.147287837958368e+02,3.129640779134838e+02,5.882352941176471e-01,3581787
3.164178890729492e+02,3.146531831905963e+02,5.882352941176471e-01,3581788
3.195162797029398e+02,3.177515738205869e+02,5.882352941176471e-01,3581791
3.195390322511281e+02,3.160096204864222e+02,1.176470588235294e+00,3581789
3.212809855852928e+02,3.188802048257009e+02,5.882352941176471e-01,3581792
3.229692952818107e+02,3.176751776347519e+02,1.764705882352941e+00,3581790
3.248331498981869e+02,3.192752037458376e+02,1.764705882352941e+00,3581793
3.271538483322383e+02,3.253891424498853e+02,5.882352941176471e-01,3581795
3.294466157041787e+02,3.276819098218258e+02,5.882352941176471e-01,3581796
3.297311562259288e+02,3.244370385788700e+02,1.764705882352941e+00,3581794
3.299241576102836e+02,3.281594517279307e+02,5.882352941176471e-01,3581797
3.312113215865317e+02,3.283058033757623e+02,5.882352941176471e-01,3581798
3.334320974836812e+02,3.299026857189754e+02,1.176470588235294e+00,3581799
3.337744724616828e+02,3.320097665793298e+02,5.882352941176471e-01,3581800
3.356567365589909e+02,3.338920306766380e+02,5.882352941176471e-01,3581802
3.362965603369772e+02,3.345318544546243e+02,5.882352941176471e-01,3581803
3.374214424413439e+02,3.353337240301506e+02,5.882352941176471e-01,3581804
3.376835774591062e+02,3.323894598120474e+02,1.764705882352941e+00,3581801
3.415970753847689e+02,3.398323695024159e+02,5.882352941176471e-01,3581806
3.437624382073297e+02,3.384683205602709e+02,1.764705882352941e+00,3581805
3.473305421063754e+02,3.438011303416696e+02,1.176470588235294e+00,3581807
3.490952479887284e+02,3.461337038912403e+02,5.882352941176471e-01,3581810
3.502834358972155e+02,3.449893182501567e+02,1.764705882352941e+00,3581808
3.508599538710813e+02,3.461697438330001e+02,5.882352941176471e-01,3581811
3.509832434455837e+02,3.456891257985249e+02,1.764705882352941e+00,3581809
3.555775535442743e+02,3.478028174002571e+02,1.764705882352941e+00,3581812
3.561540715181401e+02,3.502545863506356e+02,1.764705882352941e+00,3581813
3.562773610926425e+02,3.508474140330818e+02,1.764705882352941e+00,3581814
3.579187774004931e+02,3.558232751153191e+02,5.882352941176471e-01,3581816
3.580420669749954e+02,3.558358891258330e+02,5.882352941176471e-01,3581817
3.591069653089802e+02,3.534516456533906e+02,1.176470588235294e+00,3581815
3.643644732529276e+02,3.590703556058688e+02,1.764705882352941e+00,3581818
3.652617574048254e+02,3.617323456401195e+02,1.176470588235294e+00,3581819
3.670733040315691e+02,3.653085981492162e+02,5.882352941176471e-01,3581820
3.682060096874728e+02,3.664413038051198e+02,5.882352941176471e-01,3581822
3.688380099139221e+02,3.664729553234244e+02,5.882352941176471e-01,3581823
3.699707155698257e+02,3.679080031730853e+02,5.882352941176471e-01,3581824
3.709821579910319e+02,3.656880403439731e+02,1.764705882352941e+00,3581821
3.744703287677184e+02,3.727056228853654e+02,5.882352941176471e-01,3581825
3.786451741879265e+02,3.733510565408677e+02,1.764705882352941e+00,3581826
3.804306500968838e+02,3.786659442145309e+02,5.882352941176471e-01,3581827
3.805621255038406e+02,3.787974196214877e+02,5.882352941176471e-01,3581828
3.858969582831726e+02,3.841322524008197e+02,5.882352941176471e-01,3581829
3.892128519591875e+02,3.874481460768345e+02,5.882352941176471e-01,3581831
3.897318530377402e+02,3.844377353906813e+02,1.764705882352941e+00,3581830
3.897356166813939e+02,3.879709107990409e+02,5.882352941176471e-01,3581832
3.927329218367591e+02,3.909682159544062e+02,5.882352941176471e-01,3581833
3.944846410886964e+02,3.927199352063434e+02,5.882352941176471e-01,3581834
3.983699571033503e+02,3.966052512209973e+02,5.882352941176471e-01,3581836
3.988024404097070e+02,3.935083227626481e+02,1.764705882352941e+00,3581835
4.005126925333110e+02,3.969832807686051e+02,1.176470588235294e+00,3581837
4.005671462920599e+02,3.984377331873140e+02,5.882352941176471e-01,3581839
4.018993688680562e+02,3.973770465466508e+02,1.176470588235294e+00,3581838
4.063567298620786e+02,4.010626122150198e+02,1.764705882352941e+00,3581840
4.066087724777409e+02,4.013146548306820e+02,1.764705882352941e+00,3581841
4.071934865151150e+02,4.016985832329032e+02,1.764705882352941e+00,3581842
4.081214357444315e+02,4.057983231109705e+02,5.882352941176471e-01,3581843
4.083734783600938e+02,4.061467744638498e+02,5.882352941176471e-01,3581844
4.149768164293432e+02,4.096826987822844e+02,1.764705882352941e+00,3581845
4.150034157180039e+02,4.132387098356509e+02,5.882352941176471e-01,3581846
4.160723402072072e+02,4.143076343248543e+02,5.882352941176471e-01,3581847
4.172099390300788e+02,4.154452331477258e+02,5.882352941176471e-01,3581848
4.188529048215877e+02,4.170881989392347e+02,5.882352941176471e-01,3581850
4.213665772328315e+02,4.160724595857727e+02,1.764705882352941e+00,3581849
4.217281367796619e+02,4.199634308973090e+02,5.882352941176471e-01,3581852
4.238205839552166e+02,4.185264663081578e+02,1.764705882352941e+00,3581851
4.267362170319703e+02,4.214420993849115e+02,1.764705882352941e+00,3581853
4.276254175722548e+02,4.223312999251960e+02,1.764705882352941e+00,3581854
4.285009229143233e+02,4.256517756596832e+02,5.882352941176471e-01,3581856
4.291147016022754e+02,4.236961116668962e+02,1.764705882352941e+00,3581855
4.302656287966762e+02,4.260368747425466e+02,5.882352941176471e-01,3581858
4.329195352193137e+02,4.256687544533108e+02,1.764705882352941e+00,3581857
4.344088192493342e+02,4.262823050609354e+02,1.764705882352941e+00,3581859
4.346842411016666e+02,4.286516188219034e+02,5.882352941176471e-01,3581861
4.355597464437350e+02,4.262985835144322e+02,1.764705882352941e+00,3581860
4.361735251316872e+02,4.324310282197710e+02,5.882352941176471e-01,3581862
4.373244523260880e+02,4.335682744145414e+02,5.882352941176471e-01,3581864
4.379382310140401e+02,4.357175791510788e+02,5.882352941176471e-01,3581865
4.390891582084409e+02,4.359895864246557e+02,5.882352941176471e-01,3581866
4.397029368963930e+02,4.371111019986162e+02,5.882352941176471e-01,3581867
4.399783587487254e+02,4.335268483755677e+02,1.764705882352941e+00,3581863
4.408538640907939e+02,4.375007797855184e+02,5.882352941176471e-01,3581868
4.417430646310784e+02,4.381995870764147e+02,5.882352941176471e-01,3581870
4.426185699731468e+02,4.387381864169544e+02,5.882352941176471e-01,3581871
4.432323486610989e+02,4.380697632937463e+02,1.176470588235294e+00,3581869
4.449970545434519e+02,4.411658917781999e+02,5.882352941176471e-01,3581874
4.452724763957842e+02,4.407381424568232e+02,1.176470588235294e+00,3581872
4.479126876202056e+02,4.409541479466402e+02,1.764705882352941e+00,3581873
4.485264663081578e+02,4.420091411305372e+02,1.176470588235294e+00,3581875
4.509746810951578e+02,4.456805634480990e+02,1.764705882352941e+00,3581876
4.514420993849115e+02,4.458462452049751e+02,1.176470588235294e+00,3581877
4.527393869775108e+02,4.468913457673440e+02,5.882352941176471e-01,3581879
4.532068052672644e+02,4.475478574705268e+02,5.882352941176471e-01,3581880
4.538205839552166e+02,4.462273168188813e+02,1.764705882352941e+00,3581878
4.549715111496174e+02,4.529956792453607e+02,5.882352941176471e-01,3581882
4.559217052133038e+02,4.541569993309508e+02,5.882352941176471e-01,3581883
4.580335046245696e+02,4.515875545930154e+02,1.764705882352941e+00,3581881
4.623786340187395e+02,4.606139281363866e+02,5.882352941176471e-01,3581885
4.626409873731631e+02,4.573468697261043e+02,1.764705882352941e+00,3581884
4.629513557606631e+02,4.611866498783102e+02,5.882352941176471e-01,3581886
4.641433399010925e+02,4.615775634500162e+02,5.882352941176471e-01,3581887
4.646007982144021e+02,4.628360923320492e+02,5.882352941176471e-01,3581888
4.686443106594883e+02,4.668796047771353e+02,5.882352941176471e-01,3581891
4.700888244108526e+02,4.647947067637938e+02,1.764705882352941e+00,3581889
4.703076127749763e+02,4.650134951279175e+02,1.764705882352941e+00,3581890
4.704090165418412e+02,4.678967855380169e+02,5.882352941176471e-01,3581892
4.718535302932055e+02,4.686840528429896e+02,5.882352941176471e-01,3581893
4.720723186573292e+02,4.693810623997917e+02,5.882352941176471e-01,3581894
4.721737224241942e+02,4.697432178263239e+02,5.882352941176471e-01,3581895
4.745800243060098e+02,4.728153184236569e+02,5.882352941176471e-01,3581897
4.749695810120729e+02,4.732048751297200e+02,5.882352941176471e-01,3581898
4.763373876189386e+02,4.728079758542327e+02,1.176470588235294e+00,3581896
4.766985149756643e+02,4.749338090933114e+02,5.882352941176471e-01,3581899
4.784876693794037e+02,4.767229634970508e+02,5.882352941176471e-01,3581901
4.787313892102000e+02,4.752019774454941e+02,1.176470588235294e+00,3581900
4.792992306110413e+02,4.775345247286884e+02,5.882352941176471e-01,3581902
4.849483377285369e+02,4.831836318461840e+02,5.882352941176471e-01,3581904
4.851647471926174e+02,4.798706295455585e+02,1.764705882352941e+00,3581903
4.881864618254299e+02,4.864217559430770e+02,5.882352941176471e-01,3581907
4.886419091150585e+02,4.833477914679997e+02,1.764705882352941e+00,3581905
4.905058040856011e+02,4.852116864385423e+02,1.764705882352941e+00,3581906
4.934869885894142e+02,4.917222827070613e+02,5.882352941176471e-01,3581908
4.935040543036882e+02,4.917393484213353e+02,5.882352941176471e-01,3581909
4.948368404497591e+02,4.930721345674061e+02,5.882352941176471e-01,3581910
4.984347341443521e+02,4.966700282619991e+02,5.882352941176471e-01,3581911
4.987962499467392e+02,4.970315440643862e+02,5.882352941176471e-01,3581912
4.994426273148255e+02,4.976779214324726e+02,5.882352941176471e-01,3581913
5.006139342086458e+02,4.988492283262928e+02,5.882352941176471e-01,3581914
5.011803227079225e+02,4.994156168255696e+02,5.882352941176471e-01,3581915
5.042243582505766e+02,5.024596523682237e+02,5.882352941176471e-01,3581916
5.101415077772029e+02,5.048473901301441e+02,1.764705882352941e+00,3581917
5.119062136595558e+02,5.076909272414723e+02,5.882352941176471e-01,3581920
5.120576740953289e+02,5.067635564482701e+02,1.764705882352941e+00,3581918
5.122125734972914e+02,5.069184558502325e+02,1.764705882352941e+00,3581919
5.136709195419088e+02,5.083015085650879e+02,5.882352941176471e-01,3581921
5.138223799776819e+02,5.096604680119463e+02,5.882352941176471e-01,3581922
5.154356254242617e+02,5.109471887810980e+02,5.882352941176471e-01,3581924
5.155870858600348e+02,5.115508433009001e+02,5.882352941176471e-01,3581925
5.172003313066147e+02,5.140249405502620e+02,5.882352941176471e-01,3581926
5.175066911443502e+02,5.108062457690419e+02,1.764705882352941e+00,3581923
5.187517380503603e+02,5.169870321680073e+02,5.882352941176471e-01,3581927
5.198838525988154e+02,5.181191467164625e+02,5.882352941176471e-01,3581929
5.205164439327132e+02,5.183903722958155e+02,5.882352941176471e-01,3581930
5.223394031651138e+02,5.205746972827608e+02,5.882352941176471e-01,3581931
5.232769571087868e+02,5.179828394617280e+02,1.764705882352941e+00,3581928
5.236427840290882e+02,5.218780781467353e+02,5.882352941176471e-01,3581932
5.241041090474667e+02,5.221220491856298e+02,5.882352941176471e-01,3581933
5.253529310093519e+02,5.235882251269990e+02,5.882352941176471e-01,3581934
5.303901101712220e+02,5.250959925241632e+02,1.764705882352941e+00,3581935
5.312812679862119e+02,5.259871503391531e+02,1.764705882352941e+00,3581936
5.365200629516624e+02,5.347553570693094e+02,5.882352941176471e-01,3581937
5.385845557753108e+02,5.368198498929579e+02,5.882352941176471e-01,3581938
5.437635915604868e+02,5.419988856781338e+02,5.882352941176471e-01,3581940
5.446627269254278e+02,5.393686092783689e+02,1.764705882352941e+00,3581939
5.537569436679555e+02,5.519922377856026e+02,5.882352941176471e-01,3581943
5.546253291652877e+02,5.493312115182289e+02,1.764705882352941e+00,3581941
5.563900350476406e+02,5.537369361563258e+02,5.882352941176471e-01,3581945
5.571473786755058e+02,5.518532610284469e+02,1.764705882352941e+00,3581942
5.581547409299936e+02,5.542486665955602e+02,5.882352941176471e-01,3581946
5.590510613150143e+02,5.523323497458428e+02,1.764705882352941e+00,3581944
5.616841526946995e+02,5.554518158485468e+02,1.176470588235294e+00,3581948
5.624414963225646e+02,5.549844073217988e+02,1.764705882352941e+00,3581947
5.625804730797202e+02,5.560369259070131e+02,1.176470588235294e+00,3581949
5.634488585770524e+02,5.561949364312317e+02,5.882352941176471e-01,3581950
5.642062022049175e+02,5.587437791128724e+02,5.882352941176471e-01,3581951
5.652135644594053e+02,5.605762296772117e+02,5.882352941176471e-01,3581953
5.669782703417583e+02,5.629790301704037e+02,5.882352941176471e-01,3581955
5.677356139696234e+02,5.617285023500381e+02,1.176470588235294e+00,3581954
5.678745907267790e+02,5.591587764026161e+02,1.764705882352941e+00,3581952
5.695003198519763e+02,5.661417924140276e+02,5.882352941176471e-01,3581957
5.696392966091320e+02,5.664820761356083e+02,5.882352941176471e-01,3581958
5.705076821064642e+02,5.640825841183845e+02,1.176470588235294e+00,3581956
5.730297316166822e+02,5.669130264830043e+02,1.176470588235294e+00,3581959
5.749334142561908e+02,5.670929501972588e+02,1.764705882352941e+00,3581960
5.758017997535230e+02,5.690172380964544e+02,1.764705882352941e+00,3581961
5.765591433813881e+02,5.691553858415996e+02,1.176470588235294e+00,3581962
5.800105883596158e+02,5.764811765949099e+02,1.176470588235294e+00,3581964
5.804589567593908e+02,5.751648391123319e+02,1.764705882352941e+00,3581963
5.805171185413153e+02,5.787524126589624e+02,5.882352941176471e-01,3581965
5.822236626417437e+02,5.802019052670810e+02,5.882352941176471e-01,3581967
5.842791492817528e+02,5.825144433993999e+02,5.882352941176471e-01,3581969
5.853047060066746e+02,5.799422947044554e+02,1.764705882352941e+00,3581966
5.858112361883742e+02,5.803714777186200e+02,1.764705882352941e+00,3581968
5.878085610464587e+02,5.836248974358502e+02,1.176470588235294e+00,3581970
5.903330749126287e+02,5.868036631479228e+02,1.176470588235294e+00,3581971
5.907871221051476e+02,5.890224162227946e+02,5.882352941176471e-01,3581973
5.920977807949816e+02,5.891581005803608e+02,5.882352941176471e-01,3581974
5.923521937612963e+02,5.870580761142375e+02,1.764705882352941e+00,3581972
5.930661946032612e+02,5.913014887209082e+02,5.882352941176471e-01,3581975
5.977337686413401e+02,5.959690627589872e+02,5.882352941176471e-01,3581978
5.979907777099203e+02,5.944613659452144e+02,1.176470588235294e+00,3581977
5.993418599652009e+02,5.940477423181421e+02,1.764705882352941e+00,3581976
5.997554835922732e+02,5.975850537198602e+02,5.882352941176471e-01,3581980
6.011065658475539e+02,5.975992776897448e+02,5.882352941176471e-01,3581981
6.015201894746262e+02,5.981546071770193e+02,5.882352941176471e-01,3581982
6.029064727075282e+02,6.011417668251753e+02,5.882352941176471e-01,3581983
6.030278862883989e+02,5.966750516593604e+02,1.764705882352941e+00,3581979
6.078200527500956e+02,6.025259351030368e+02,1.764705882352941e+00,3581984
6.100624059017981e+02,6.047682882547393e+02,1.764705882352941e+00,3581985
6.153115382960603e+02,6.135468324137074e+02,5.882352941176471e-01,3581987
6.156548631469164e+02,6.103607454998576e+02,1.764705882352941e+00,3581986
6.177659968175233e+02,6.160012909351704e+02,5.882352941176471e-01,3581988
6.232711895624542e+02,6.197417777977483e+02,1.176470588235294e+00,3581991
6.236948333037677e+02,6.184007156567089e+02,1.764705882352941e+00,3581989
6.244736008179452e+02,6.191794831708863e+02,1.764705882352941e+00,3581990
6.254595391861206e+02,6.231685335802067e+02,5.882352941176471e-01,3581993
6.263876304620991e+02,6.246229245797462e+02,5.882352941176471e-01,3581994
6.285653072095130e+02,6.220901392596709e+02,1.764705882352941e+00,3581992
6.317307274109682e+02,6.264366097639094e+02,1.764705882352941e+00,3581995
6.361009739066858e+02,6.308068562596270e+02,1.764705882352941e+00,3581996
6.374028198130134e+02,6.321087021659546e+02,1.764705882352941e+00,3581997
6.383973537225338e+02,6.331032360754749e+02,1.764705882352941e+00,3581998
6.402637673772894e+02,6.384990614949365e+02,5.882352941176471e-01,3582000
6.413950915537446e+02,6.342400341970567e+02,1.764705882352941e+00,3581999
6.435766571968521e+02,6.418119513144991e+02,5.882352941176471e-01,3582002
6.436753940889773e+02,6.419106882066244e+02,5.882352941176471e-01,3582003
6.458598894449487e+02,6.405657717978899e+02,1.764705882352941e+00,3582001
6.471060689615580e+02,6.428017945752878e+02,1.176470588235294e+00,3582004
6.482359752080813e+02,6.464712693257284e+02,5.882352941176471e-01,3582005
6.511758263682507e+02,6.494111204858977e+02,5.882352941176471e-01,3582006
6.553875309564706e+02,6.500934133094117e+02,1.764705882352941e+00,3582007
6.557523301304155e+02,6.522229183657096e+02,1.176470588235294e+00,3582009
6.562697881022274e+02,6.509756704551686e+02,1.764705882352941e+00,3582008
6.592817418951214e+02,6.539047675699082e+02,1.176470588235294e+00,3582011
6.606816486035294e+02,6.536080217717164e+02,1.764705882352941e+00,3582010
6.615639057492862e+02,6.540488838537071e+02,1.764705882352941e+00,3582012
6.624463544858823e+02,6.574616401577348e+02,5.882352941176471e-01,3582014
6.633286116316392e+02,6.574744266452352e+02,5.882352941176471e-01,3582015
6.642110603682353e+02,6.576822890902013e+02,5.882352941176471e-01,3582016
6.645758595421802e+02,6.545681863175985e+02,1.764705882352941e+00,3582013
6.659757662505882e+02,6.634206989747550e+02,5.882352941176471e-01,3582018
6.681052713068861e+02,6.637622163755004e+02,1.176470588235294e+00,3582019
6.686227292786980e+02,6.590801300833360e+02,1.764705882352941e+00,3582017
6.695051780152941e+02,6.643588740656109e+02,1.176470588235294e+00,3582020
6.712698838976470e+02,6.684720143684834e+02,5.882352941176471e-01,3582023
6.716346830715920e+02,6.658674630645091e+02,1.176470588235294e+00,3582021
6.733993889539449e+02,6.700624447233207e+02,5.882352941176471e-01,3582025
6.739168469257568e+02,6.682458838932794e+02,1.764705882352941e+00,3582022
6.747992956623529e+02,6.686125246304832e+02,1.176470588235294e+00,3582024
6.751640948362979e+02,6.709475193577357e+02,5.882352941176471e-01,3582026
6.756815528081097e+02,6.726518248671040e+02,5.882352941176471e-01,3582027
6.769288007186508e+02,6.751460698362545e+02,5.882352941176471e-01,3582029
6.779519576161947e+02,6.761872517338418e+02,5.882352941176471e-01,3582030
6.800934133094117e+02,6.727604203367507e+02,1.764705882352941e+00,3582028
6.844311712784766e+02,6.791370536314178e+02,1.764705882352941e+00,3582031
6.849304842103040e+02,6.814010724455981e+02,1.176470588235294e+00,3582032
6.871869274038740e+02,6.854222215215210e+02,5.882352941176471e-01,3582033
6.944670879305595e+02,6.891729702835007e+02,1.764705882352941e+00,3582034
6.957747326109355e+02,6.940100267285826e+02,5.882352941176471e-01,3582035
7.011591841734755e+02,6.993944782911225e+02,5.882352941176471e-01,3582036
7.014323897345932e+02,6.996676838522402e+02,5.882352941176471e-01,3582038
7.029238900558284e+02,7.000866649192734e+02,5.882352941176471e-01,3582039
7.031732010764999e+02,6.996437893117940e+02,1.176470588235294e+00,3582037
7.031970956169461e+02,7.008591786771654e+02,5.882352941176471e-01,3582040
7.057207380740310e+02,7.039560321916781e+02,5.882352941176471e-01,3582042
7.057884050066161e+02,7.040236991242632e+02,5.882352941176471e-01,3582043
7.082180077028872e+02,7.011631018153973e+02,1.764705882352941e+00,3582041
7.103955423045777e+02,7.086308364222248e+02,5.882352941176471e-01,3582045
7.107172424624387e+02,7.089525365800858e+02,5.882352941176471e-01,3582046
7.119801580630290e+02,7.084507462983231e+02,1.176470588235294e+00,3582044
7.124819483447917e+02,7.104040609273588e+02,5.882352941176471e-01,3582048
7.137448639453819e+02,7.110347977331849e+02,5.882352941176471e-01,3582049
7.139249540692836e+02,7.100963498196709e+02,1.176470588235294e+00,3582047
7.142466542271446e+02,7.112929143843703e+02,5.882352941176471e-01,3582050
7.155095698277348e+02,7.135640323315264e+02,5.882352941176471e-01,3582051
7.194778867208981e+02,7.141837690738393e+02,1.764705882352941e+00,3582052
7.199772948376451e+02,7.182125889552922e+02,5.882352941176471e-01,3582053
7.215968309753653e+02,7.198321250930123e+02,5.882352941176471e-01,3582054
7.247567408562780e+02,7.229920349739251e+02,5.882352941176471e-01,3582055
7.258228009991950e+02,7.240580951168421e+02,5.882352941176471e-01,3582057
7.265214467386309e+02,7.241477165426131e+02,5.882352941176471e-01,3582058
7.273924606893486e+02,7.238630489246427e+02,1.176470588235294e+00,3582056
7.311169186462539e+02,7.252950261890810e+02,1.764705882352941e+00,3582059
7.353217841274024e+02,7.300276664803436e+02,1.764705882352941e+00,3582060
7.384788721297587e+02,7.367141662474058e+02,5.882352941176471e-01,3582061
7.417739829976737e+02,7.400092771153208e+02,5.882352941176471e-01,3582062
7.439769858385720e+02,7.422122799562190e+02,5.882352941176471e-01,3582063
7.466509089872787e+02,7.448862031049258e+02,5.882352941176471e-01,3582065
7.490782311520720e+02,7.437841135050132e+02,1.764705882352941e+00,3582064
7.512376725181155e+02,7.459435548710567e+02,1.764705882352941e+00,3582066
7.525597643073269e+02,7.507950584249739e+02,5.882352941176471e-01,3582067
7.537063114885287e+02,7.519416056061758e+02,5.882352941176471e-01,3582069
7.554037448659510e+02,7.518743331012451e+02,1.176470588235294e+00,3582068
7.584365450077322e+02,7.566718391253793e+02,5.882352941176471e-01,3582071
7.595512895659637e+02,7.577865836836107e+02,5.882352941176471e-01,3582072
7.595940620955991e+02,7.542999444485403e+02,1.764705882352941e+00,3582070
7.602012508900851e+02,7.579509116142437e+02,5.882352941176471e-01,3582073
7.629295094446914e+02,7.611648035623385e+02,5.882352941176471e-01,3582075
7.648454072130225e+02,7.590404423413059e+02,1.764705882352941e+00,3582074
7.659397129433588e+02,7.641750070610058e+02,5.882352941176471e-01,3582076
7.683855338852718e+02,7.666208280029189e+02,5.882352941176471e-01,3582078
7.698804441161148e+02,7.645863264690559e+02,1.764705882352941e+00,3582077
7.750643388004014e+02,7.697702211533425e+02,1.764705882352941e+00,3582079
7.765229053465712e+02,7.747581994642183e+02,5.882352941176471e-01,3582081
7.785030517070698e+02,7.732089340600110e+02,1.764705882352941e+00,3582080
7.788679157772909e+02,7.771032098949380e+02,5.882352941176471e-01,3582082
7.820423955832070e+02,7.802776897008540e+02,5.882352941176471e-01,3582085
7.843154260140368e+02,7.825507201316838e+02,5.882352941176471e-01,3582086
7.847381198685266e+02,7.794440022214678e+02,1.764705882352941e+00,3582083
7.851067579562411e+02,7.798126403091822e+02,1.764705882352941e+00,3582084
7.860801318963897e+02,7.832972674791497e+02,5.882352941176471e-01,3582087
7.868714638385940e+02,7.842508026463455e+02,5.882352941176471e-01,3582089
7.878448377787427e+02,7.848667631666946e+02,5.882352941176471e-01,3582090
7.886361697209470e+02,7.853928664277659e+02,5.882352941176471e-01,3582091
7.896095436610956e+02,7.858079744146486e+02,5.882352941176471e-01,3582092
7.900322375155854e+02,7.838768928689894e+02,1.764705882352941e+00,3582088
7.904008756032999e+02,7.858084458254260e+02,5.882352941176471e-01,3582093
7.913742495434485e+02,7.886929060140723e+02,5.882352941176471e-01,3582094
7.926005760537342e+02,7.908358701713812e+02,5.882352941176471e-01,3582096
7.935616492802913e+02,7.891199390430935e+02,1.176470588235294e+00,3582095
7.976575087101766e+02,7.923633910631178e+02,1.764705882352941e+00,3582097
7.982519662134333e+02,7.964872603310803e+02,5.882352941176471e-01,3582099
8.008566474484936e+02,7.955625298014348e+02,1.764705882352941e+00,3582098
8.017813779781392e+02,7.982493804665059e+02,1.176470588235294e+00,3582101
8.032576516135514e+02,7.979635339664926e+02,1.764705882352941e+00,3582100
8.035460838604921e+02,7.998857096721872e+02,5.882352941176471e-01,3582103
8.050223574959043e+02,8.010513171601796e+02,5.882352941176471e-01,3582104
8.053107897428451e+02,8.031796118748579e+02,5.882352941176471e-01,3582105
8.061507650955525e+02,7.985625263662170e+02,1.764705882352941e+00,3582102
8.077705488089496e+02,8.060058429265967e+02,5.882352941176471e-01,3582107
8.080715816651344e+02,8.063068757827815e+02,5.882352941176471e-01,3582108
8.095352546913026e+02,8.066002960405118e+02,5.882352941176471e-01,3582109
8.098362875474874e+02,8.068272917045954e+02,5.882352941176471e-01,3582110
8.103164751429631e+02,8.038165874973311e+02,1.764705882352941e+00,3582106
8.116009934298403e+02,8.073007384323955e+02,5.882352941176471e-01,3582112
8.120811810253161e+02,8.091103519873421e+02,5.882352941176471e-01,3582113
8.130646664560085e+02,8.068926544395752e+02,1.176470588235294e+00,3582111
8.151304051945462e+02,8.110684209009986e+02,1.176470588235294e+00,3582114
8.186502345085469e+02,8.133561168614881e+02,1.764705882352941e+00,3582115
8.196585024368802e+02,8.143643847898214e+02,1.764705882352941e+00,3582116
8.204149403908999e+02,8.162026369135949e+02,5.882352941176471e-01,3582118
8.204245228416050e+02,8.147995737192924e+02,1.764705882352941e+00,3582117
8.214232083192332e+02,8.163531754641692e+02,5.882352941176471e-01,3582119
8.221796462732528e+02,8.179355051781106e+02,5.882352941176471e-01,3582120
8.221892287239580e+02,8.189180631669491e+02,5.882352941176471e-01,3582121
8.231879142015861e+02,8.193102240043744e+02,5.882352941176471e-01,3582122
8.247585888395159e+02,8.229938829571629e+02,5.882352941176471e-01,3582123
8.250577754513251e+02,8.232930695689721e+02,5.882352941176471e-01,3582124
8.291440025617151e+02,8.273792966793622e+02,5.882352941176471e-01,3582126
8.304334672845676e+02,8.251393496375087e+02,1.764705882352941e+00,3582125
8.321685672934678e+02,8.304038614111148e+02,5.882352941176471e-01,3582127
8.354297443303675e+02,8.336650384480145e+02,5.882352941176471e-01,3582128
8.362757398044580e+02,8.345110339221051e+02,5.882352941176471e-01,3582130
8.371944502127204e+02,8.346401901891071e+02,5.882352941176471e-01,3582131
8.380404456868110e+02,8.350036124513787e+02,5.882352941176471e-01,3582132
8.393534678578218e+02,8.340593502107629e+02,1.764705882352941e+00,3582129
8.398807227371279e+02,8.381160168547749e+02,5.882352941176471e-01,3582133
8.411181737401747e+02,8.388539516373484e+02,5.882352941176471e-01,3582135
8.416454286194808e+02,8.390428674470213e+02,5.882352941176471e-01,3582136
8.417678881719791e+02,8.382384764072732e+02,1.176470588235294e+00,3582134
8.434101345018338e+02,8.401889701499060e+02,5.882352941176471e-01,3582138
8.464122913872335e+02,8.398102380523627e+02,1.764705882352941e+00,3582137
8.469220380798155e+02,8.451573321974625e+02,5.882352941176471e-01,3582140
8.481314685938666e+02,8.428373509468078e+02,1.764705882352941e+00,3582139
8.502909717025595e+02,8.485262658202066e+02,5.882352941176471e-01,3582141
8.525400747174911e+02,8.507753688351382e+02,5.882352941176471e-01,3582142
8.547719782272758e+02,8.530072723449228e+02,5.882352941176471e-01,3582145
8.567170675373070e+02,8.514229498902482e+02,1.764705882352941e+00,3582143
8.575348463989233e+02,8.522407287518645e+02,1.764705882352941e+00,3582144
8.576606566545293e+02,8.558959507721764e+02,5.882352941176471e-01,3582146
8.590915198034876e+02,8.573268139211347e+02,5.882352941176471e-01,3582147
8.592995522812763e+02,8.574103280793948e+02,5.882352941176471e-01,3582148
8.594253625368823e+02,8.575736898407804e+02,5.882352941176471e-01,3582149
8.614151482090578e+02,8.596504423267049e+02,5.882352941176471e-01,3582150
8.620457778740308e+02,8.602810719916779e+02,5.882352941176471e-01,3582151
8.625488060404051e+02,8.607841001580521e+02,5.882352941176471e-01,3582152
8.693233207913695e+02,8.675586149090166e+02,5.882352941176471e-01,3582154
8.701298955907886e+02,8.648357779437298e+02,1.764705882352941e+00,3582153
8.728527325560754e+02,8.685931070045927e+02,1.176470588235294e+00,3582156
8.728688663144830e+02,8.675747486674241e+02,1.764705882352941e+00,3582155
8.767949059314720e+02,8.750302000491191e+02,5.882352941176471e-01,3582158
8.792877102793453e+02,8.739935926322864e+02,1.764705882352941e+00,3582157
8.806351030754553e+02,8.788703971931024e+02,5.882352941176471e-01,3582160
8.810524161616982e+02,8.791958350302676e+02,5.882352941176471e-01,3582161
8.821830129548275e+02,8.768888953077687e+02,1.764705882352941e+00,3582159
8.839477188371805e+02,8.815370025001236e+02,5.882352941176471e-01,3582164
8.845818279264041e+02,8.810041857125788e+02,1.176470588235294e+00,3582163
8.859292207225142e+02,8.805496261026010e+02,1.764705882352941e+00,3582162
8.863683559365130e+02,8.846036500541601e+02,5.882352941176471e-01,3582165
8.871444634002881e+02,8.853797575179351e+02,5.882352941176471e-01,3582166
8.904396342428952e+02,8.869102224781893e+02,1.176470588235294e+00,3582167
8.936218259173285e+02,8.918571200349756e+02,5.882352941176471e-01,3582169
8.941451791131043e+02,8.888510614660455e+02,1.764705882352941e+00,3582168
8.942803797417700e+02,8.925156738594170e+02,5.882352941176471e-01,3582170
8.979373075416296e+02,8.961726016592766e+02,5.882352941176471e-01,3582173
8.993439008031197e+02,8.958144890384138e+02,1.176470588235294e+00,3582172
8.997020134239825e+02,8.968723420742689e+02,5.882352941176471e-01,3582174
9.003584603232409e+02,8.950643426761821e+02,1.764705882352941e+00,3582171
9.011086066854726e+02,8.975009062278148e+02,5.882352941176471e-01,3582175
9.049961310710413e+02,8.979990605232431e+02,1.764705882352941e+00,3582176
9.057607096576548e+02,9.039960037753018e+02,5.882352941176471e-01,3582178
9.059748437422036e+02,9.024454319774977e+02,1.176470588235294e+00,3582177
9.102902487181001e+02,9.041459251939173e+02,1.764705882352941e+00,3582179
9.148357264790653e+02,9.095416088320065e+02,1.764705882352941e+00,3582180
9.151428496546877e+02,9.098487320076288e+02,1.764705882352941e+00,3582181
9.155843663651590e+02,9.099568666101976e+02,1.764705882352941e+00,3582182
9.166004323614182e+02,9.141916547865538e+02,5.882352941176471e-01,3582183
9.173490722475119e+02,9.151248784005335e+02,5.882352941176471e-01,3582185
9.183859036212645e+02,9.166211977389115e+02,5.882352941176471e-01,3582186
9.201506095036174e+02,9.177713793557099e+02,5.882352941176471e-01,3582188
9.204369673017465e+02,9.146691657612739e+02,1.764705882352941e+00,3582184
9.226431898945707e+02,9.171069022264636e+02,1.764705882352941e+00,3582187
9.236800212683233e+02,9.177780908397760e+02,1.176470588235294e+00,3582189
9.244078957769237e+02,9.210682229738730e+02,5.882352941176471e-01,3582191
9.257310849488053e+02,9.191461954672870e+02,1.764705882352941e+00,3582190
9.303479116670111e+02,9.285832057846582e+02,5.882352941176471e-01,3582194
9.315326393723430e+02,9.280032276076371e+02,1.176470588235294e+00,3582193
9.321126175493641e+02,9.286558583731724e+02,5.882352941176471e-01,3582195
9.332170846368623e+02,9.279229669898035e+02,1.764705882352941e+00,3582192
9.332973452546959e+02,9.291460927830698e+02,5.882352941176471e-01,3582196
9.353755164851308e+02,9.336108106027779e+02,5.882352941176471e-01,3582199
9.367464964015682e+02,9.326471902811051e+02,1.176470588235294e+00,3582198
9.374067351964229e+02,9.304932393768941e+02,1.764705882352941e+00,3582197
9.423854618838580e+02,9.388560501191521e+02,1.176470588235294e+00,3582200
9.437792181705439e+02,9.420145122881909e+02,5.882352941176471e-01,3582201
9.483754974985401e+02,9.430813798514813e+02,1.764705882352941e+00,3582202
9.492713766616115e+02,9.439772590145527e+02,1.764705882352941e+00,3582203
9.536291747489185e+02,9.518644688665656e+02,5.882352941176471e-01,3582204
9.582445415707597e+02,9.547151298060538e+02,1.176470588235294e+00,3582206
9.585995853392911e+02,9.533054676922323e+02,1.764705882352941e+00,3582205
9.586928986348320e+02,9.569281927524790e+02,5.882352941176471e-01,3582207
9.627254627465339e+02,9.591960509818280e+02,1.176470588235294e+00,3582209
9.637501807947973e+02,9.584560631477384e+02,1.764705882352941e+00,3582208
9.647254620175864e+02,9.629607561352335e+02,5.882352941176471e-01,3582210
9.682988893617672e+02,9.630047717147084e+02,1.764705882352941e+00,3582211
9.690442984418561e+02,9.632099640882943e+02,1.764705882352941e+00,3582212
9.697859845063536e+02,9.680212786240006e+02,5.882352941176471e-01,3582213
9.717837977662684e+02,9.700190918839155e+02,5.882352941176471e-01,3582214
9.726076898539177e+02,9.708429839715648e+02,5.882352941176471e-01,3582215
9.752974032495409e+02,9.735326973671880e+02,5.882352941176471e-01,3582217
9.753319146504180e+02,9.735672087680651e+02,5.882352941176471e-01,3582218
9.765642956270680e+02,9.712701779800092e+02,1.764705882352941e+00,3582216
9.791155846601504e+02,9.773508787777974e+02,5.882352941176471e-01,3582219
9.800163811666609e+02,9.782516752843080e+02,5.882352941176471e-01,3582220
9.811681704787710e+02,9.794034645964181e+02,5.882352941176471e-01,3582221
9.817405020292439e+02,9.799757961468909e+02,5.882352941176471e-01,3582222
9.840808198173798e+02,9.823161139350269e+02,5.882352941176471e-01,3582224
9.862501124592676e+02,9.827207006945618e+02,1.176470588235294e+00,3582225
9.872983714438944e+02,9.820042537968356e+02,1.764705882352941e+00,3582223
9.890630773262474e+02,9.856718597482331e+02,5.882352941176471e-01,3582228
9.893749374644386e+02,9.837516767075348e+02,1.764705882352941e+00,3582226
9.908277832086003e+02,9.876154399326755e+02,5.882352941176471e-01,3582229
9.911396433467916e+02,9.881474139191123e+02,5.882352941176471e-01,3582230
9.915442301063265e+02,9.849104583207818e+02,1.764705882352941e+00,3582227
9.925924890909533e+02,9.901100766711551e+02,5.882352941176471e-01,3582231
9.948883106669214e+02,9.931236047845685e+02,5.882352941176471e-01,3582232
9.971368289438129e+02,9.953721230614600e+02,5.882352941176471e-01,3582234
9.986380777611440e+02,9.951086659964381e+02,1.176470588235294e+00,3582233
9.989040244027548e+02,9.953746126380489e+02,1.176470588235294e+00,3582235
1.000668730285108e+03,9.984330997086441e+02,5.882352941176471e-01,3582238
1.002430946590872e+03,9.955992316731906e+02,1.764705882352941e+00,3582236
1.003592677714861e+03,1.001827971832508e+03,5.882352941176471e-01,3582239
1.003932195408203e+03,9.973215879829007e+02,1.764705882352941e+00,3582237
1.007346053455604e+03,1.005581347573251e+03,5.882352941176471e-01,3582240
1.007675852272555e+03,1.005911146390202e+03,5.882352941176471e-01,3582241
1.008848851648126e+03,1.007084145765773e+03,5.882352941176471e-01,3582242
1.009181816566259e+03,1.007417110683906e+03,5.882352941176471e-01,3582243
1.010427458542220e+03,1.008662752659867e+03,5.882352941176471e-01,3582244
1.014966091039779e+03,1.009671973392720e+03,1.764705882352941e+00,3582245
1.016568782471703e+03,1.014804076589350e+03,5.882352941176471e-01,3582247
1.018665825697210e+03,1.013371708050151e+03,1.764705882352941e+00,3582246
1.020706434593928e+03,1.015412316946869e+03,1.764705882352941e+00,3582248
1.021862900118762e+03,1.015968326007963e+03,1.764705882352941e+00,3582249
1.021893183250662e+03,1.020128477368309e+03,5.882352941176471e-01,3582250
1.024657953532459e+03,1.022893247650106e+03,5.882352941176471e-01,3582251
1.029074669690454e+03,1.027309963808101e+03,5.882352941176471e-01,3582252
1.034605146545360e+03,1.029311028898301e+03,1.764705882352941e+00,3582253
1.034727065187146e+03,1.032962359304793e+03,5.882352941176471e-01,3582255
1.036322265577606e+03,1.031028147930548e+03,1.764705882352941e+00,3582254
1.038932633958801e+03,1.037167928076448e+03,5.882352941176471e-01,3582256
1.039760514626189e+03,1.037995808743837e+03,5.882352941176471e-01,3582257
1.042031398371879e+03,1.040266692489526e+03,5.882352941176471e-01,3582258
1.043952942507922e+03,1.042188236625570e+03,5.882352941176471e-01,3582259
1.045751275424008e+03,1.043986569541655e+03,5.882352941176471e-01,3582260
1.046561728355396e+03,1.044797022473043e+03,5.882352941176471e-01,3582261
1.046709916594701e+03,1.044945210712348e+03,5.882352941176471e-01,3582262
1.049000701347315e+03,1.047235995464962e+03,5.882352941176471e-01,3582263
1.052852031608037e+03,1.047557913960978e+03,1.764705882352941e+00,3582264
1.053605820831423e+03,1.048311703184365e+03,1.764705882352941e+00,3582265
1.055576299241757e+03,1.053811593359404e+03,5.882352941176471e-01,3582267
1.055709176050043e+03,1.050415058402984e+03,1.764705882352941e+00,3582266
1.058349531158519e+03,1.056584825276166e+03,5.882352941176471e-01,3582269
1.059720299336882e+03,1.054426181689823e+03,1.764705882352941e+00,3582268
1.064339363387249e+03,1.059045245740190e+03,1.764705882352941e+00,3582270
1.064390826145139e+03,1.062626120262786e+03,5.882352941176471e-01,3582272
1.064732810529964e+03,1.061203398765258e+03,1.176470588235294e+00,3582271
1.075143843324563e+03,1.073379137442210e+03,5.882352941176471e-01,3582274
1.077250989793473e+03,1.071956872146414e+03,1.764705882352941e+00,3582273
1.078715040015734e+03,1.076950334133381e+03,5.882352941176471e-01,3582275
1.080694360690391e+03,1.078929654808038e+03,5.882352941176471e-01,3582276
1.083058357817672e+03,1.081293651935319e+03,5.882352941176471e-01,3582279
1.084821447639519e+03,1.079527329992460e+03,1.764705882352941e+00,3582277
1.084901046213500e+03,1.079606928566441e+03,1.764705882352941e+00,3582278
1.088352475464730e+03,1.082652189685113e+03,1.764705882352941e+00,3582280
1.089860584929416e+03,1.088095879047063e+03,5.882352941176471e-01,3582282
1.090115565286577e+03,1.084382133156378e+03,1.764705882352941e+00,3582281
1.091625290811769e+03,1.089640570377968e+03,5.882352941176471e-01,3582284
1.094752572767213e+03,1.089458455120155e+03,1.764705882352941e+00,3582283
1.095806113184234e+03,1.090511995537175e+03,1.764705882352941e+00,3582285
1.098099191755509e+03,1.092805074108450e+03,1.764705882352941e+00,3582286
1.100666196438707e+03,1.095372078791648e+03,1.764705882352941e+00,3582287
1.101947801529868e+03,1.096653683882809e+03,1.764705882352941e+00,3582288
1.102430902321060e+03,1.098813413660744e+03,5.882352941176471e-01,3582290
1.103393309402567e+03,1.097088480195947e+03,1.764705882352941e+00,3582289
1.103712507412221e+03,1.099586770491187e+03,5.882352941176471e-01,3582291
1.105158015284920e+03,1.101148455678518e+03,5.882352941176471e-01,3582293
1.105477213294573e+03,1.101742231222853e+03,5.882352941176471e-01,3582294
1.106922721167273e+03,1.101974733943324e+03,5.882352941176471e-01,3582295
1.107241919176926e+03,1.102787554335303e+03,5.882352941176471e-01,3582296
1.107725019968119e+03,1.100365699602496e+03,1.764705882352941e+00,3582292
1.108687427049626e+03,1.102961213334269e+03,5.882352941176471e-01,3582297
1.109006625059279e+03,1.103009464756260e+03,5.882352941176471e-01,3582298
1.109489725850472e+03,1.103225347970036e+03,5.882352941176471e-01,3582299
1.110452132931979e+03,1.103283831810283e+03,5.882352941176471e-01,3582300
1.112216838814332e+03,1.106744422740457e+03,5.882352941176471e-01,3582303
1.113019137615177e+03,1.105897831930526e+03,1.176470588235294e+00,3582302
1.113981544696685e+03,1.108597159353492e+03,5.882352941176471e-01,3582304
1.114300742706338e+03,1.105780187937267e+03,1.764705882352941e+00,3582301
1.118313255262236e+03,1.110031674331562e+03,1.764705882352941e+00,3582305
1.119275662343744e+03,1.112503692222449e+03,1.764705882352941e+00,3582306
1.119594860353397e+03,1.113883299309376e+03,1.764705882352941e+00,3582307
1.120077961144589e+03,1.115946304935449e+03,5.882352941176471e-01,3582308
1.124569779990803e+03,1.116525070075039e+03,1.764705882352941e+00,3582309
1.124888978000456e+03,1.118567786085983e+03,1.764705882352941e+00,3582310
1.125372078791648e+03,1.119339223917762e+03,1.764705882352941e+00,3582311
1.126334485873156e+03,1.119554329839969e+03,5.882352941176471e-01,3582312
1.126653683882809e+03,1.119632309473096e+03,5.882352941176471e-01,3582313
1.128450159791898e+03,1.126685453909545e+03,5.882352941176471e-01,3582314
1.135385776983128e+03,1.133621071100775e+03,5.882352941176471e-01,3582316
1.136463385357748e+03,1.131169267710689e+03,1.764705882352941e+00,3582315
1.141256797315677e+03,1.139492091433324e+03,5.882352941176471e-01,3582317
1.141423040501218e+03,1.139658334618865e+03,5.882352941176471e-01,3582318
1.141482468162008e+03,1.139717762279655e+03,5.882352941176471e-01,3582319
1.143187746383571e+03,1.140480988886920e+03,5.882352941176471e-01,3582321
1.144786209080383e+03,1.139927678448260e+03,1.176470588235294e+00,3582320
1.144952452265924e+03,1.140997252541499e+03,5.882352941176471e-01,3582323
1.145011879926714e+03,1.140867909387905e+03,1.176470588235294e+00,3582322
1.146776585809067e+03,1.142988864962501e+03,5.882352941176471e-01,3582326
1.148541291691420e+03,1.145667010884082e+03,5.882352941176471e-01,3582327
1.150080326727442e+03,1.141366366603140e+03,1.764705882352941e+00,3582324
1.150246569912983e+03,1.142493272737419e+03,1.764705882352941e+00,3582325
1.153835409338479e+03,1.145780557771358e+03,1.764705882352941e+00,3582328
1.155008848491409e+03,1.151479436726703e+03,1.176470588235294e+00,3582329
1.157855291011801e+03,1.152561173364742e+03,1.764705882352941e+00,3582330
1.161882526717574e+03,1.156588409070515e+03,1.764705882352941e+00,3582331
1.163528752100775e+03,1.158234634453716e+03,1.764705882352941e+00,3582332
1.164534827742359e+03,1.159240710095300e+03,1.764705882352941e+00,3582333
1.165411938482280e+03,1.160297342700801e+03,1.176470588235294e+00,3582334
1.168822869747834e+03,1.162031475628546e+03,1.764705882352941e+00,3582335
1.170587575630187e+03,1.168315008133859e+03,5.882352941176471e-01,3582338
1.172305345907588e+03,1.167011228260529e+03,1.764705882352941e+00,3582336
1.172378787934737e+03,1.167084670287678e+03,1.764705882352941e+00,3582337
1.174433536392974e+03,1.172668830510621e+03,5.882352941176471e-01,3582339
1.174543318688115e+03,1.172778612805762e+03,5.882352941176471e-01,3582340
1.175806458273373e+03,1.174041752391020e+03,5.882352941176471e-01,3582341
1.178625247514365e+03,1.176860541632012e+03,5.882352941176471e-01,3582342
1.183081317713511e+03,1.177787200066452e+03,1.764705882352941e+00,3582343
1.185552428408422e+03,1.183787722526069e+03,5.882352941176471e-01,3582345
1.185783828996359e+03,1.180489711349300e+03,1.764705882352941e+00,3582344
1.192623477552471e+03,1.190858771670118e+03,5.882352941176471e-01,3582347
1.192836341986982e+03,1.191071636104629e+03,5.882352941176471e-01,3582348
1.194388183434824e+03,1.191759457881677e+03,5.882352941176471e-01,3582349
1.195303814276469e+03,1.193539108394116e+03,5.882352941176471e-01,3582350
1.195956318574596e+03,1.190662200927537e+03,1.764705882352941e+00,3582346
1.196152889317177e+03,1.193980928750874e+03,5.882352941176471e-01,3582351
1.197177607734111e+03,1.195412901851758e+03,5.882352941176471e-01,3582352
1.199217096375066e+03,1.197452390492713e+03,5.882352941176471e-01,3582353
1.199949001904484e+03,1.198184296022131e+03,5.882352941176471e-01,3582354
1.203573154523429e+03,1.201808448641076e+03,5.882352941176471e-01,3582355
1.204835742032729e+03,1.203071036150376e+03,5.882352941176471e-01,3582356
1.207820425506095e+03,1.204291013741389e+03,1.176470588235294e+00,3582357
1.210090923109084e+03,1.208326217226731e+03,5.882352941176471e-01,3582359
1.210682550879832e+03,1.208917844997479e+03,5.882352941176471e-01,3582360
1.212447256762185e+03,1.210168267251447e+03,5.882352941176471e-01,3582362
1.213369189634136e+03,1.208075071987077e+03,1.764705882352941e+00,3582358
1.215385040756143e+03,1.209454223314552e+03,1.764705882352941e+00,3582361
1.215472622500001e+03,1.213707916617648e+03,5.882352941176471e-01,3582364
1.217237328382354e+03,1.214779507589230e+03,5.882352941176471e-01,3582366
1.217781215311671e+03,1.212487097664612e+03,1.764705882352941e+00,3582363
1.220679158403201e+03,1.213943857175946e+03,1.764705882352941e+00,3582365
1.223966386830561e+03,1.222201680948208e+03,5.882352941176471e-01,3582367
1.224180542758087e+03,1.222415836875734e+03,5.882352941176471e-01,3582368
1.227843510349383e+03,1.222549392702324e+03,1.764705882352941e+00,3582369
1.228416979504447e+03,1.224887567739741e+03,1.176470588235294e+00,3582370
1.228714269082560e+03,1.226949563200207e+03,5.882352941176471e-01,3582371
1.230381758658052e+03,1.228617052775699e+03,5.882352941176471e-01,3582372
1.233541317650370e+03,1.231776611768017e+03,5.882352941176471e-01,3582373
1.234019067483074e+03,1.232254361600721e+03,5.882352941176471e-01,3582375
1.237150667552858e+03,1.231856549905800e+03,1.764705882352941e+00,3582374
1.237789538196059e+03,1.236024832313706e+03,5.882352941176471e-01,3582376
1.238403496313089e+03,1.236638790430736e+03,5.882352941176471e-01,3582377
1.242444785199917e+03,1.236740094382813e+03,1.764705882352941e+00,3582378
1.247030252216763e+03,1.245265546334410e+03,5.882352941176471e-01,3582379
1.250072467094837e+03,1.248307761212484e+03,5.882352941176471e-01,3582380
1.253638372193991e+03,1.251873666311638e+03,5.882352941176471e-01,3582382
1.255930191086374e+03,1.250636073439315e+03,1.764705882352941e+00,3582381
1.256565805166132e+03,1.254801099283779e+03,5.882352941176471e-01,3582383
1.256737365192486e+03,1.254972659310133e+03,5.882352941176471e-01,3582384
1.257694896968727e+03,1.255117488424818e+03,5.882352941176471e-01,3582385
1.258330511048485e+03,1.255185932363288e+03,5.882352941176471e-01,3582386
1.258502071074839e+03,1.256255133070482e+03,5.882352941176471e-01,3582387
1.259459602851080e+03,1.256671428875678e+03,5.882352941176471e-01,3582388
1.260095216930838e+03,1.257530247602952e+03,5.882352941176471e-01,3582389
1.261224308733432e+03,1.258317514987242e+03,5.882352941176471e-01,3582391
1.261859922813190e+03,1.258491983676314e+03,5.882352941176471e-01,3582392
1.263796188721897e+03,1.257699018219843e+03,1.764705882352941e+00,3582390
1.265560894604250e+03,1.261736035509161e+03,5.882352941176471e-01,3582395
1.266518426380491e+03,1.259241083522960e+03,1.764705882352941e+00,3582393
1.267154040460249e+03,1.259611983913021e+03,1.764705882352941e+00,3582394
1.267325600486603e+03,1.262298851511410e+03,5.882352941176471e-01,3582396
1.268283132262844e+03,1.262441155258587e+03,5.882352941176471e-01,3582397
1.269090306368956e+03,1.265752557572595e+03,5.882352941176471e-01,3582399
1.270047838145197e+03,1.266323771078016e+03,5.882352941176471e-01,3582400
1.270855012251309e+03,1.266906780975747e+03,5.882352941176471e-01,3582401
1.272448158107308e+03,1.265521352001744e+03,1.764705882352941e+00,3582398
1.275941417217943e+03,1.272412005453237e+03,1.176470588235294e+00,3582403
1.276565609108634e+03,1.271271491461575e+03,1.764705882352941e+00,3582402
1.277807953402849e+03,1.272513835755790e+03,1.764705882352941e+00,3582404
1.279470828982649e+03,1.272928353232073e+03,1.176470588235294e+00,3582405
1.279572659285202e+03,1.273484728389173e+03,5.882352941176471e-01,3582407
1.281235534865002e+03,1.275326987049640e+03,5.882352941176471e-01,3582408
1.281859726755693e+03,1.273386949160544e+03,1.764705882352941e+00,3582406
1.283000240747355e+03,1.275950879479363e+03,5.882352941176471e-01,3582410
1.283624432638046e+03,1.278490486717803e+03,5.882352941176471e-01,3582411
1.284866776932261e+03,1.275584842355636e+03,1.764705882352941e+00,3582409
1.285389138520398e+03,1.282279665861443e+03,5.882352941176471e-01,3582413
1.286631482814614e+03,1.283183014297275e+03,5.882352941176471e-01,3582414
1.287153844402751e+03,1.284228282674967e+03,5.882352941176471e-01,3582415
1.288294358394414e+03,1.280297758739596e+03,1.764705882352941e+00,3582412
1.288396188696967e+03,1.284621427663965e+03,5.882352941176471e-01,3582416
1.288918550285104e+03,1.284667922163262e+03,5.882352941176471e-01,3582417
1.290059064276767e+03,1.286004539948881e+03,5.882352941176471e-01,3582418
1.292453026566555e+03,1.290688320684202e+03,5.882352941176471e-01,3582419
1.296794926145162e+03,1.295030220262809e+03,5.882352941176471e-01,3582421
1.299291681027952e+03,1.293997563380894e+03,1.764705882352941e+00,3582420
1.300806792886013e+03,1.299042087003660e+03,5.882352941176471e-01,3582423
1.302875944648179e+03,1.297581827001121e+03,1.764705882352941e+00,3582422
1.305548902144357e+03,1.303784196262004e+03,5.882352941176471e-01,3582424
1.307992637225199e+03,1.306227931342846e+03,5.882352941176471e-01,3582425
1.309202708297290e+03,1.307438002414937e+03,5.882352941176471e-01,3582427
1.311974875624435e+03,1.306680757977376e+03,1.764705882352941e+00,3582426
1.312855573304028e+03,1.309326161539322e+03,1.176470588235294e+00,3582429
1.313739581506788e+03,1.311757673765805e+03,5.882352941176471e-01,3582430
1.314578913427160e+03,1.309284795780101e+03,1.764705882352941e+00,3582428
1.315504287389140e+03,1.313353184432320e+03,5.882352941176471e-01,3582432
1.317268993271493e+03,1.314095152525810e+03,5.882352941176471e-01,3582434
1.318457429800812e+03,1.313163312153753e+03,1.764705882352941e+00,3582431
1.319873031074218e+03,1.313526172457681e+03,1.764705882352941e+00,3582433
1.321637736956571e+03,1.318879097824340e+03,5.882352941176471e-01,3582437
1.321986841565518e+03,1.317097400720584e+03,1.176470588235294e+00,3582436
1.322563110918552e+03,1.314156129280253e+03,1.764705882352941e+00,3582435
1.323402442838924e+03,1.319149717959019e+03,5.882352941176471e-01,3582438
1.323751547447871e+03,1.320381083593705e+03,5.882352941176471e-01,3582439
1.324327816800905e+03,1.321090818593522e+03,5.882352941176471e-01,3582440
1.325167148721277e+03,1.321651397531932e+03,5.882352941176471e-01,3582441
1.329045665094930e+03,1.323153757233573e+03,1.764705882352941e+00,3582442
1.330630983597133e+03,1.328866277714780e+03,5.882352941176471e-01,3582443
1.332144063592975e+03,1.330379357710622e+03,5.882352941176471e-01,3582444
1.334121766872066e+03,1.332357060989713e+03,5.882352941176471e-01,3582445
1.334807382290886e+03,1.333042676408533e+03,5.882352941176471e-01,3582446
1.335448688149072e+03,1.333683982266719e+03,5.882352941176471e-01,3582447
1.335979941023559e+03,1.334215235141206e+03,5.882352941176471e-01,3582448
1.336572088173239e+03,1.334506065282478e+03,5.882352941176471e-01,3582449
1.337744646905912e+03,1.335917139184768e+03,5.882352941176471e-01,3582451
1.340742805796130e+03,1.334921800201743e+03,1.764705882352941e+00,3582450
1.341542120929670e+03,1.339777415047317e+03,5.882352941176471e-01,3582452
1.341921355386153e+03,1.340156649503800e+03,5.882352941176471e-01,3582453
1.349391365322948e+03,1.344097247675889e+03,1.764705882352941e+00,3582454
1.350961830113840e+03,1.349197124231487e+03,5.882352941176471e-01,3582455
1.351368726975396e+03,1.349604021093043e+03,5.882352941176471e-01,3582456
1.355578373855896e+03,1.350284256208837e+03,1.764705882352941e+00,3582457
1.355764872225402e+03,1.352235460460697e+03,1.176470588235294e+00,3582459
1.357515106555440e+03,1.352220988908381e+03,1.764705882352941e+00,3582458
1.357529578107755e+03,1.355523561482490e+03,5.882352941176471e-01,3582461
1.359279812437793e+03,1.355926490048806e+03,5.882352941176471e-01,3582462
1.359294283990108e+03,1.357246792382594e+03,5.882352941176471e-01,3582463
1.360872491502955e+03,1.355205562977715e+03,1.764705882352941e+00,3582460
1.361058989872461e+03,1.358510786161409e+03,5.882352941176471e-01,3582465
1.362637197385308e+03,1.359250948634449e+03,5.882352941176471e-01,3582466
1.362823695754814e+03,1.359525111184941e+03,5.882352941176471e-01,3582467
1.364401903267660e+03,1.360249624360729e+03,5.882352941176471e-01,3582468
1.364573930084852e+03,1.357586685193730e+03,1.764705882352941e+00,3582464
1.368871355706450e+03,1.367106649824097e+03,5.882352941176471e-01,3582469
1.371687058809401e+03,1.369922352927048e+03,5.882352941176471e-01,3582470
1.373504904739213e+03,1.371740198856860e+03,5.882352941176471e-01,3582472
1.374864530717380e+03,1.373099824835027e+03,5.882352941176471e-01,3582473
1.375314064061018e+03,1.370019946413959e+03,1.764705882352941e+00,3582471
1.377078769943371e+03,1.375246649770192e+03,5.882352941176471e-01,3582476
1.378799022386272e+03,1.373289075556305e+03,1.764705882352941e+00,3582474
1.378843475825724e+03,1.376443893527971e+03,5.882352941176471e-01,3582477
1.380158648364439e+03,1.374365836169915e+03,1.764705882352941e+00,3582475
1.380563728268625e+03,1.378618004988537e+03,5.882352941176471e-01,3582478
1.381923354246792e+03,1.379993906561335e+03,5.882352941176471e-01,3582480
1.383688060129145e+03,1.380931179416484e+03,5.882352941176471e-01,3582482
1.384999900958364e+03,1.379705783311306e+03,1.764705882352941e+00,3582479
1.385452766011498e+03,1.381207037942596e+03,5.882352941176471e-01,3582483
1.386018030071431e+03,1.380723912424372e+03,1.764705882352941e+00,3582481
1.386764606840717e+03,1.381474484759101e+03,5.882352941176471e-01,3582484
1.387217471893851e+03,1.383699499107895e+03,5.882352941176471e-01,3582485
1.388529312723070e+03,1.384447357212257e+03,5.882352941176471e-01,3582487
1.389652351711753e+03,1.387887645829400e+03,5.882352941176471e-01,3582488
1.390294018605423e+03,1.388187589243394e+03,5.882352941176471e-01,3582489
1.391312147718490e+03,1.384316019999068e+03,1.764705882352941e+00,3582486
1.391417057594106e+03,1.389487935345590e+03,5.882352941176471e-01,3582490
1.399308013307884e+03,1.394013895660825e+03,1.764705882352941e+00,3582491
1.400542081114415e+03,1.397012669349709e+03,1.176470588235294e+00,3582492
1.402837425072590e+03,1.398912909774551e+03,1.176470588235294e+00,3582494
1.402961594029670e+03,1.397667476382611e+03,1.764705882352941e+00,3582493
1.404602130954943e+03,1.401105923637091e+03,5.882352941176471e-01,3582496
1.404726299912023e+03,1.401374962703832e+03,5.882352941176471e-01,3582497
1.405836198761474e+03,1.399340867271165e+03,1.764705882352941e+00,3582495
1.406366836837296e+03,1.402907342207960e+03,5.882352941176471e-01,3582498
1.412213526414854e+03,1.410448820532501e+03,5.882352941176471e-01,3582499
1.414171209296981e+03,1.410641797532275e+03,1.176470588235294e+00,3582500
1.414368384914317e+03,1.412603679031964e+03,5.882352941176471e-01,3582502
1.416100702929703e+03,1.410806585282644e+03,1.764705882352941e+00,3582501
1.417700621061686e+03,1.413007879243292e+03,1.176470588235294e+00,3582503
1.418276629996451e+03,1.416511924114098e+03,5.882352941176471e-01,3582505
1.420648891681369e+03,1.415354774034310e+03,1.764705882352941e+00,3582504
1.422298641506039e+03,1.418769229741333e+03,1.176470588235294e+00,3582506
1.422413597563722e+03,1.419384653078545e+03,5.882352941176471e-01,3582508
1.422827351968640e+03,1.419297940203934e+03,1.176470588235294e+00,3582507
1.424996249239797e+03,1.423231543357444e+03,5.882352941176471e-01,3582510
1.425828053270745e+03,1.419699744678944e+03,1.176470588235294e+00,3582509
1.429506536580462e+03,1.427741830698110e+03,5.882352941176471e-01,3582511
1.430100780379345e+03,1.428336074496992e+03,5.882352941176471e-01,3582512
1.430710432245586e+03,1.428945726363233e+03,5.882352941176471e-01,3582513
1.435204020755691e+03,1.433439314873338e+03,5.882352941176471e-01,3582515
1.436889951931326e+03,1.431595834284267e+03,1.764705882352941e+00,3582514
1.438852322580626e+03,1.437087616698273e+03,5.882352941176471e-01,3582518
1.439175743410725e+03,1.433881625763666e+03,1.764705882352941e+00,3582516
1.439246123377007e+03,1.435716711612301e+03,1.176470588235294e+00,3582517
1.440617028462979e+03,1.437252458911981e+03,5.882352941176471e-01,3582519
1.441010829259360e+03,1.437960627060160e+03,5.882352941176471e-01,3582521
1.444469861057784e+03,1.437672154808449e+03,1.764705882352941e+00,3582520
1.446419158937163e+03,1.441125041290104e+03,1.764705882352941e+00,3582522
1.447999272822489e+03,1.443563708783522e+03,1.176470588235294e+00,3582524
1.448183864819516e+03,1.444170018728860e+03,5.882352941176471e-01,3582525
1.448616849675073e+03,1.443322732028015e+03,1.764705882352941e+00,3582523
1.449763978704842e+03,1.444473376154324e+03,5.882352941176471e-01,3582526
1.449948570701869e+03,1.445243013791970e+03,5.882352941176471e-01,3582527
1.450381555557426e+03,1.445613429203148e+03,5.882352941176471e-01,3582528
1.454429329005367e+03,1.450899917240661e+03,1.176470588235294e+00,3582530
1.455058096351901e+03,1.449496483505447e+03,1.764705882352941e+00,3582529
1.456650209598881e+03,1.451356091951822e+03,1.764705882352941e+00,3582531
1.456678250006653e+03,1.454913544124300e+03,5.882352941176471e-01,3582532
1.456822802234254e+03,1.455012041717372e+03,5.882352941176471e-01,3582533
1.458414915481234e+03,1.455539059350195e+03,5.882352941176471e-01,3582534
1.458587508116607e+03,1.456807564135759e+03,5.882352941176471e-01,3582536
1.460179621363587e+03,1.457898134571199e+03,5.882352941176471e-01,3582537
1.460467011854344e+03,1.458702305971991e+03,5.882352941176471e-01,3582538
1.462096079154055e+03,1.456801961506996e+03,1.764705882352941e+00,3582535
1.463237686038035e+03,1.461472980155682e+03,5.882352941176471e-01,3582539
1.463917202596063e+03,1.462152496713710e+03,5.882352941176471e-01,3582540
1.464446190483918e+03,1.462681484601565e+03,5.882352941176471e-01,3582541
1.466755727343021e+03,1.464991021460668e+03,5.882352941176471e-01,3582542
1.471031898522196e+03,1.465737780875138e+03,1.764705882352941e+00,3582543
1.472757350440284e+03,1.470992644557931e+03,5.882352941176471e-01,3582544
1.476900057299169e+03,1.475135351416816e+03,5.882352941176471e-01,3582546
1.478023638467461e+03,1.476258932585108e+03,5.882352941176471e-01,3582547
1.478664763181522e+03,1.476308065810078e+03,5.882352941176471e-01,3582548
1.479479588366209e+03,1.474185470719150e+03,1.764705882352941e+00,3582545
1.479788344349814e+03,1.476473900279018e+03,5.882352941176471e-01,3582549
1.480429469063875e+03,1.477113606873389e+03,5.882352941176471e-01,3582550
1.481553050232167e+03,1.477510938292057e+03,5.882352941176471e-01,3582552
1.482194174946228e+03,1.479401395114111e+03,5.882352941176471e-01,3582553
1.484773706013267e+03,1.477278833669272e+03,1.764705882352941e+00,3582551
1.486847167879226e+03,1.480802375680007e+03,1.764705882352941e+00,3582554
1.487093377041558e+03,1.485328671159205e+03,5.882352941176471e-01,3582555
1.487118228998483e+03,1.485353523116130e+03,5.882352941176471e-01,3582556
1.488858082923911e+03,1.486097270404754e+03,5.882352941176471e-01,3582558
1.489069267242087e+03,1.487304561359734e+03,5.882352941176471e-01,3582559
1.492141285526285e+03,1.485612055794031e+03,1.764705882352941e+00,3582557
1.499369212925557e+03,1.497604507043204e+03,5.882352941176471e-01,3582560
1.504097435102517e+03,1.502332729220164e+03,5.882352941176471e-01,3582563
1.505862140984870e+03,1.502929602332312e+03,5.882352941176471e-01,3582564
1.506543359830328e+03,1.501249242183269e+03,1.764705882352941e+00,3582561
1.506816532512115e+03,1.501522414865056e+03,1.764705882352941e+00,3582562
1.507626846867223e+03,1.503939420801339e+03,5.882352941176471e-01,3582565
1.509391552749576e+03,1.507222411057877e+03,5.882352941176471e-01,3582568
1.510345944276820e+03,1.505272747081476e+03,1.176470588235294e+00,3582567
1.511837477477386e+03,1.504462140665528e+03,1.764705882352941e+00,3582566
1.512110650159173e+03,1.509876186807159e+03,5.882352941176471e-01,3582570
1.513602183359739e+03,1.511615505180026e+03,5.882352941176471e-01,3582571
1.513875356041526e+03,1.511859590303646e+03,5.882352941176471e-01,3582572
1.514685670396635e+03,1.507934987771909e+03,1.764705882352941e+00,3582569
1.516398921790938e+03,1.514634215908585e+03,5.882352941176471e-01,3582573
1.517421151974072e+03,1.515656446091719e+03,5.882352941176471e-01,3582574
1.517676179598099e+03,1.515911473715746e+03,5.882352941176471e-01,3582575
1.518225963199492e+03,1.516461257317139e+03,5.882352941176471e-01,3582576
1.525420495136330e+03,1.523655789253977e+03,5.882352941176471e-01,3582577
1.526089556972312e+03,1.524324851089959e+03,5.882352941176471e-01,3582578
1.529137571816583e+03,1.525608160051877e+03,1.176470588235294e+00,3582580
1.529874970731349e+03,1.524580853084290e+03,1.764705882352941e+00,3582579
1.530902277698936e+03,1.526283523223595e+03,5.882352941176471e-01,3582582
1.531383674619371e+03,1.525675871012091e+03,1.764705882352941e+00,3582581
1.532666983581289e+03,1.528102901340178e+03,5.882352941176471e-01,3582584
1.534431689463642e+03,1.530398360296617e+03,5.882352941176471e-01,3582586
1.535169088378407e+03,1.527271548935676e+03,1.764705882352941e+00,3582583
1.536677792266430e+03,1.529783821808368e+03,1.764705882352941e+00,3582585
1.536933794260760e+03,1.531339786340500e+03,5.882352941176471e-01,3582588
1.538442498148782e+03,1.532064104921530e+03,5.882352941176471e-01,3582589
1.538698500143113e+03,1.533349498084871e+03,5.882352941176471e-01,3582590
1.539725807110701e+03,1.531098566501457e+03,1.764705882352941e+00,3582587
1.540207204031135e+03,1.534028070693007e+03,5.882352941176471e-01,3582591
1.544375957266184e+03,1.539081839619125e+03,1.764705882352941e+00,3582592
1.545447106689772e+03,1.540152989042714e+03,1.764705882352941e+00,3582593
1.546228981159640e+03,1.540934863512582e+03,1.764705882352941e+00,3582594
1.547211812572125e+03,1.543928876827395e+03,5.882352941176471e-01,3582596
1.547993687041993e+03,1.544804992855062e+03,5.882352941176471e-01,3582597
1.549670074913243e+03,1.542701927113345e+03,1.764705882352941e+00,3582595
1.549758392924346e+03,1.546419933261613e+03,5.882352941176471e-01,3582599
1.552505930219184e+03,1.545218046580814e+03,1.764705882352941e+00,3582598
1.554964192560302e+03,1.549335743551668e+03,1.764705882352941e+00,3582600
1.555862549724384e+03,1.550568432077325e+03,1.764705882352941e+00,3582601
1.556035341983890e+03,1.550881135340493e+03,1.176470588235294e+00,3582602
1.557627255606737e+03,1.553336920706425e+03,5.882352941176471e-01,3582604
1.560258310207361e+03,1.551218731312731e+03,1.764705882352941e+00,3582603
1.562023016089714e+03,1.559114337825132e+03,5.882352941176471e-01,3582607
1.564309616819177e+03,1.559015499172119e+03,1.764705882352941e+00,3582605
1.564346213608781e+03,1.559052095961722e+03,1.764705882352941e+00,3582606
1.567317133736773e+03,1.560591483072426e+03,1.764705882352941e+00,3582608
1.569081839619125e+03,1.565272870416342e+03,5.882352941176471e-01,3582611
1.569603734466236e+03,1.562596069536515e+03,1.764705882352941e+00,3582609
1.569640331255840e+03,1.563364820861302e+03,1.764705882352941e+00,3582610
1.570846545501478e+03,1.566510301676380e+03,5.882352941176471e-01,3582612
1.573384691685853e+03,1.571619985803500e+03,5.882352941176471e-01,3582614
1.574897852113295e+03,1.568462291188526e+03,1.764705882352941e+00,3582613
1.576039801237868e+03,1.574275095355515e+03,5.882352941176471e-01,3582616
1.578604621807306e+03,1.573310504160247e+03,1.764705882352941e+00,3582615
1.578917523958386e+03,1.575388112193681e+03,1.176470588235294e+00,3582617
1.581075462401659e+03,1.579310756519306e+03,5.882352941176471e-01,3582618
1.583232133249122e+03,1.581467427366769e+03,5.882352941176471e-01,3582619
1.585288984643454e+03,1.581759572878748e+03,1.176470588235294e+00,3582620
1.586493457991642e+03,1.584728752109289e+03,5.882352941176471e-01,3582621
1.587073094687697e+03,1.585308388805344e+03,5.882352941176471e-01,3582622
1.591074508084816e+03,1.589309802202463e+03,5.882352941176471e-01,3582623
1.594780681567462e+03,1.593015975685109e+03,5.882352941176471e-01,3582626
1.595139062031745e+03,1.589844944384686e+03,1.764705882352941e+00,3582624
1.596245300274276e+03,1.592715888509570e+03,1.176470588235294e+00,3582625
1.598668473796451e+03,1.594682702474548e+03,1.176470588235294e+00,3582628
1.600074799214521e+03,1.594172617085702e+03,1.764705882352941e+00,3582627
1.600433179678804e+03,1.596673575506999e+03,5.882352941176471e-01,3582630
1.601599209247558e+03,1.596305091600500e+03,1.764705882352941e+00,3582629
1.601839505096874e+03,1.598956979408978e+03,5.882352941176471e-01,3582631
1.602307438740947e+03,1.600542732858594e+03,5.882352941176471e-01,3582632
1.603363915129911e+03,1.600594419941004e+03,5.882352941176471e-01,3582633
1.603604210979227e+03,1.601295691180777e+03,5.882352941176471e-01,3582634
1.605274270218337e+03,1.603509564335984e+03,5.882352941176471e-01,3582635
1.609038910112307e+03,1.605509498347601e+03,1.176470588235294e+00,3582636
1.610246226503029e+03,1.608481520620676e+03,5.882352941176471e-01,3582637
1.610277952986192e+03,1.608513247103839e+03,5.882352941176471e-01,3582638
1.615965117476327e+03,1.610670999829268e+03,1.764705882352941e+00,3582639
1.619641354816851e+03,1.617876648934498e+03,5.882352941176471e-01,3582641
1.622936481307069e+03,1.617642363660010e+03,1.764705882352941e+00,3582640
1.623187942139096e+03,1.621423236256743e+03,5.882352941176471e-01,3582642
1.626517144118110e+03,1.624752438235757e+03,5.882352941176471e-01,3582643
1.628154814196776e+03,1.626390108314423e+03,5.882352941176471e-01,3582644
1.631982558115128e+03,1.630217852232775e+03,5.882352941176471e-01,3582647
1.632199828077338e+03,1.626905710430279e+03,1.764705882352941e+00,3582645
1.632606130807063e+03,1.629076719042357e+03,1.176470588235294e+00,3582646
1.634190044598275e+03,1.632425338715922e+03,5.882352941176471e-01,3582648
1.645596232272457e+03,1.643831526390104e+03,5.882352941176471e-01,3582649
1.645597206903756e+03,1.643832501021403e+03,5.882352941176471e-01,3582650
1.646053334808476e+03,1.644288628926123e+03,5.882352941176471e-01,3582651
1.649125644037163e+03,1.645410977241565e+03,1.176470588235294e+00,3582652
1.650299459578189e+03,1.646770047813483e+03,1.176470588235294e+00,3582653
1.650371970065953e+03,1.648607264183600e+03,5.882352941176471e-01,3582654
1.651865146155169e+03,1.650100440272816e+03,5.882352941176471e-01,3582655
1.652183620732491e+03,1.650418914850138e+03,5.882352941176471e-01,3582656
1.652309641898914e+03,1.650544936016561e+03,5.882352941176471e-01,3582657
1.654696500285325e+03,1.652931794402972e+03,5.882352941176471e-01,3582659
1.657159263802228e+03,1.650565869422440e+03,1.764705882352941e+00,3582658
1.657167425377266e+03,1.655402719494914e+03,5.882352941176471e-01,3582660
1.661208568060093e+03,1.659443862177740e+03,5.882352941176471e-01,3582662
1.661499044920016e+03,1.656204927272957e+03,1.764705882352941e+00,3582661
1.662261503362960e+03,1.660496797480607e+03,5.882352941176471e-01,3582663
1.663784648611880e+03,1.662019942729527e+03,5.882352941176471e-01,3582664
1.667429217435101e+03,1.662135099788042e+03,1.764705882352941e+00,3582665
1.668565190206553e+03,1.666800484324200e+03,5.882352941176471e-01,3582667
1.669396649015784e+03,1.667631943133431e+03,5.882352941176471e-01,3582668
1.670329896088906e+03,1.667736018659890e+03,5.882352941176471e-01,3582669
1.670551458436721e+03,1.665257340789662e+03,1.764705882352941e+00,3582666
1.671930063769303e+03,1.670165357886950e+03,5.882352941176471e-01,3582670
1.673471854794278e+03,1.671707148911925e+03,5.882352941176471e-01,3582671
1.674461198817339e+03,1.672696492934986e+03,5.882352941176471e-01,3582672
1.677821143897871e+03,1.676056438015519e+03,5.882352941176471e-01,3582675
1.679066032442483e+03,1.675536620677777e+03,1.176470588235294e+00,3582674
1.679585849780224e+03,1.677435418907974e+03,5.882352941176471e-01,3582676
1.680702305241003e+03,1.675408187593944e+03,1.764705882352941e+00,3582673
1.680830738324835e+03,1.677522409280867e+03,5.882352941176471e-01,3582677
1.681350555662577e+03,1.678041539707467e+03,5.882352941176471e-01,3582678
1.684231717005709e+03,1.679727722003130e+03,1.176470588235294e+00,3582679
1.686838212004111e+03,1.685073506121758e+03,5.882352941176471e-01,3582680
1.687054060062626e+03,1.685289354180273e+03,5.882352941176471e-01,3582681
1.688135453460883e+03,1.686370747578530e+03,5.882352941176471e-01,3582682
1.689033935144050e+03,1.687269229261697e+03,5.882352941176471e-01,3582683
1.689484245354891e+03,1.687719539472538e+03,5.882352941176471e-01,3582684
1.689929497191776e+03,1.688164791309423e+03,5.882352941176471e-01,3582685
1.691005922276713e+03,1.689241216394360e+03,5.882352941176471e-01,3582686
1.693177605501918e+03,1.691412899619565e+03,5.882352941176471e-01,3582688
1.695331574294248e+03,1.691802162529542e+03,1.176470588235294e+00,3582689
1.695570420717442e+03,1.690276303070383e+03,1.764705882352941e+00,3582687
1.701628974547477e+03,1.696334856900418e+03,1.764705882352941e+00,3582690
1.701916666761386e+03,1.696622549114327e+03,1.764705882352941e+00,3582691
1.702728381583789e+03,1.697434263936730e+03,1.764705882352941e+00,3582692
1.703681372643739e+03,1.700028616394370e+03,5.882352941176471e-01,3582694
1.704493087466142e+03,1.700679806844320e+03,5.882352941176471e-01,3582695
1.705446078526092e+03,1.701557234972050e+03,5.882352941176471e-01,3582696
1.706257793348495e+03,1.701583443661208e+03,5.882352941176471e-01,3582697
1.706923092194536e+03,1.698415259689142e+03,1.764705882352941e+00,3582693
1.707210784408445e+03,1.702512875444546e+03,5.882352941176471e-01,3582698
1.708942007523436e+03,1.707177301641083e+03,5.882352941176471e-01,3582699
1.711394239891697e+03,1.709629534009344e+03,5.882352941176471e-01,3582701
1.713642710992178e+03,1.711878005109825e+03,5.882352941176471e-01,3582703
1.714427830606450e+03,1.709133712959391e+03,1.764705882352941e+00,3582700
1.715969616033268e+03,1.710675498386209e+03,1.764705882352941e+00,3582702
1.717734321915621e+03,1.715172054251866e+03,5.882352941176471e-01,3582706
1.718936828639237e+03,1.712051292407544e+03,1.764705882352941e+00,3582704
1.719966573145082e+03,1.714672455498024e+03,1.764705882352941e+00,3582705
1.722466240403943e+03,1.718634682940138e+03,1.176470588235294e+00,3582708
1.723632072526547e+03,1.718337954879488e+03,1.764705882352941e+00,3582707
1.724230946286295e+03,1.719099907476177e+03,5.882352941176471e-01,3582710
1.725260690792141e+03,1.719073914871967e+03,1.764705882352941e+00,3582709
1.727754345291000e+03,1.725989639408647e+03,5.882352941176471e-01,3582713
1.728926190173606e+03,1.722963264057088e+03,1.764705882352941e+00,3582711
1.730212725995034e+03,1.724918608347975e+03,1.764705882352941e+00,3582712
1.733048462938058e+03,1.727276333312510e+03,1.764705882352941e+00,3582714
1.734220307820664e+03,1.727864092797445e+03,1.764705882352941e+00,3582715
1.735506843642093e+03,1.727870793933044e+03,1.764705882352941e+00,3582716
1.735985013703017e+03,1.729473393570451e+03,5.882352941176471e-01,3582718
1.736577874702764e+03,1.729291846136661e+03,1.176470588235294e+00,3582717
1.737749719585370e+03,1.733445442675993e+03,5.882352941176471e-01,3582720
1.740107286467470e+03,1.734239524746386e+03,1.176470588235294e+00,3582721
1.740800961289151e+03,1.730042226394930e+03,1.764705882352941e+00,3582719
1.741279131350076e+03,1.735540359089245e+03,1.176470588235294e+00,3582722
1.741871992349823e+03,1.735688790017816e+03,5.882352941176471e-01,3582723
1.742565667171504e+03,1.736497426932084e+03,5.882352941176471e-01,3582724
1.743636698232176e+03,1.740765376127213e+03,5.882352941176471e-01,3582726
1.744330373053857e+03,1.741330236567057e+03,5.882352941176471e-01,3582727
1.745401404114529e+03,1.742261990878844e+03,5.882352941176471e-01,3582728
1.746095078936210e+03,1.742289236234581e+03,5.882352941176471e-01,3582729
1.746573248997135e+03,1.736700726595981e+03,1.764705882352941e+00,3582725
1.747166109996882e+03,1.742468545355896e+03,5.882352941176471e-01,3582730
1.747859784818563e+03,1.743311671438503e+03,5.882352941176471e-01,3582731
1.752923783332699e+03,1.751159077450346e+03,5.882352941176471e-01,3582732
1.755311240995685e+03,1.753546535113332e+03,5.882352941176471e-01,3582734
1.755889425799260e+03,1.754124719916907e+03,5.882352941176471e-01,3582735
1.757912408316197e+03,1.756147702433844e+03,5.882352941176471e-01,3582736
1.758801452660745e+03,1.753507335013686e+03,1.764705882352941e+00,3582733
1.760264382176147e+03,1.758499676293794e+03,5.882352941176471e-01,3582737
1.760354696133005e+03,1.758589990250652e+03,5.882352941176471e-01,3582738
1.760566158543098e+03,1.758618670597760e+03,5.882352941176471e-01,3582739
1.762029088058500e+03,1.758996650572287e+03,5.882352941176471e-01,3582740
1.762119402015358e+03,1.759984011240418e+03,5.882352941176471e-01,3582741
1.763793793940853e+03,1.760427377338245e+03,5.882352941176471e-01,3582743
1.764095570307804e+03,1.760210582153205e+03,1.176470588235294e+00,3582742
1.765558499823206e+03,1.762703603576592e+03,5.882352941176471e-01,3582745
1.765648813780064e+03,1.760779986578397e+03,1.176470588235294e+00,3582744
1.770822148001692e+03,1.769057442119339e+03,5.882352941176471e-01,3582747
1.771405546359743e+03,1.766111428712685e+03,1.764705882352941e+00,3582746
1.773646457851891e+03,1.771881751969538e+03,5.882352941176471e-01,3582748
1.778519390214758e+03,1.776754684332405e+03,5.882352941176471e-01,3582750
1.780862166797869e+03,1.779097460915516e+03,5.882352941176471e-01,3582752
1.781234452300473e+03,1.775940334653415e+03,1.764705882352941e+00,3582749
1.782626872680222e+03,1.779163116018585e+03,5.882352941176471e-01,3582753
1.782999158182826e+03,1.780614666014623e+03,5.882352941176471e-01,3582754
1.784027317944801e+03,1.778733200297742e+03,1.764705882352941e+00,3582751
1.784391578562575e+03,1.780810399116644e+03,5.882352941176471e-01,3582755
1.784763864065179e+03,1.781112706934493e+03,5.882352941176471e-01,3582756
1.786156284444928e+03,1.782599520458902e+03,5.882352941176471e-01,3582758
1.787920990327281e+03,1.785502101398326e+03,5.882352941176471e-01,3582760
1.788293275829885e+03,1.782878597947416e+03,1.176470588235294e+00,3582759
1.789321435591860e+03,1.782497769005044e+03,1.764705882352941e+00,3582757
1.791822687594591e+03,1.785658986183641e+03,1.176470588235294e+00,3582762
1.792850847356566e+03,1.788871771661241e+03,1.176470588235294e+00,3582763
1.793215107974340e+03,1.785502591271989e+03,1.764705882352941e+00,3582761
1.794615553238919e+03,1.791299255355751e+03,5.882352941176471e-01,3582765
1.796744519739046e+03,1.791719120331557e+03,1.176470588235294e+00,3582766
1.797116805241650e+03,1.788958397543601e+03,1.764705882352941e+00,3582764
1.798144965003625e+03,1.794388027505109e+03,1.176470588235294e+00,3582767
1.800273931503752e+03,1.794699761914939e+03,1.176470588235294e+00,3582768
1.800646217006356e+03,1.795843605399514e+03,1.176470588235294e+00,3582769
1.802410922888709e+03,1.797166778996088e+03,5.882352941176471e-01,3582772
1.803439082650684e+03,1.796104664473524e+03,1.764705882352941e+00,3582770
1.804175628771062e+03,1.797553888222553e+03,5.882352941176471e-01,3582773
1.805568049150810e+03,1.796885507323645e+03,1.764705882352941e+00,3582771
1.805940334653415e+03,1.798284666444344e+03,5.882352941176471e-01,3582775
1.806968494415389e+03,1.798082868980520e+03,1.176470588235294e+00,3582774
1.807332755033163e+03,1.800439761698095e+03,5.882352941176471e-01,3582776
1.807705040535768e+03,1.802811209329190e+03,5.882352941176471e-01,3582777
1.808733200297742e+03,1.803524100258410e+03,5.882352941176471e-01,3582778
1.809097460915516e+03,1.804064902659255e+03,5.882352941176471e-01,3582779
1.809469746418121e+03,1.804834528672548e+03,5.882352941176471e-01,3582780
1.810497906180095e+03,1.805330862142434e+03,5.882352941176471e-01,3582781
1.814391578562575e+03,1.805470540559180e+03,1.764705882352941e+00,3582782
1.814763864065179e+03,1.807437264545076e+03,1.764705882352941e+00,3582783
1.815792023827154e+03,1.809345786837489e+03,1.764705882352941e+00,3582784
1.816156284444928e+03,1.811993925014913e+03,5.882352941176471e-01,3582785
1.816528569947532e+03,1.814714112860573e+03,5.882352941176471e-01,3582786
1.820287142114042e+03,1.818522436231689e+03,5.882352941176471e-01,3582788
1.822051847996395e+03,1.819851898064385e+03,5.882352941176471e-01,3582790
1.823346296796499e+03,1.819816885031793e+03,1.176470588235294e+00,3582789
1.823522772811889e+03,1.818228655164830e+03,1.764705882352941e+00,3582787
1.826545605027949e+03,1.824780899145596e+03,5.882352941176471e-01,3582792
1.828354364869750e+03,1.823060247222691e+03,1.764705882352941e+00,3582791
1.829079629608811e+03,1.827314923726458e+03,5.882352941176471e-01,3582793
1.831439175495241e+03,1.829674469612889e+03,5.882352941176471e-01,3582794
1.831568197637904e+03,1.829803491755551e+03,5.882352941176471e-01,3582795
1.832747103997740e+03,1.830982398115387e+03,5.882352941176471e-01,3582796
1.837155395888877e+03,1.835390690006524e+03,5.882352941176471e-01,3582797
1.840314137067793e+03,1.838549431185440e+03,5.882352941176471e-01,3582798
1.844829695861047e+03,1.843064989978694e+03,5.882352941176471e-01,3582800
1.847621283162861e+03,1.842327165515802e+03,1.764705882352941e+00,3582799
1.847906376513038e+03,1.846141670630685e+03,5.882352941176471e-01,3582801
1.851657795675887e+03,1.848128383911181e+03,1.176470588235294e+00,3582802
1.852201379382719e+03,1.850436673500366e+03,5.882352941176471e-01,3582804
1.853422501558240e+03,1.850540266565773e+03,5.882352941176471e-01,3582805
1.854663814862028e+03,1.849369697214969e+03,1.764705882352941e+00,3582803
1.855730791147425e+03,1.851847737970011e+03,1.176470588235294e+00,3582806
1.856428520744381e+03,1.853913697623019e+03,5.882352941176471e-01,3582808
1.857495497029778e+03,1.854876199115164e+03,5.882352941176471e-01,3582809
1.858716619205298e+03,1.852753945746022e+03,1.764705882352941e+00,3582807
1.859703754956435e+03,1.857939049074082e+03,5.882352941176471e-01,3582810
1.860271826274152e+03,1.858507120391799e+03,5.882352941176471e-01,3582811
1.862673642148146e+03,1.860908936265793e+03,5.882352941176471e-01,3582812
1.862753851460088e+03,1.860989145577736e+03,5.882352941176471e-01,3582813
1.867960926959185e+03,1.866196221076832e+03,5.882352941176471e-01,3582814
1.868446433926494e+03,1.866681728044141e+03,5.882352941176471e-01,3582815
1.870894505035263e+03,1.869129799152911e+03,5.882352941176471e-01,3582818
1.872052082783756e+03,1.866757965136697e+03,1.764705882352941e+00,3582816
1.872659210917616e+03,1.869467221392050e+03,5.882352941176471e-01,3582819
1.873255044606244e+03,1.866986398084362e+03,1.764705882352941e+00,3582817
1.873816788666109e+03,1.871177730736957e+03,5.882352941176471e-01,3582820
1.874423916799969e+03,1.872537718244665e+03,5.882352941176471e-01,3582821
1.875019750488597e+03,1.872543823916590e+03,5.882352941176471e-01,3582822
1.875581494548462e+03,1.873056030915357e+03,5.882352941176471e-01,3582823
1.876987443557253e+03,1.875222737674900e+03,5.882352941176471e-01,3582824
1.880987928077968e+03,1.879223222195615e+03,5.882352941176471e-01,3582825
1.882172866977737e+03,1.880408161095384e+03,5.882352941176471e-01,3582826
1.884268155811607e+03,1.882503449929254e+03,5.882352941176471e-01,3582828
1.886510629846871e+03,1.882981218082165e+03,1.176470588235294e+00,3582829
1.886598060711336e+03,1.881303943064277e+03,1.764705882352941e+00,3582827
1.888275335729224e+03,1.884176741388666e+03,5.882352941176471e-01,3582831
1.889202244003819e+03,1.887437538121466e+03,5.882352941176471e-01,3582832
1.889562273458666e+03,1.883248833844625e+03,1.764705882352941e+00,3582830
1.890040041611577e+03,1.887528171706529e+03,5.882352941176471e-01,3582833
1.891843298674277e+03,1.890078592791925e+03,5.882352941176471e-01,3582834
1.896706498136949e+03,1.891412380489890e+03,1.764705882352941e+00,3582835
1.897371393170744e+03,1.895606687288392e+03,5.882352941176471e-01,3582836
1.899892922054946e+03,1.898128216172593e+03,5.882352941176471e-01,3582837
1.900109925692745e+03,1.898345219810392e+03,5.882352941176471e-01,3582838
1.904180909178340e+03,1.898886791531281e+03,1.764705882352941e+00,3582839
1.905187039702005e+03,1.899090495558061e+03,1.764705882352941e+00,3582840
1.905382869259387e+03,1.903618163377034e+03,5.882352941176471e-01,3582841
1.907510410678901e+03,1.905745704796548e+03,5.882352941176471e-01,3582842
1.913272959237247e+03,1.907978841590188e+03,1.764705882352941e+00,3582843
1.914566344064799e+03,1.912801638182446e+03,5.882352941176471e-01,3582845
1.915187267976982e+03,1.913422562094629e+03,5.882352941176471e-01,3582846
1.917030580653878e+03,1.911736463006819e+03,1.764705882352941e+00,3582844
1.918716679741688e+03,1.914751527156839e+03,1.176470588235294e+00,3582848
1.919860461711858e+03,1.913595314417138e+03,1.764705882352941e+00,3582847
1.923276114998950e+03,1.921511409116597e+03,5.882352941176471e-01,3582849
1.924346125471522e+03,1.922581419589169e+03,5.882352941176471e-01,3582851
1.925069657205040e+03,1.921540245440334e+03,1.176470588235294e+00,3582850
1.925518046344840e+03,1.923753340462488e+03,5.882352941176471e-01,3582852
1.929640243118581e+03,1.924210467482550e+03,1.764705882352941e+00,3582853
1.932264696385951e+03,1.926970578738892e+03,1.764705882352941e+00,3582854
1.932311217905790e+03,1.928781806141084e+03,1.176470588235294e+00,3582855
1.932921290992526e+03,1.931156585110173e+03,5.882352941176471e-01,3582856
1.934035392224174e+03,1.932270686341821e+03,5.882352941176471e-01,3582857
1.937475616879382e+03,1.935710910997029e+03,5.882352941176471e-01,3582859
1.938116771650520e+03,1.936352065768167e+03,5.882352941176471e-01,3582860
1.939240322761735e+03,1.937276154985355e+03,5.882352941176471e-01,3582861
1.939815469734695e+03,1.934521352087636e+03,1.764705882352941e+00,3582858
1.939881477532873e+03,1.937834843000977e+03,5.882352941176471e-01,3582862
1.941662307256283e+03,1.939897601373930e+03,5.882352941176471e-01,3582864
1.942769734526441e+03,1.937934718388474e+03,1.176470588235294e+00,3582863
1.944728070578096e+03,1.942963364695743e+03,5.882352941176471e-01,3582866
1.946589187212209e+03,1.943059775447504e+03,1.176470588235294e+00,3582867
1.947809487995253e+03,1.942515370348194e+03,1.764705882352941e+00,3582865
1.950022188225155e+03,1.943525709238417e+03,1.764705882352941e+00,3582868
1.950112855184268e+03,1.948348149301915e+03,5.882352941176471e-01,3582870
1.952127420400377e+03,1.950362714518024e+03,5.882352941176471e-01,3582872
1.953414728574984e+03,1.948120610927925e+03,1.764705882352941e+00,3582869
1.955316305872214e+03,1.949188882558539e+03,1.764705882352941e+00,3582871
1.956977425317366e+03,1.955212719435013e+03,5.882352941176471e-01,3582873
1.961378651106318e+03,1.956084533459259e+03,1.764705882352941e+00,3582874
1.962405883317252e+03,1.960641177434899e+03,5.882352941176471e-01,3582876
1.964734816051153e+03,1.959440698404094e+03,1.764705882352941e+00,3582875
1.965578514095238e+03,1.963813808212885e+03,5.882352941176471e-01,3582878
1.966499521933506e+03,1.963899953489398e+03,5.882352941176471e-01,3582879
1.968410598351138e+03,1.963116480704079e+03,1.764705882352941e+00,3582877
1.972038181518365e+03,1.966744063871306e+03,1.764705882352941e+00,3582880
1.973044998716185e+03,1.967750881069127e+03,1.764705882352941e+00,3582881
1.973704715998197e+03,1.968283627412313e+03,1.764705882352941e+00,3582882
1.975469421880550e+03,1.969972316169733e+03,5.882352941176471e-01,3582885
1.977332299165424e+03,1.968390313601857e+03,1.764705882352941e+00,3582883
1.978339116363244e+03,1.968928045140043e+03,1.764705882352941e+00,3582884
1.979097005047777e+03,1.972324030648921e+03,5.882352941176471e-01,3582887
1.980763539527609e+03,1.970568481931013e+03,1.764705882352941e+00,3582886
1.980861710930130e+03,1.973381888049101e+03,5.882352941176471e-01,3582889
1.981868528127950e+03,1.972680099552121e+03,1.176470588235294e+00,3582888
1.982528245409962e+03,1.974122441114127e+03,5.882352941176471e-01,3582890
1.982626416812483e+03,1.974549194194536e+03,5.882352941176471e-01,3582891
1.984292951292314e+03,1.975449648158268e+03,5.882352941176471e-01,3582893
1.987162645775009e+03,1.975178923781498e+03,1.764705882352941e+00,3582892
1.987822363057020e+03,1.977652764311465e+03,1.176470588235294e+00,3582895
1.987920534459541e+03,1.976848114973561e+03,1.764705882352941e+00,3582894
1.989587068939373e+03,1.979288073585341e+03,5.882352941176471e-01,3582897
1.989685240341894e+03,1.981731196853336e+03,5.882352941176471e-01,3582898
1.990692057539715e+03,1.977929460133139e+03,1.176470588235294e+00,3582896
1.991351774821726e+03,1.981771990322838e+03,5.882352941176471e-01,3582899
1.992456763422068e+03,1.982904978558790e+03,5.882352941176471e-01,3582901
1.993116480704079e+03,1.983171348403548e+03,5.882352941176471e-01,3582902
1.993214652106600e+03,1.982777071566481e+03,1.176470588235294e+00,3582900
1.994221469304421e+03,1.983574831359871e+03,5.882352941176471e-01,3582903
1.994881186586432e+03,1.984080664599136e+03,5.882352941176471e-01,3582904
1.995986175186774e+03,1.984945929157520e+03,5.882352941176471e-01,3582906
1.996645892468785e+03,1.986431558405097e+03,5.882352941176471e-01,3582907
1.998410598351138e+03,1.988945503249234e+03,5.882352941176471e-01,3582909
1.998508769753659e+03,1.984442703461284e+03,1.764705882352941e+00,3582905
1.999515586951479e+03,1.988427756250746e+03,1.176470588235294e+00,3582908
2.000175304233491e+03,1.990149035903494e+03,5.882352941176471e-01,3582910
2.001280292833832e+03,1.991356460077731e+03,5.882352941176471e-01,3582912
2.001940010115844e+03,1.996206237997781e+03,5.882352941176471e-01,3582913
2.003802887400718e+03,1.990733354249542e+03,1.764705882352941e+00,3582911
2.004809704598538e+03,1.996486213009752e+03,1.176470588235294e+00,3582914
2.005469421880550e+03,1.996782766952744e+03,1.176470588235294e+00,3582915
2.005567593283071e+03,1.997653728040919e+03,5.882352941176471e-01,3582916
2.006574410480891e+03,1.997986599901623e+03,5.882352941176471e-01,3582917
2.007234127762903e+03,1.998488413731993e+03,5.882352941176471e-01,3582918
2.007332299165424e+03,1.998978959490940e+03,5.882352941176471e-01,3582919
2.008998833645256e+03,2.002486787647479e+03,5.882352941176471e-01,3582921
2.009124442405211e+03,2.007359736522858e+03,5.882352941176471e-01,3582922
2.010763539527609e+03,2.007640900314301e+03,5.882352941176471e-01,3582923
2.010889148287564e+03,2.008063699323738e+03,5.882352941176471e-01,3582924
2.011868528127950e+03,1.999498247353658e+03,1.764705882352941e+00,3582920
2.013968515652818e+03,2.012203809770465e+03,5.882352941176471e-01,3582925
2.016958398038717e+03,2.015193692156364e+03,5.882352941176471e-01,3582927
2.018597277559786e+03,2.013303159912727e+03,1.764705882352941e+00,3582926
2.018723103921070e+03,2.015954994156359e+03,5.882352941176471e-01,3582929
2.021100272364101e+03,2.015806154717042e+03,1.764705882352941e+00,3582928
2.022126689324492e+03,2.017313285118987e+03,1.176470588235294e+00,3582930
2.027626653952921e+03,2.025861948070568e+03,5.882352941176471e-01,3582932
2.027688503126357e+03,2.025923797244004e+03,5.882352941176471e-01,3582933
2.027740678842557e+03,2.022446561195498e+03,1.764705882352941e+00,3582931
2.029391359835274e+03,2.027301021072283e+03,5.882352941176471e-01,3582934
2.029668781517124e+03,2.027904075634771e+03,5.882352941176471e-01,3582935
2.037442310899143e+03,2.035677605016790e+03,5.882352941176471e-01,3582936
2.043659945865232e+03,2.040130534100526e+03,1.176470588235294e+00,3582937
2.043979407659063e+03,2.042214701776710e+03,5.882352941176471e-01,3582939
2.045424651747584e+03,2.042294785269820e+03,5.882352941176471e-01,3582940
2.045744113541416e+03,2.042403950229214e+03,5.882352941176471e-01,3582941
2.046261033923873e+03,2.040966916276814e+03,1.764705882352941e+00,3582938
2.047189357629937e+03,2.043594930545393e+03,5.882352941176471e-01,3582942
2.047508819423769e+03,2.044436557961718e+03,5.882352941176471e-01,3582943
2.048025739806225e+03,2.046118290892407e+03,5.882352941176471e-01,3582944
2.048954063512290e+03,2.046547160811770e+03,5.882352941176471e-01,3582945
2.050718769394643e+03,2.048910682464469e+03,5.882352941176471e-01,3582948
2.052483475276996e+03,2.050292911638805e+03,5.882352941176471e-01,3582949
2.052802937070827e+03,2.047433495705355e+03,1.764705882352941e+00,3582946
2.053319857453284e+03,2.047435764545588e+03,1.764705882352941e+00,3582947
2.054248181159349e+03,2.052008971537581e+03,5.882352941176471e-01,3582950
2.057433986030198e+03,2.055669280147845e+03,5.882352941176471e-01,3582951
2.060727839991480e+03,2.058963134109127e+03,5.882352941176471e-01,3582953
2.063522527433458e+03,2.058228409786399e+03,1.764705882352941e+00,3582952
2.064387171920013e+03,2.059093054272954e+03,1.764705882352941e+00,3582954
2.065830731855609e+03,2.064066025973256e+03,5.882352941176471e-01,3582955
2.065966479695257e+03,2.064201773812904e+03,5.882352941176471e-01,3582956
2.068404966493421e+03,2.066640260611068e+03,5.882352941176471e-01,3582959
2.070169672375774e+03,2.067422363156218e+03,5.882352941176471e-01,3582960
2.070294753361522e+03,2.065000635714464e+03,1.764705882352941e+00,3582957
2.071699696196137e+03,2.066405578549078e+03,1.764705882352941e+00,3582958
2.073848948675103e+03,2.070319536910397e+03,1.176470588235294e+00,3582962
2.075463790022832e+03,2.069718678146443e+03,1.764705882352941e+00,3582961
2.075613654557456e+03,2.072405467009652e+03,5.882352941176471e-01,3582964
2.077228495905185e+03,2.072941649125432e+03,5.882352941176471e-01,3582965
2.077324479572787e+03,2.072030361925729e+03,1.764705882352941e+00,3582963
2.077378360439809e+03,2.073897020330387e+03,5.882352941176471e-01,3582966
2.080890852881353e+03,2.079126146999000e+03,5.882352941176471e-01,3582968
2.082522613552244e+03,2.074205830123485e+03,1.764705882352941e+00,3582967
2.091050403803083e+03,2.085756286156024e+03,1.764705882352941e+00,3582969
2.092364450907492e+03,2.090599745025139e+03,5.882352941176471e-01,3582970
2.095951108632169e+03,2.090656990985110e+03,1.764705882352941e+00,3582971
2.096403764645149e+03,2.092874352880443e+03,1.176470588235294e+00,3582972
2.099209470681598e+03,2.097444764799245e+03,5.882352941176471e-01,3582973
2.101249321650711e+03,2.099484615768358e+03,5.882352941176471e-01,3582975
2.103302624505073e+03,2.098008506858014e+03,1.764705882352941e+00,3582974
2.103564458430919e+03,2.101799752548566e+03,5.882352941176471e-01,3582976
2.104782911064400e+03,2.103018205182047e+03,5.882352941176471e-01,3582977
2.107566609512124e+03,2.105801903629771e+03,5.882352941176471e-01,3582978
2.111497641973480e+03,2.107968230208774e+03,1.176470588235294e+00,3582979
2.111630432968419e+03,2.109865727086066e+03,5.882352941176471e-01,3582980
2.112085917670625e+03,2.110321211788272e+03,5.882352941176471e-01,3582981
2.113262347855833e+03,2.111002116795689e+03,5.882352941176471e-01,3582982
2.115913570800490e+03,2.114148864918137e+03,5.882352941176471e-01,3582983
2.120463249967643e+03,2.118698544085290e+03,5.882352941176471e-01,3582984
2.123095362716890e+03,2.121330656834537e+03,5.882352941176471e-01,3582985
2.123627077209306e+03,2.121862371326953e+03,5.882352941176471e-01,3582986
2.126620492275290e+03,2.124855786392937e+03,5.882352941176471e-01,3582987
2.126774273599683e+03,2.125009567717330e+03,5.882352941176471e-01,3582988
2.128161499134857e+03,2.126396793252504e+03,5.882352941176471e-01,3582989
2.128385198157643e+03,2.126447730228546e+03,5.882352941176471e-01,3582990
2.130487772288645e+03,2.128723066406293e+03,5.882352941176471e-01,3582991
2.132067552940944e+03,2.130302847058591e+03,5.882352941176471e-01,3582993
2.134196327825530e+03,2.132431621943177e+03,5.882352941176471e-01,3582994
2.135079681662988e+03,2.129785564015930e+03,1.764705882352941e+00,3582992
2.138122182584287e+03,2.132828064937228e+03,1.764705882352941e+00,3582995
2.139217641103689e+03,2.137452935221336e+03,5.882352941176471e-01,3582996
2.141024396305821e+03,2.139259690423468e+03,5.882352941176471e-01,3582997
2.141539457189352e+03,2.139774751306999e+03,5.882352941176471e-01,3582998
2.141901294071257e+03,2.140136588188905e+03,5.882352941176471e-01,3582999
2.144882537188277e+03,2.143117831305924e+03,5.882352941176471e-01,3583001
2.146318513952880e+03,2.140932887279270e+03,1.764705882352941e+00,3583000
2.146647243070630e+03,2.144726568003647e+03,5.882352941176471e-01,3583003
2.148083219835233e+03,2.145524100616535e+03,5.882352941176471e-01,3583004
2.149220366956910e+03,2.143926249309851e+03,1.764705882352941e+00,3583002
2.153345907041551e+03,2.148051789394492e+03,1.764705882352941e+00,3583005
2.155671236856599e+03,2.153906530974246e+03,5.882352941176471e-01,3583008
2.156293023368550e+03,2.150998905721491e+03,1.764705882352941e+00,3583006
2.157625136033020e+03,2.152331018385961e+03,1.764705882352941e+00,3583007
2.158339505417484e+03,2.156574799535132e+03,5.882352941176471e-01,3583009
2.159389841915373e+03,2.156828729328452e+03,5.882352941176471e-01,3583011
2.161967902911337e+03,2.156673785264278e+03,1.764705882352941e+00,3583010
2.164490470849051e+03,2.162725764966698e+03,5.882352941176471e-01,3583012
2.168481280699604e+03,2.166716574817252e+03,5.882352941176471e-01,3583015
2.170245986581957e+03,2.168368972609889e+03,5.882352941176471e-01,3583016
2.171255716607834e+03,2.165961598960775e+03,1.764705882352941e+00,3583013
2.171490851104740e+03,2.166196733457681e+03,1.764705882352941e+00,3583014
2.173695269727350e+03,2.171930563844997e+03,5.882352941176471e-01,3583017
2.175807560879061e+03,2.174042854996708e+03,5.882352941176471e-01,3583020
2.177572266761414e+03,2.174173271818869e+03,5.882352941176471e-01,3583021
2.178041388720591e+03,2.172747271073532e+03,1.764705882352941e+00,3583018
2.179297815112076e+03,2.174003697465018e+03,1.764705882352941e+00,3583019
2.179336972643767e+03,2.174521069639524e+03,5.882352941176471e-01,3583022
2.180634255188848e+03,2.178869549306495e+03,5.882352941176471e-01,3583023
2.181111332810082e+03,2.179346626927729e+03,5.882352941176471e-01,3583024
2.182492829870735e+03,2.180728123988382e+03,5.882352941176471e-01,3583026
2.184982207322562e+03,2.179688089675503e+03,1.764705882352941e+00,3583025
2.186405450457141e+03,2.181077053518833e+03,1.764705882352941e+00,3583027
2.186746913204915e+03,2.183803269481356e+03,5.882352941176471e-01,3583029
2.187786947517794e+03,2.182429458821361e+03,1.764705882352941e+00,3583028
2.189934862221847e+03,2.185695228503789e+03,1.176470588235294e+00,3583030
2.192128302953815e+03,2.186834185306756e+03,1.764705882352941e+00,3583031
2.193525366102275e+03,2.188231248455217e+03,1.764705882352941e+00,3583032
2.195228979868906e+03,2.188608510965507e+03,1.764705882352941e+00,3583033
2.197422420600874e+03,2.189838753036051e+03,1.764705882352941e+00,3583034
2.198758391633612e+03,2.191156067263764e+03,1.176470588235294e+00,3583036
2.198819483749334e+03,2.190404733083915e+03,1.764705882352941e+00,3583035
2.199187126483226e+03,2.192641304239747e+03,5.882352941176471e-01,3583037
2.200584189631687e+03,2.195216774557504e+03,5.882352941176471e-01,3583039
2.202287803398318e+03,2.194545657963267e+03,1.176470588235294e+00,3583038
2.202348895514040e+03,2.198871485938399e+03,5.882352941176471e-01,3583041
2.204481244130285e+03,2.197453998776319e+03,1.764705882352941e+00,3583040
2.206245950012638e+03,2.200890587477805e+03,5.882352941176471e-01,3583044
2.207581921045377e+03,2.198941336414268e+03,1.764705882352941e+00,3583042
2.207643013161099e+03,2.199938055653842e+03,1.764705882352941e+00,3583043
2.209407719043452e+03,2.204187049340243e+03,5.882352941176471e-01,3583047
2.211172424925805e+03,2.204361933056805e+03,5.882352941176471e-01,3583048
2.211540067659697e+03,2.201902238517166e+03,1.764705882352941e+00,3583045
2.212876038692435e+03,2.203102188321000e+03,1.764705882352941e+00,3583046
2.212937130808158e+03,2.204641536385054e+03,5.882352941176471e-01,3583049
2.213304773542050e+03,2.205080371009228e+03,5.882352941176471e-01,3583050
2.214640744574788e+03,2.211750687532687e+03,5.882352941176471e-01,3583051
2.214701836690511e+03,2.212763480482772e+03,5.882352941176471e-01,3583052
2.215069479424403e+03,2.213037898349967e+03,5.882352941176471e-01,3583053
2.216466542572864e+03,2.214524522778248e+03,5.882352941176471e-01,3583055
2.218918424910520e+03,2.217153719028167e+03,5.882352941176471e-01,3583056
2.219652238766439e+03,2.217887532884086e+03,5.882352941176471e-01,3583057
2.219934862221847e+03,2.213130295387764e+03,1.764705882352941e+00,3583054
2.220683130792873e+03,2.218357954420137e+03,5.882352941176471e-01,3583058
2.224934106679710e+03,2.223169400797357e+03,5.882352941176471e-01,3583060
2.225570833303905e+03,2.222041421539199e+03,1.176470588235294e+00,3583059
2.228148900716848e+03,2.226384194834495e+03,5.882352941176471e-01,3583061
2.231582254491534e+03,2.229817548609181e+03,5.882352941176471e-01,3583064
2.232562588963784e+03,2.227268471316725e+03,1.764705882352941e+00,3583062
2.233805285206051e+03,2.232040579323698e+03,5.882352941176471e-01,3583065
2.233843326335309e+03,2.228549208688250e+03,1.764705882352941e+00,3583063
2.234327294846137e+03,2.232184347097638e+03,5.882352941176471e-01,3583066
2.238402179424158e+03,2.236637473541806e+03,5.882352941176471e-01,3583067
2.239964202913018e+03,2.238199497030665e+03,5.882352941176471e-01,3583068
2.240705476115114e+03,2.238940770232761e+03,5.882352941176471e-01,3583069
2.244359260442377e+03,2.242594554560024e+03,5.882352941176471e-01,3583071
2.246158670443353e+03,2.240864552796295e+03,1.764705882352941e+00,3583070
2.247049222550801e+03,2.245284516668448e+03,5.882352941176471e-01,3583073
2.247923376325706e+03,2.245951722849354e+03,5.882352941176471e-01,3583074
2.248046663869888e+03,2.242752546222829e+03,1.764705882352941e+00,3583072
2.249221650137725e+03,2.247456944255372e+03,5.882352941176471e-01,3583075
2.252133576584593e+03,2.250368870702240e+03,5.882352941176471e-01,3583077
2.252887474522762e+03,2.251122768640409e+03,5.882352941176471e-01,3583078
2.254926498925741e+03,2.249632381278683e+03,1.764705882352941e+00,3583076
2.257619760591612e+03,2.255855054709259e+03,5.882352941176471e-01,3583080
2.259168015527417e+03,2.253873897880358e+03,1.764705882352941e+00,3583079
2.260722441658324e+03,2.258957735775971e+03,5.882352941176471e-01,3583081
2.260813511788974e+03,2.259048805906621e+03,5.882352941176471e-01,3583082
2.260932721409770e+03,2.259114956160973e+03,5.882352941176471e-01,3583083
2.262487147540677e+03,2.259349015482922e+03,5.882352941176471e-01,3583084
2.265167163106155e+03,2.263402457223802e+03,5.882352941176471e-01,3583085
2.266746392289679e+03,2.264981686407326e+03,5.882352941176471e-01,3583087
2.269736274158911e+03,2.264442156511852e+03,1.764705882352941e+00,3583086
2.271244413337589e+03,2.265950295690530e+03,1.764705882352941e+00,3583088
2.271500980041264e+03,2.269532388105799e+03,5.882352941176471e-01,3583090
2.272735386557032e+03,2.267441268909974e+03,1.764705882352941e+00,3583089
2.273009119219942e+03,2.269915461297557e+03,5.882352941176471e-01,3583091
2.273265685923617e+03,2.270799548437836e+03,5.882352941176471e-01,3583092
2.274500092439385e+03,2.271636602725931e+03,5.882352941176471e-01,3583093
2.278303236867000e+03,2.271817834424457e+03,1.764705882352941e+00,3583094
2.278559803570676e+03,2.271987595110278e+03,1.764705882352941e+00,3583095
2.279794210086444e+03,2.272062289661743e+03,1.764705882352941e+00,3583096
2.280067942749353e+03,2.272536350775533e+03,5.882352941176471e-01,3583097
2.283853921217734e+03,2.273786424347950e+03,1.764705882352941e+00,3583098
2.285088327733503e+03,2.274408877764088e+03,1.764705882352941e+00,3583099
2.285362060396412e+03,2.274665827085973e+03,1.764705882352941e+00,3583100
2.286853033615856e+03,2.282581780316809e+03,5.882352941176471e-01,3583102
2.287126766278765e+03,2.283065109201617e+03,5.882352941176471e-01,3583103
2.287383332982440e+03,2.275945836786654e+03,1.176470588235294e+00,3583101
2.288891472161118e+03,2.284287469353725e+03,5.882352941176471e-01,3583105
2.290656178043471e+03,2.284815790618213e+03,5.882352941176471e-01,3583107
2.292147151262915e+03,2.283623994817571e+03,1.764705882352941e+00,3583104
2.292420883925824e+03,2.285378056989947e+03,5.882352941176471e-01,3583108
2.292677450629499e+03,2.284367255659397e+03,1.764705882352941e+00,3583106
2.293911857145268e+03,2.286583677148215e+03,5.882352941176471e-01,3583109
2.294185589808177e+03,2.288425514609526e+03,5.882352941176471e-01,3583110
2.295676563027621e+03,2.290777602784834e+03,5.882352941176471e-01,3583112
2.297971568276558e+03,2.289576430678699e+03,1.764705882352941e+00,3583111
2.299205974792327e+03,2.294908770309129e+03,1.176470588235294e+00,3583114
2.299479707455236e+03,2.291449900799158e+03,1.764705882352941e+00,3583113
2.299736274158911e+03,2.295720463057746e+03,5.882352941176471e-01,3583115
2.303653287824383e+03,2.301888581942030e+03,5.882352941176471e-01,3583118
2.304500092439385e+03,2.297983080671677e+03,1.764705882352941e+00,3583116
2.305417993706735e+03,2.302878917441742e+03,5.882352941176471e-01,3583119
2.305937717249859e+03,2.300643599602800e+03,1.764705882352941e+00,3583117
2.307182699589088e+03,2.304109562159464e+03,5.882352941176471e-01,3583121
2.307702423132212e+03,2.304226310100551e+03,5.882352941176471e-01,3583122
2.308947405471441e+03,2.304582166184376e+03,5.882352941176471e-01,3583123
2.309794210086444e+03,2.304008747003574e+03,1.764705882352941e+00,3583120
2.314572319016856e+03,2.309278201369798e+03,1.764705882352941e+00,3583124
2.315755415026053e+03,2.310461297378994e+03,1.764705882352941e+00,3583125
2.316337024899209e+03,2.314330404479617e+03,5.882352941176471e-01,3583127
2.318610144326787e+03,2.313316026679728e+03,1.764705882352941e+00,3583126
2.318667916467432e+03,2.316903210585079e+03,5.882352941176471e-01,3583128
2.320432622349785e+03,2.318171557478203e+03,5.882352941176471e-01,3583131
2.322139556091493e+03,2.317130910957646e+03,1.176470588235294e+00,3583130
2.322197328232138e+03,2.319384384405054e+03,5.882352941176471e-01,3583132
2.322388733229866e+03,2.317094615582808e+03,1.764705882352941e+00,3583129
2.323962034114491e+03,2.321130669101383e+03,5.882352941176471e-01,3583134
2.324153439112219e+03,2.321647149843894e+03,5.882352941176471e-01,3583135
2.325726739996844e+03,2.322182873839054e+03,5.882352941176471e-01,3583136
2.327433673738552e+03,2.320587911573587e+03,1.764705882352941e+00,3583133
2.327682850876925e+03,2.323571419655673e+03,1.176470588235294e+00,3583137
2.329198379620905e+03,2.325996070222777e+03,5.882352941176471e-01,3583139
2.329256151761550e+03,2.325069938248323e+03,1.176470588235294e+00,3583138
2.330963085503258e+03,2.327688021574357e+03,5.882352941176471e-01,3583141
2.331055034280899e+03,2.329290328398546e+03,5.882352941176471e-01,3583142
2.332976968523984e+03,2.327098583997470e+03,1.764705882352941e+00,3583140
2.333982961438811e+03,2.332218255556458e+03,5.882352941176471e-01,3583143
2.336446801361454e+03,2.334682095479101e+03,5.882352941176471e-01,3583144
2.339175476943649e+03,2.335646065178943e+03,1.176470588235294e+00,3583145
2.339763983573479e+03,2.337999277691126e+03,5.882352941176471e-01,3583146
2.340656027097584e+03,2.338891321215231e+03,5.882352941176471e-01,3583147
2.344559737904767e+03,2.342795032022414e+03,5.882352941176471e-01,3583149
2.346427278968389e+03,2.341133161321331e+03,1.764705882352941e+00,3583148
2.347418509590914e+03,2.345653803708561e+03,5.882352941176471e-01,3583151
2.349293314567152e+03,2.343999196920093e+03,1.764705882352941e+00,3583150
2.349805939296363e+03,2.348041233414010e+03,5.882352941176471e-01,3583152
2.353433046101536e+03,2.351668340219183e+03,5.882352941176471e-01,3583153
2.354095278998766e+03,2.352330573116413e+03,5.882352941176471e-01,3583154
2.356405043251019e+03,2.354640337368666e+03,5.882352941176471e-01,3583156
2.357381438184718e+03,2.353852026420012e+03,1.176470588235294e+00,3583155
2.359561550635716e+03,2.357796844753363e+03,5.882352941176471e-01,3583158
2.360646493342488e+03,2.355352375695429e+03,1.764705882352941e+00,3583157
2.361326256518069e+03,2.358391795750082e+03,5.882352941176471e-01,3583160
2.362411199224841e+03,2.359520195153908e+03,5.882352941176471e-01,3583161
2.363090962400422e+03,2.359638674188671e+03,5.882352941176471e-01,3583162
2.363654685381687e+03,2.358360567734628e+03,1.764705882352941e+00,3583159
2.364855668282775e+03,2.361547337970889e+03,5.882352941176471e-01,3583164
2.365940610989547e+03,2.360952466318528e+03,1.176470588235294e+00,3583163
2.369855501702611e+03,2.366326089937905e+03,1.176470588235294e+00,3583165
2.370910118229797e+03,2.369145412347444e+03,5.882352941176471e-01,3583167
2.372555400579852e+03,2.370790694697500e+03,5.882352941176471e-01,3583168
2.373012036327496e+03,2.371247330445143e+03,5.882352941176471e-01,3583169
2.374250521698900e+03,2.368956404051841e+03,1.764705882352941e+00,3583166
2.374776742209849e+03,2.372186568546476e+03,5.882352941176471e-01,3583171
2.376541448092202e+03,2.373238076208960e+03,5.882352941176471e-01,3583173
2.377779933463605e+03,2.372851909049148e+03,1.176470588235294e+00,3583172
2.377849518226911e+03,2.372015910069115e+03,1.764705882352941e+00,3583170
2.378306153974555e+03,2.373249923634203e+03,5.882352941176471e-01,3583174
2.379544639345958e+03,2.373893529830065e+03,5.882352941176471e-01,3583175
2.380070859856908e+03,2.376326206657520e+03,5.882352941176471e-01,3583177
2.381378929991617e+03,2.374970055568056e+03,1.176470588235294e+00,3583176
2.384838756993017e+03,2.379406545168833e+03,1.764705882352941e+00,3583178
2.384908341756323e+03,2.380550210018572e+03,1.176470588235294e+00,3583180
2.385721560184293e+03,2.380427442537234e+03,1.764705882352941e+00,3583179
2.386603462875370e+03,2.380622867439164e+03,5.882352941176471e-01,3583181
2.386673047638676e+03,2.381855307382445e+03,5.882352941176471e-01,3583182
2.387486266066646e+03,2.384708339218633e+03,5.882352941176471e-01,3583183
2.388368168757723e+03,2.385379024421721e+03,5.882352941176471e-01,3583184
2.390548316535368e+03,2.388783610653015e+03,5.882352941176471e-01,3583187
2.391015677831352e+03,2.387022271967699e+03,1.176470588235294e+00,3583186
2.391967165285735e+03,2.386082171525233e+03,1.764705882352941e+00,3583185
2.392313022417721e+03,2.389132579636977e+03,5.882352941176471e-01,3583188
2.392780383713705e+03,2.389685489443017e+03,5.882352941176471e-01,3583189
2.393731871168088e+03,2.390550029065728e+03,5.882352941176471e-01,3583190
2.397607140064780e+03,2.391177981820990e+03,1.764705882352941e+00,3583191
2.399411637723416e+03,2.394117520076358e+03,1.764705882352941e+00,3583192
2.400465896308510e+03,2.398701190426157e+03,5.882352941176471e-01,3583194
2.400872675692394e+03,2.397343263927689e+03,1.176470588235294e+00,3583193
2.402230602190863e+03,2.399274728873004e+03,5.882352941176471e-01,3583196
2.404705755370475e+03,2.399130615584954e+03,1.764705882352941e+00,3583195
2.406251577121171e+03,2.404486871238818e+03,5.882352941176471e-01,3583197
2.409652387310309e+03,2.407887681427956e+03,5.882352941176471e-01,3583198
2.413000852879177e+03,2.411236146996824e+03,5.882352941176471e-01,3583201
2.413811309304403e+03,2.408517191657344e+03,1.764705882352941e+00,3583199
2.414765558761530e+03,2.411401154277591e+03,5.882352941176471e-01,3583202
2.416352620603386e+03,2.411058502956327e+03,1.764705882352941e+00,3583200
2.418117326485739e+03,2.413355324201989e+03,5.882352941176471e-01,3583205
2.419105426951462e+03,2.411648606738789e+03,1.764705882352941e+00,3583203
2.419882032368092e+03,2.417932892816610e+03,5.882352941176471e-01,3583206
2.420059676408588e+03,2.413310253570073e+03,1.764705882352941e+00,3583204
2.422614167403904e+03,2.420849461521551e+03,5.882352941176471e-01,3583207
2.424788560316950e+03,2.423023854434597e+03,5.882352941176471e-01,3583209
2.425625861034336e+03,2.423861155151983e+03,5.882352941176471e-01,3583210
2.426553266199303e+03,2.424277737715796e+03,5.882352941176471e-01,3583211
2.427268159802125e+03,2.421974042155066e+03,1.764705882352941e+00,3583208
2.428069797893252e+03,2.426305092010900e+03,5.882352941176471e-01,3583212
2.428752844810053e+03,2.426988138927700e+03,5.882352941176471e-01,3583213
2.430215482983531e+03,2.428450777101178e+03,5.882352941176471e-01,3583214
2.430922627631494e+03,2.429157921749142e+03,5.882352941176471e-01,3583216
2.431980188865884e+03,2.429210638628238e+03,5.882352941176471e-01,3583217
2.432687333513847e+03,2.430428376511186e+03,5.882352941176471e-01,3583218
2.433744894748237e+03,2.430627926676468e+03,5.882352941176471e-01,3583219
2.434228246177580e+03,2.428934128530521e+03,1.764705882352941e+00,3583215
2.436216745278553e+03,2.431761435622113e+03,1.176470588235294e+00,3583220
2.439073179783333e+03,2.433779062136274e+03,1.764705882352941e+00,3583221
2.439726429026963e+03,2.437961723144610e+03,5.882352941176471e-01,3583223
2.443009953174844e+03,2.437715835527786e+03,1.764705882352941e+00,3583222
2.443332085831561e+03,2.441567379949208e+03,5.882352941176471e-01,3583225
2.444367297430392e+03,2.438134055521322e+03,1.764705882352941e+00,3583224
2.446816837393406e+03,2.445052131511053e+03,5.882352941176471e-01,3583227
2.448304070821903e+03,2.442117038903727e+03,1.764705882352941e+00,3583226
2.448581543275759e+03,2.445485909825123e+03,5.882352941176471e-01,3583229
2.450484621205805e+03,2.445190503558746e+03,1.764705882352941e+00,3583228
2.451036932073582e+03,2.449272226191229e+03,5.882352941176471e-01,3583230
2.452418038900751e+03,2.450653333018398e+03,5.882352941176471e-01,3583232
2.454182744783104e+03,2.452262160853380e+03,5.882352941176471e-01,3583234
2.455201281178141e+03,2.449907163531082e+03,1.764705882352941e+00,3583231
2.455776210622146e+03,2.452246798857440e+03,1.176470588235294e+00,3583233
2.457948929059255e+03,2.456184223176902e+03,5.882352941176471e-01,3583236
2.458784180586879e+03,2.457019474704526e+03,5.882352941176471e-01,3583237
2.459476862430163e+03,2.454105213746166e+03,1.764705882352941e+00,3583235
2.462134855004395e+03,2.460370149122042e+03,5.882352941176471e-01,3583238
2.467885859466393e+03,2.462591741819334e+03,1.764705882352941e+00,3583239
2.470303820980130e+03,2.468539115097777e+03,5.882352941176471e-01,3583241
2.470460911061159e+03,2.468696205178806e+03,5.882352941176471e-01,3583242
2.473319773895073e+03,2.471555068012720e+03,5.882352941176471e-01,3583243
2.473779728761188e+03,2.472015022878836e+03,5.882352941176471e-01,3583244
2.473823799934556e+03,2.468529682287498e+03,1.764705882352941e+00,3583240
2.475084479777425e+03,2.472128166300446e+03,5.882352941176471e-01,3583245
2.475544434643541e+03,2.472388727133714e+03,5.882352941176471e-01,3583246
2.479756855933770e+03,2.477992150051417e+03,5.882352941176471e-01,3583247
2.491220039002987e+03,2.489455333120634e+03,5.882352941176471e-01,3583249
2.492549727383587e+03,2.489020315618881e+03,1.176470588235294e+00,3583248
2.492768918050200e+03,2.491004212167847e+03,5.882352941176471e-01,3583250
2.493621000472374e+03,2.491856294590021e+03,5.882352941176471e-01,3583251
2.496737690267231e+03,2.494972984384878e+03,5.882352941176471e-01,3583252
2.501252716396407e+03,2.499488010514054e+03,5.882352941176471e-01,3583255
2.502298123496955e+03,2.498768711732250e+03,1.176470588235294e+00,3583253
2.503017422278760e+03,2.500548261708906e+03,5.882352941176471e-01,3583256
2.504628044314312e+03,2.499333926667253e+03,1.764705882352941e+00,3583254
2.506352215970571e+03,2.504587510088218e+03,5.882352941176471e-01,3583258
2.508403920493184e+03,2.503109802846125e+03,1.764705882352941e+00,3583257
2.510260959512082e+03,2.504966841865023e+03,1.764705882352941e+00,3583259
2.511646333617630e+03,2.506160870595457e+03,1.764705882352941e+00,3583260
2.513411039499982e+03,2.509695015216720e+03,5.882352941176471e-01,3583263
2.513698038140243e+03,2.507755318144680e+03,1.764705882352941e+00,3583261
2.515175745382335e+03,2.510024435579246e+03,5.882352941176471e-01,3583264
2.515462744022596e+03,2.513252885501946e+03,5.882352941176471e-01,3583265
2.515555077159141e+03,2.508878066212503e+03,1.764705882352941e+00,3583262
2.517227449904949e+03,2.514266699753195e+03,5.882352941176471e-01,3583267
2.518252131120304e+03,2.516487425237951e+03,5.882352941176471e-01,3583268
2.520469863029394e+03,2.513609288524208e+03,1.764705882352941e+00,3583266
2.521781542885010e+03,2.517729576360953e+03,1.176470588235294e+00,3583270
2.522521567552007e+03,2.516706171835238e+03,1.764705882352941e+00,3583269
2.523999274794100e+03,2.519010205344473e+03,1.176470588235294e+00,3583271
2.524446753157433e+03,2.522682047275080e+03,5.882352941176471e-01,3583273
2.525763980676453e+03,2.523414220280306e+03,5.882352941176471e-01,3583274
2.526211459039785e+03,2.523984810133012e+03,5.882352941176471e-01,3583275
2.527075660532069e+03,2.520246281232026e+03,1.764705882352941e+00,3583272
2.527976164922138e+03,2.524412905609301e+03,5.882352941176471e-01,3583277
2.531058098323512e+03,2.523997032463044e+03,1.764705882352941e+00,3583276
2.532412423443284e+03,2.528883011678578e+03,1.176470588235294e+00,3583278
2.532996363460426e+03,2.531231657578073e+03,5.882352941176471e-01,3583280
2.534177129325637e+03,2.531280479227654e+03,5.882352941176471e-01,3583281
2.534239781866512e+03,2.528945664219453e+03,1.764705882352941e+00,3583279
2.537576772142795e+03,2.535812066260442e+03,5.882352941176471e-01,3583283
2.539196292941304e+03,2.535666881176598e+03,1.176470588235294e+00,3583282
2.540972044975028e+03,2.539207339092675e+03,5.882352941176471e-01,3583284
2.542640030814481e+03,2.540875324932128e+03,5.882352941176471e-01,3583285
2.543746279234517e+03,2.541981573352164e+03,5.882352941176471e-01,3583286
2.548670089107837e+03,2.546905383225484e+03,5.882352941176471e-01,3583289
2.549583433959502e+03,2.544289316312443e+03,1.764705882352941e+00,3583287
2.550688519911839e+03,2.545394402264780e+03,1.764705882352941e+00,3583288
2.551348139841855e+03,2.548129646353688e+03,5.882352941176471e-01,3583291
2.553112845724208e+03,2.550461510368465e+03,5.882352941176471e-01,3583293
2.553964206754896e+03,2.546973464577038e+03,1.764705882352941e+00,3583290
2.555982637558898e+03,2.548786907848319e+03,1.764705882352941e+00,3583292
2.556513890267235e+03,2.554749184384882e+03,5.882352941176471e-01,3583295
2.557747343441251e+03,2.555918018734054e+03,5.882352941176471e-01,3583296
2.558518599828073e+03,2.553224482181014e+03,1.764705882352941e+00,3583294
2.559398500675654e+03,2.557633794793301e+03,5.882352941176471e-01,3583297
2.560283305710426e+03,2.558450295321685e+03,5.882352941176471e-01,3583299
2.563543456568145e+03,2.558249338921086e+03,1.764705882352941e+00,3583298
2.564692618322713e+03,2.558733120418441e+03,1.764705882352941e+00,3583300
2.565308162450498e+03,2.562482416635107e+03,5.882352941176471e-01,3583302
2.567072868332851e+03,2.564583912253800e+03,5.882352941176471e-01,3583304
2.567196560486132e+03,2.561902442839073e+03,1.764705882352941e+00,3583301
2.568222030087419e+03,2.562512647678839e+03,1.176470588235294e+00,3583303
2.568837574215204e+03,2.566023295642462e+03,5.882352941176471e-01,3583305
2.570725972250838e+03,2.566515698329888e+03,1.176470588235294e+00,3583306
2.573516147734478e+03,2.566897236984354e+03,1.764705882352941e+00,3583307
2.574131691862263e+03,2.568479012299504e+03,1.764705882352941e+00,3583308
2.576020089897897e+03,2.568533492684028e+03,1.764705882352941e+00,3583309
2.577784795780249e+03,2.575782993567715e+03,5.882352941176471e-01,3583312
2.578810265381537e+03,2.572322701003405e+03,1.764705882352941e+00,3583310
2.579425809509321e+03,2.572846655475377e+03,1.764705882352941e+00,3583311
2.581190515391674e+03,2.577334589879661e+03,5.882352941176471e-01,3583315
2.581314207544955e+03,2.576341672041900e+03,1.176470588235294e+00,3583313
2.582339677146243e+03,2.576708466323580e+03,1.176470588235294e+00,3583314
2.583078913427308e+03,2.579771728750370e+03,5.882352941176471e-01,3583317
2.584104383028595e+03,2.579958559223830e+03,5.882352941176471e-01,3583318
2.584843619309661e+03,2.581182481056301e+03,5.882352941176471e-01,3583319
2.585869088910948e+03,2.583687119002628e+03,5.882352941176471e-01,3583320
2.586484633038733e+03,2.579344302892816e+03,1.764705882352941e+00,3583316
2.590499362520086e+03,2.588734656637733e+03,5.882352941176471e-01,3583322
2.591275707445564e+03,2.585981589798506e+03,1.764705882352941e+00,3583321
2.591380337671556e+03,2.589615631789203e+03,5.882352941176471e-01,3583323
2.592683448498891e+03,2.590918742616538e+03,5.882352941176471e-01,3583324
2.593429599353272e+03,2.591664893470920e+03,5.882352941176471e-01,3583325
2.598841651290544e+03,2.597076945408191e+03,5.882352941176471e-01,3583326
2.602516098925222e+03,2.600751393042869e+03,5.882352941176471e-01,3583328
2.604021623352296e+03,2.602256917469943e+03,5.882352941176471e-01,3583329
2.605786329234649e+03,2.603369896304081e+03,5.882352941176471e-01,3583331
2.605881712247758e+03,2.600587594600699e+03,1.764705882352941e+00,3583327
2.607646418130111e+03,2.604869214691384e+03,5.882352941176471e-01,3583333
2.608239796620411e+03,2.602945678973353e+03,1.764705882352941e+00,3583330
2.611080446881707e+03,2.603978265896202e+03,1.764705882352941e+00,3583332
2.612845152764060e+03,2.611050528638522e+03,5.882352941176471e-01,3583336
2.612940535777170e+03,2.606357688067770e+03,1.764705882352941e+00,3583334
2.614785007017939e+03,2.609490889370880e+03,1.764705882352941e+00,3583335
2.618112019351446e+03,2.616347313469093e+03,5.882352941176471e-01,3583338
2.619443747060516e+03,2.614149629413457e+03,1.764705882352941e+00,3583337
2.619733900992411e+03,2.617969195110058e+03,5.882352941176471e-01,3583339
2.622998937139043e+03,2.621234231256690e+03,5.882352941176471e-01,3583340
2.624291333094165e+03,2.622526627211812e+03,5.882352941176471e-01,3583341
2.627795436318021e+03,2.624266024553315e+03,1.176470588235294e+00,3583342
2.632130847380127e+03,2.626836729733068e+03,1.764705882352941e+00,3583343
2.632474093611346e+03,2.628944681846640e+03,1.176470588235294e+00,3583344
2.635347053085705e+03,2.633582347203352e+03,5.882352941176471e-01,3583346
2.635416189460852e+03,2.633651483578499e+03,5.882352941176471e-01,3583347
2.636954604977988e+03,2.631660487330929e+03,1.764705882352941e+00,3583345
2.637111758968058e+03,2.633854372827206e+03,5.882352941176471e-01,3583348
2.637180895343205e+03,2.635315893203877e+03,5.882352941176471e-01,3583349
2.638719310860341e+03,2.635621687898533e+03,5.882352941176471e-01,3583350
2.639105130555748e+03,2.637340424673395e+03,5.882352941176471e-01,3583351
2.641418205519790e+03,2.639653499637437e+03,5.882352941176471e-01,3583354
2.642860251799258e+03,2.637566134152199e+03,1.764705882352941e+00,3583352
2.643182911402143e+03,2.639766512913340e+03,5.882352941176471e-01,3583355
2.644013428507400e+03,2.638470243921033e+03,1.764705882352941e+00,3583353
2.645778134389753e+03,2.642671506792259e+03,5.882352941176471e-01,3583358
2.647542840272106e+03,2.643919433751735e+03,5.882352941176471e-01,3583359
2.648154369446317e+03,2.640777900810944e+03,1.764705882352941e+00,3583356
2.648477029049202e+03,2.641851271447496e+03,1.764705882352941e+00,3583357
2.649307546154458e+03,2.647509065110086e+03,5.882352941176471e-01,3583360
2.651521410359487e+03,2.649756704477134e+03,5.882352941176471e-01,3583361
2.655366060722256e+03,2.650071943075197e+03,1.764705882352941e+00,3583362
2.659065768672922e+03,2.657301062790569e+03,5.882352941176471e-01,3583363
2.659305742603308e+03,2.657541036720955e+03,5.882352941176471e-01,3583364
2.664112308723848e+03,2.660582896959142e+03,1.176470588235294e+00,3583366
2.665854195477534e+03,2.660560077830475e+03,1.764705882352941e+00,3583365
2.671036466853026e+03,2.665742349205967e+03,1.764705882352941e+00,3583367
2.671276282091767e+03,2.669511576209414e+03,5.882352941176471e-01,3583368
2.677461478361465e+03,2.672167360714406e+03,1.764705882352941e+00,3583369
2.685766676339650e+03,2.684001970457297e+03,5.882352941176471e-01,3583370
2.691026449272527e+03,2.685732331625468e+03,1.764705882352941e+00,3583371
2.691798180468624e+03,2.690033474586271e+03,5.882352941176471e-01,3583373
2.692727415461870e+03,2.689198003697164e+03,1.176470588235294e+00,3583372
2.692791155154879e+03,2.690196178447086e+03,5.882352941176471e-01,3583374
2.694492121344223e+03,2.691329752915345e+03,5.882352941176471e-01,3583376
2.696256827226576e+03,2.692827052470421e+03,5.882352941176471e-01,3583378
2.697092298115683e+03,2.691133145488846e+03,1.764705882352941e+00,3583375
2.698021533108929e+03,2.692981752957300e+03,5.882352941176471e-01,3583379
2.698085272801938e+03,2.692392782116789e+03,1.764705882352941e+00,3583377
2.698857003998036e+03,2.694457719591669e+03,5.882352941176471e-01,3583380
2.702386415762742e+03,2.697444887872514e+03,1.176470588235294e+00,3583383
2.703315650755987e+03,2.696918842946666e+03,1.764705882352941e+00,3583381
2.703379390448997e+03,2.697358279868760e+03,1.764705882352941e+00,3583382
2.705080356638340e+03,2.699169736178135e+03,5.882352941176471e-01,3583385
2.705144096331350e+03,2.699848556257856e+03,5.882352941176471e-01,3583386
2.707680533409801e+03,2.698624241849636e+03,1.764705882352941e+00,3583384
2.708609768403046e+03,2.702255074531650e+03,1.176470588235294e+00,3583387
2.710904368792943e+03,2.707374957028237e+03,1.176470588235294e+00,3583388
2.711645407675570e+03,2.709880701793217e+03,5.882352941176471e-01,3583389
2.716038532270724e+03,2.710744414623665e+03,1.764705882352941e+00,3583390
2.717169204100514e+03,2.715404498218161e+03,5.882352941176471e-01,3583391
2.721583043514944e+03,2.716288925867885e+03,1.764705882352941e+00,3583392
2.723926550815777e+03,2.718632433168719e+03,1.764705882352941e+00,3583393
2.726646591807724e+03,2.724881885925371e+03,5.882352941176471e-01,3583394
2.727826913343362e+03,2.726062207461009e+03,5.882352941176471e-01,3583396
2.729623385128749e+03,2.727858679246396e+03,5.882352941176471e-01,3583398
2.731070774688206e+03,2.725776657041148e+03,1.764705882352941e+00,3583395
2.731940709454782e+03,2.726222471440838e+03,1.764705882352941e+00,3583397
2.732738014610555e+03,2.730973308728202e+03,5.882352941176471e-01,3583399
2.738260975882381e+03,2.736496270000028e+03,5.882352941176471e-01,3583400
2.742210275690988e+03,2.740445569808635e+03,5.882352941176471e-01,3583401
2.742755228082632e+03,2.740990522200279e+03,5.882352941176471e-01,3583403
2.746241768803762e+03,2.740947651156703e+03,1.764705882352941e+00,3583402
2.748006474686115e+03,2.744049561125444e+03,5.882352941176471e-01,3583406
2.748631529917637e+03,2.743337412270578e+03,1.764705882352941e+00,3583404
2.749182964880501e+03,2.743888847233443e+03,1.764705882352941e+00,3583405
2.749771180568468e+03,2.744782509696295e+03,5.882352941176471e-01,3583407
2.750947670762854e+03,2.748651981792375e+03,5.882352941176471e-01,3583409
2.752160941682343e+03,2.747338741907705e+03,1.176470588235294e+00,3583408
2.753332248315591e+03,2.751567542433238e+03,5.882352941176471e-01,3583410
2.754161503482686e+03,2.752396797600333e+03,5.882352941176471e-01,3583411
2.754400410471970e+03,2.752635704589617e+03,5.882352941176471e-01,3583412
2.755096954197944e+03,2.753196947270007e+03,5.882352941176471e-01,3583413
2.761473152274050e+03,2.756179034626992e+03,1.764705882352941e+00,3583414
2.764155386701832e+03,2.758861269054774e+03,1.764705882352941e+00,3583415
2.766090722365167e+03,2.764326016482814e+03,5.882352941176471e-01,3583416
2.767256207702946e+03,2.765491501820594e+03,5.882352941176471e-01,3583417
2.768866747080085e+03,2.767102041197732e+03,5.882352941176471e-01,3583419
2.770631452962438e+03,2.768862456021925e+03,5.882352941176471e-01,3583421
2.772069001275802e+03,2.766774883628743e+03,1.764705882352941e+00,3583418
2.773833707158155e+03,2.771630776426458e+03,5.882352941176471e-01,3583423
2.773841072780567e+03,2.768546955133508e+03,1.764705882352941e+00,3583420
2.775598413040508e+03,2.771794109966872e+03,5.882352941176471e-01,3583424
2.775605778662920e+03,2.771834278007542e+03,5.882352941176471e-01,3583425
2.776198097763218e+03,2.770903980116159e+03,1.764705882352941e+00,3583422
2.777363118922861e+03,2.773510005267644e+03,5.882352941176471e-01,3583426
2.780899896309979e+03,2.774927008077456e+03,1.764705882352941e+00,3583427
2.783260952448737e+03,2.777966834801678e+03,1.764705882352941e+00,3583428
2.785877070346428e+03,2.784112364464075e+03,5.882352941176471e-01,3583431
2.786617438685654e+03,2.781323321038595e+03,1.764705882352941e+00,3583429
2.787183677369272e+03,2.781889559722213e+03,1.764705882352941e+00,3583430
2.788382144568007e+03,2.785737431274428e+03,5.882352941176471e-01,3583433
2.788948383251625e+03,2.785829892127830e+03,5.882352941176471e-01,3583434
2.790713089133978e+03,2.788666382428695e+03,5.882352941176471e-01,3583436
2.791171187993487e+03,2.784443934044550e+03,1.764705882352941e+00,3583432
2.793676262215066e+03,2.786304252434006e+03,1.764705882352941e+00,3583435
2.794632646552298e+03,2.792867940669945e+03,5.882352941176471e-01,3583438
2.794930189923337e+03,2.791400778158631e+03,1.176470588235294e+00,3583437
2.796723753514579e+03,2.794959047632226e+03,5.882352941176471e-01,3583440
2.798375729229426e+03,2.794846317464720e+03,1.176470588235294e+00,3583439
2.798653384897371e+03,2.796888679015018e+03,5.882352941176471e-01,3583441
2.800140435111779e+03,2.797957862607153e+03,5.882352941176471e-01,3583443
2.800418090779724e+03,2.798336583872847e+03,5.882352941176471e-01,3583444
2.801098000392428e+03,2.797568588627722e+03,1.176470588235294e+00,3583442
2.802182796662077e+03,2.800293821729189e+03,5.882352941176471e-01,3583446
2.802862706274781e+03,2.800688787018254e+03,5.882352941176471e-01,3583447
2.804627412157134e+03,2.801306225381938e+03,5.882352941176471e-01,3583449
2.805434552758838e+03,2.800051198638126e+03,1.764705882352941e+00,3583445
2.805712208426783e+03,2.801179716007209e+03,1.176470588235294e+00,3583448
2.806392118039487e+03,2.801602928737288e+03,5.882352941176471e-01,3583450
2.807599119054790e+03,2.805834413172437e+03,5.882352941176471e-01,3583451
2.810720438459681e+03,2.807191026694975e+03,1.176470588235294e+00,3583453
2.812294292035977e+03,2.807000174388918e+03,1.764705882352941e+00,3583452
2.812485144342034e+03,2.807832016952536e+03,5.882352941176471e-01,3583455
2.812939039174660e+03,2.807644921527601e+03,1.764705882352941e+00,3583454
2.815823703800683e+03,2.809510985818140e+03,1.176470588235294e+00,3583456
2.817588409683036e+03,2.810717020390995e+03,5.882352941176471e-01,3583459
2.817779261989093e+03,2.809860845110769e+03,1.764705882352941e+00,3583457
2.818233156821719e+03,2.810264320826605e+03,1.764705882352941e+00,3583458
2.819353115565389e+03,2.812447927681691e+03,5.882352941176471e-01,3583460
2.819997862704072e+03,2.814291908436209e+03,5.882352941176471e-01,3583462
2.821117821447742e+03,2.814847553727765e+03,5.882352941176471e-01,3583463
2.821762568586425e+03,2.816337415544796e+03,5.882352941176471e-01,3583464
2.822882527330095e+03,2.818734902896913e+03,5.882352941176471e-01,3583465
2.823073379636151e+03,2.813648463768125e+03,1.764705882352941e+00,3583461
2.824410638598235e+03,2.822645932715882e+03,5.882352941176471e-01,3583466
2.828590934994466e+03,2.826826229112113e+03,5.882352941176471e-01,3583467
2.829576365215717e+03,2.827811659333364e+03,5.882352941176471e-01,3583468
2.833243471949206e+03,2.831478766066853e+03,5.882352941176471e-01,3583469
2.833432672687195e+03,2.831667966804843e+03,5.882352941176471e-01,3583470
2.833758765332618e+03,2.831994059450265e+03,5.882352941176471e-01,3583471
2.836723544125272e+03,2.834958838242919e+03,5.882352941176471e-01,3583473
2.838537589596265e+03,2.832333921185389e+03,1.764705882352941e+00,3583472
2.841048179431889e+03,2.839283473549536e+03,5.882352941176471e-01,3583476
2.841391731076428e+03,2.836097613429369e+03,1.764705882352941e+00,3583474
2.842109167166337e+03,2.838579755401631e+03,1.176470588235294e+00,3583475
2.843774976264550e+03,2.842010270382197e+03,5.882352941176471e-01,3583477
2.850208905972990e+03,2.846679494208285e+03,1.176470588235294e+00,3583479
2.850614989675226e+03,2.845320872028167e+03,1.764705882352941e+00,3583478
2.850635528314585e+03,2.848870822432232e+03,5.882352941176471e-01,3583480
2.852945992522566e+03,2.851181286640214e+03,5.882352941176471e-01,3583482
2.853404765206954e+03,2.851640059324601e+03,5.882352941176471e-01,3583483
2.855503023620049e+03,2.849304976096912e+03,1.764705882352941e+00,3583481
2.860533158969966e+03,2.858768453087613e+03,5.882352941176471e-01,3583485
2.863412034578489e+03,2.858117916931430e+03,1.764705882352941e+00,3583484
2.865201581538483e+03,2.863436875656130e+03,5.882352941176471e-01,3583487
2.866177068894676e+03,2.860882951247617e+03,1.764705882352941e+00,3583486
2.866895804227054e+03,2.865131098344701e+03,5.882352941176471e-01,3583488
2.868754378742029e+03,2.866989672859676e+03,5.882352941176471e-01,3583490
2.869995768005689e+03,2.866466356240984e+03,1.176470588235294e+00,3583489
2.873930147599364e+03,2.868636029952306e+03,1.764705882352941e+00,3583491
2.875082000695327e+03,2.873317294812974e+03,5.882352941176471e-01,3583492
2.875312958716263e+03,2.873548252833910e+03,5.882352941176471e-01,3583493
2.877774573297630e+03,2.876009867415277e+03,5.882352941176471e-01,3583496
2.878611412460033e+03,2.874606975794497e+03,1.176470588235294e+00,3583495
2.879224265246423e+03,2.873582691473899e+03,1.764705882352941e+00,3583494
2.879539279179983e+03,2.877752719935682e+03,5.882352941176471e-01,3583497
2.885894755543439e+03,2.884130049661086e+03,5.882352941176471e-01,3583498
2.888524509299689e+03,2.886759803417336e+03,5.882352941176471e-01,3583499
2.889976558927961e+03,2.888211853045608e+03,5.882352941176471e-01,3583500
2.893699417393900e+03,2.891934711511547e+03,5.882352941176471e-01,3583501
2.895341305912458e+03,2.893576600030105e+03,5.882352941176471e-01,3583502
2.897572362178628e+03,2.895807656296275e+03,5.882352941176471e-01,3583503
2.902824963951859e+03,2.897530846304801e+03,1.764705882352941e+00,3583504
2.903853082033544e+03,2.898558964386486e+03,1.764705882352941e+00,3583505
2.904589669834212e+03,2.901406153487191e+03,5.882352941176471e-01,3583507
2.905583407797155e+03,2.900289290150097e+03,1.764705882352941e+00,3583506
2.905617787915897e+03,2.901518054243156e+03,5.882352941176471e-01,3583508
2.906354375716565e+03,2.901607569232790e+03,5.882352941176471e-01,3583509
2.907348113679508e+03,2.904527420471858e+03,5.882352941176471e-01,3583510
2.907382493798250e+03,2.904553464583216e+03,5.882352941176471e-01,3583511
2.908119081598918e+03,2.905593245552677e+03,5.882352941176471e-01,3583512
2.909529297916017e+03,2.907764592033664e+03,5.882352941176471e-01,3583514
2.910877525444214e+03,2.906342629801259e+03,1.176470588235294e+00,3583513
2.913742363918476e+03,2.910212952153770e+03,1.176470588235294e+00,3583515
2.913836505271860e+03,2.912071799389507e+03,5.882352941176471e-01,3583516
2.914380052750870e+03,2.912615346868517e+03,5.882352941176471e-01,3583517
2.916292181440143e+03,2.914527475557790e+03,5.882352941176471e-01,3583518
2.918891062579525e+03,2.917126356697172e+03,5.882352941176471e-01,3583519
2.919024021050494e+03,2.917259315168141e+03,5.882352941176471e-01,3583520
2.924745194310537e+03,2.919451076663478e+03,1.764705882352941e+00,3583521
2.925547177640886e+03,2.920253059993827e+03,1.764705882352941e+00,3583522
2.927257495056322e+03,2.921963377409263e+03,1.764705882352941e+00,3583523
2.927311883523239e+03,2.923991455555719e+03,5.882352941176471e-01,3583525
2.928274606075243e+03,2.923771473848299e+03,1.176470588235294e+00,3583524
2.930039311957596e+03,2.927627818447608e+03,5.882352941176471e-01,3583528
2.931804017839949e+03,2.928301323107247e+03,5.882352941176471e-01,3583529
2.932551612703381e+03,2.924162591764918e+03,1.764705882352941e+00,3583526
2.932606001170298e+03,2.926370967523480e+03,1.764705882352941e+00,3583527
2.933568723722301e+03,2.928343351695155e+03,5.882352941176471e-01,3583530
2.937845730350440e+03,2.928650417755361e+03,1.764705882352941e+00,3583531
2.937900118817357e+03,2.929763631824099e+03,1.764705882352941e+00,3583532
2.938862841369360e+03,2.930383155873088e+03,1.764705882352941e+00,3583533
2.940627547251713e+03,2.933425442045426e+03,5.882352941176471e-01,3583536
2.942392253134066e+03,2.934203274027533e+03,5.882352941176471e-01,3583537
2.943139847997499e+03,2.931100597945066e+03,1.764705882352941e+00,3583534
2.943194236464416e+03,2.932569984477807e+03,1.764705882352941e+00,3583535
2.944156959016419e+03,2.934786356479609e+03,5.882352941176471e-01,3583538
2.944904553879852e+03,2.936745694405921e+03,5.882352941176471e-01,3583539
2.944958942346768e+03,2.939955161814769e+03,5.882352941176471e-01,3583540
2.946669259762205e+03,2.940479267052057e+03,5.882352941176471e-01,3583542
2.946723648229121e+03,2.940876891138711e+03,5.882352941176471e-01,3583543
2.948433965644558e+03,2.943241662364922e+03,5.882352941176471e-01,3583544
2.948488354111474e+03,2.945109817625213e+03,5.882352941176471e-01,3583545
2.949451076663478e+03,2.940258580665671e+03,1.764705882352941e+00,3583541
2.950253059993827e+03,2.945874131684513e+03,5.882352941176471e-01,3583547
2.951215782545831e+03,2.947560131873882e+03,5.882352941176471e-01,3583548
2.951963377409263e+03,2.945797142151789e+03,1.176470588235294e+00,3583546
2.953728083291616e+03,2.950340261899779e+03,5.882352941176471e-01,3583551
2.955547177640886e+03,2.948973510121160e+03,1.764705882352941e+00,3583549
2.956509900192890e+03,2.950174401053488e+03,1.764705882352941e+00,3583550
2.960290264924661e+03,2.954996147277602e+03,1.764705882352941e+00,3583552
2.962576161245726e+03,2.957282043598667e+03,1.764705882352941e+00,3583553
2.962808990328261e+03,2.961044284445908e+03,5.882352941176471e-01,3583555
2.963500655672573e+03,2.959971243907868e+03,1.176470588235294e+00,3583554
2.964573696210614e+03,2.962189508706262e+03,5.882352941176471e-01,3583557
2.965265361554926e+03,2.962960745202085e+03,5.882352941176471e-01,3583558
2.967870278892785e+03,2.962166907902139e+03,1.764705882352941e+00,3583556
2.969634984775138e+03,2.966799973493892e+03,5.882352941176471e-01,3583561
2.969864221600120e+03,2.966334809835414e+03,1.176470588235294e+00,3583560
2.971067330051312e+03,2.965773212404253e+03,1.764705882352941e+00,3583559
2.971399690657491e+03,2.967155036336551e+03,5.882352941176471e-01,3583562
2.973164396539844e+03,2.969083958302965e+03,5.882352941176471e-01,3583565
2.973393633364826e+03,2.967304916004861e+03,1.176470588235294e+00,3583563
2.975158339247179e+03,2.971860183412816e+03,5.882352941176471e-01,3583567
2.976361447698371e+03,2.968663536291846e+03,1.764705882352941e+00,3583564
2.976923045129532e+03,2.974611117663119e+03,5.882352941176471e-01,3583568
2.978458514186903e+03,2.969130468687341e+03,1.764705882352941e+00,3583566
2.978687751011885e+03,2.975398546097919e+03,5.882352941176471e-01,3583570
2.980452456894238e+03,2.976888474425564e+03,5.882352941176471e-01,3583572
2.981655565345430e+03,2.975070968060953e+03,1.764705882352941e+00,3583569
2.982217162776591e+03,2.977111193637962e+03,5.882352941176471e-01,3583573
2.983420271227783e+03,2.979484186615802e+03,5.882352941176471e-01,3583574
2.983752631833962e+03,2.975890202606013e+03,1.764705882352941e+00,3583571
2.985746574541297e+03,2.979674946032995e+03,1.176470588235294e+00,3583575
2.986859296094091e+03,2.985094590211738e+03,5.882352941176471e-01,3583577
2.988624001976444e+03,2.986069895930227e+03,5.882352941176471e-01,3583579
2.989633062194158e+03,2.984338944547099e+03,1.764705882352941e+00,3583576
2.990388707858797e+03,2.987273382330617e+03,5.882352941176471e-01,3583580
2.991040692188356e+03,2.985484239897858e+03,1.764705882352941e+00,3583578
2.991397768076511e+03,2.987782758081828e+03,5.882352941176471e-01,3583581
2.992153413741150e+03,2.987843648905035e+03,5.882352941176471e-01,3583582
2.992805398070709e+03,2.987873448580360e+03,5.882352941176471e-01,3583583
2.993162473958864e+03,2.991044047979219e+03,5.882352941176471e-01,3583584
2.993918119623503e+03,2.991166157508000e+03,5.882352941176471e-01,3583585
2.995313773830460e+03,2.993549067948107e+03,5.882352941176471e-01,3583586
2.996490421599711e+03,2.994725715717358e+03,5.882352941176471e-01,3583588
2.998828102094603e+03,2.997063396212250e+03,5.882352941176471e-01,3583589
2.998835290423910e+03,2.997070584541557e+03,5.882352941176471e-01,3583590
2.999421653029255e+03,2.994127535382197e+03,1.764705882352941e+00,3583587
3.000592807976956e+03,2.997519202130722e+03,5.882352941176471e-01,3583591
3.001086401963509e+03,2.999321696081156e+03,5.882352941176471e-01,3583592
3.004751299035606e+03,3.002986593153253e+03,5.882352941176471e-01,3583595
3.005151183988785e+03,3.001621772224079e+03,1.176470588235294e+00,3583594
3.005441905379278e+03,3.000147787732219e+03,1.764705882352941e+00,3583593
3.011940120060014e+03,3.010175414177661e+03,5.882352941176471e-01,3583596
3.013779249773805e+03,3.012014543891452e+03,5.882352941176471e-01,3583597
3.016152521237247e+03,3.014387815354894e+03,5.882352941176471e-01,3583598
3.019433459196423e+03,3.017668753314070e+03,5.882352941176471e-01,3583599
3.022999232407844e+03,3.021234526525491e+03,5.882352941176471e-01,3583600
3.026157853577457e+03,3.024393147695105e+03,5.882352941176471e-01,3583601
3.029075705953444e+03,3.027311000071091e+03,5.882352941176471e-01,3583604
3.030185495914699e+03,3.024891378267641e+03,1.764705882352941e+00,3583602
3.031222489555311e+03,3.025928371908252e+03,1.764705882352941e+00,3583603
3.033242623636973e+03,3.029713211872267e+03,1.176470588235294e+00,3583605
3.035965761526835e+03,3.034201055644482e+03,5.882352941176471e-01,3583607
3.036449255609670e+03,3.031155137962611e+03,1.764705882352941e+00,3583606
3.036886997176830e+03,3.035122291294477e+03,5.882352941176471e-01,3583608
3.041259879173893e+03,3.035444487857412e+03,1.764705882352941e+00,3583609
3.043024585056246e+03,3.039807358628531e+03,5.882352941176471e-01,3583612
3.043132158348690e+03,3.039602746583984e+03,1.176470588235294e+00,3583611
3.043850021049093e+03,3.038555903402034e+03,1.764705882352941e+00,3583610
3.044789290938599e+03,3.039996267291043e+03,5.882352941176471e-01,3583613
3.044896864231043e+03,3.040130617791091e+03,5.882352941176471e-01,3583614
3.048318702703305e+03,3.040320778937396e+03,1.176470588235294e+00,3583616
3.049144138696152e+03,3.040232459960756e+03,1.764705882352941e+00,3583615
3.050190981878102e+03,3.040396546661759e+03,1.764705882352941e+00,3583617
3.050908844578505e+03,3.047273652649115e+03,5.882352941176471e-01,3583619
3.051848114468011e+03,3.045243041468335e+03,1.176470588235294e+00,3583618
3.055485099525161e+03,3.047610741786968e+03,1.764705882352941e+00,3583620
3.056202962225564e+03,3.048328084416817e+03,1.764705882352941e+00,3583621
3.057142232115070e+03,3.049390510296848e+03,1.764705882352941e+00,3583622
3.057249805407514e+03,3.049701261325810e+03,5.882352941176471e-01,3583623
3.057967668107917e+03,3.050121748953151e+03,5.882352941176471e-01,3583624
3.060502509066480e+03,3.058737803184127e+03,5.882352941176471e-01,3583626
3.060671643879776e+03,3.055479432295550e+03,1.176470588235294e+00,3583625
3.061024705127867e+03,3.059259999245514e+03,5.882352941176471e-01,3583627
3.065729629842340e+03,3.063964923959987e+03,5.882352941176471e-01,3583630
3.065796626713539e+03,3.059412026255531e+03,1.764705882352941e+00,3583628
3.067617213210702e+03,3.065852507328349e+03,5.882352941176471e-01,3583631
3.068892228184691e+03,3.063598110537632e+03,1.764705882352941e+00,3583629
3.069967837384355e+03,3.066438425619649e+03,1.176470588235294e+00,3583632
3.077049930635062e+03,3.071755812988003e+03,1.764705882352941e+00,3583633
3.079737133951959e+03,3.074443016304900e+03,1.764705882352941e+00,3583634
3.080019363678531e+03,3.074725246031472e+03,1.764705882352941e+00,3583635
3.081501839834312e+03,3.075868232774534e+03,5.882352941176471e-01,3583637
3.082344048282121e+03,3.074838549345061e+03,1.764705882352941e+00,3583636
3.083266545716665e+03,3.079450729641422e+03,5.882352941176471e-01,3583639
3.084108754164474e+03,3.079656409077233e+03,5.882352941176471e-01,3583640
3.085313481325590e+03,3.079152956175563e+03,1.764705882352941e+00,3583638
3.086795957481371e+03,3.079754754658974e+03,1.176470588235294e+00,3583641
3.087078187207943e+03,3.083276834660011e+03,5.882352941176471e-01,3583643
3.087638165929179e+03,3.081049643562106e+03,1.176470588235294e+00,3583642
3.088560663363724e+03,3.083734942454064e+03,5.882352941176471e-01,3583644
3.088842893090296e+03,3.083872184773287e+03,5.882352941176471e-01,3583645
3.092090075128430e+03,3.085345116816911e+03,1.176470588235294e+00,3583647
3.092932283576238e+03,3.084949367074034e+03,1.764705882352941e+00,3583646
3.093854781010783e+03,3.087002165399021e+03,5.882352941176471e-01,3583649
3.094137010737355e+03,3.086794585777965e+03,1.764705882352941e+00,3583648
3.095619486893136e+03,3.089148910006424e+03,5.882352941176471e-01,3583651
3.097384192775489e+03,3.091947356960536e+03,5.882352941176471e-01,3583653
3.098226401223297e+03,3.089043819759317e+03,1.764705882352941e+00,3583650
3.099431128384413e+03,3.091303704176031e+03,1.764705882352941e+00,3583652
3.099991107105650e+03,3.093343701168421e+03,5.882352941176471e-01,3583655
3.101195834266766e+03,3.093520245641694e+03,5.882352941176471e-01,3583656
3.101755812988003e+03,3.095878490897440e+03,5.882352941176471e-01,3583657
3.102678310422548e+03,3.092423226765492e+03,1.764705882352941e+00,3583654
3.102960540149119e+03,3.096061156303341e+03,5.882352941176471e-01,3583658
3.104443016304900e+03,3.101910292153173e+03,5.882352941176471e-01,3583660
3.104725246031472e+03,3.102583774310181e+03,5.882352941176471e-01,3583661
3.105285224752709e+03,3.098457978775569e+03,1.176470588235294e+00,3583659
3.109737133951959e+03,3.102792834872838e+03,1.764705882352941e+00,3583662
3.110895971272378e+03,3.109131265390025e+03,5.882352941176471e-01,3583663
3.113457717713946e+03,3.111693011831593e+03,5.882352941176471e-01,3583664
3.116208249634220e+03,3.114443543751868e+03,5.882352941176471e-01,3583665
3.117136149101933e+03,3.115371443219580e+03,5.882352941176471e-01,3583666
3.118450819564498e+03,3.116686113682145e+03,5.882352941176471e-01,3583667
3.118945334030045e+03,3.117180628147692e+03,5.882352941176471e-01,3583668
3.119513913107375e+03,3.117749207225022e+03,5.882352941176471e-01,3583669
3.122138669184325e+03,3.120373963301972e+03,5.882352941176471e-01,3583671
3.123713724674017e+03,3.121949018791664e+03,5.882352941176471e-01,3583672
3.124919159540172e+03,3.119625041893113e+03,1.764705882352941e+00,3583670
3.129221637165128e+03,3.127456931282775e+03,5.882352941176471e-01,3583673
3.130986343047481e+03,3.129137279310331e+03,5.882352941176471e-01,3583676
3.133040077735175e+03,3.127745960088117e+03,1.764705882352941e+00,3583674
3.133868588642172e+03,3.128574470995113e+03,1.764705882352941e+00,3583675
3.139765700682729e+03,3.138000994800376e+03,5.882352941176471e-01,3583678
3.139790182723258e+03,3.138025476840905e+03,5.882352941176471e-01,3583679
3.139840723278259e+03,3.134546605631200e+03,1.764705882352941e+00,3583677
3.141530406565082e+03,3.139009570479838e+03,5.882352941176471e-01,3583680
3.141554888605611e+03,3.139166814947719e+03,5.882352941176471e-01,3583681
3.145623289963365e+03,3.140329172316306e+03,1.764705882352941e+00,3583682
3.146824524212141e+03,3.140359162261377e+03,1.764705882352941e+00,3583683
3.147387995845718e+03,3.145313291492724e+03,5.882352941176471e-01,3583685
3.148589230094494e+03,3.146024228762724e+03,5.882352941176471e-01,3583686
3.150556204278069e+03,3.145262086631010e+03,1.764705882352941e+00,3583684
3.152651716047157e+03,3.150887010164804e+03,5.882352941176471e-01,3583689
3.152682113492777e+03,3.147283322163605e+03,1.764705882352941e+00,3583687
3.153883347741553e+03,3.147903199105050e+03,1.764705882352941e+00,3583688
3.154416421929510e+03,3.151255266233529e+03,5.882352941176471e-01,3583690
3.156954437526823e+03,3.155189731644470e+03,5.882352941176471e-01,3583691
3.158719143409176e+03,3.156378267962188e+03,5.882352941176471e-01,3583694
3.159695425459217e+03,3.156166013694511e+03,1.176470588235294e+00,3583693
3.160501009661856e+03,3.155206892014797e+03,1.764705882352941e+00,3583692
3.160777900794042e+03,3.159013194911689e+03,5.882352941176471e-01,3583695
3.163659072489773e+03,3.161894366607420e+03,5.882352941176471e-01,3583697
3.164067903376414e+03,3.160538491611708e+03,1.176470588235294e+00,3583696
3.164210909357878e+03,3.162446203475525e+03,5.882352941176471e-01,3583698
3.165423778372126e+03,3.163590535399744e+03,5.882352941176471e-01,3583699
3.165832609258767e+03,3.163719109569584e+03,5.882352941176471e-01,3583700
3.165975615240231e+03,3.163872539931614e+03,5.882352941176471e-01,3583701
3.167188484254479e+03,3.163970432669870e+03,5.882352941176471e-01,3583702
3.167597315141120e+03,3.164152579072689e+03,5.882352941176471e-01,3583703
3.169514456505194e+03,3.167749750622841e+03,5.882352941176471e-01,3583705
3.171178366552382e+03,3.169413660670030e+03,5.882352941176471e-01,3583706
3.171761833476192e+03,3.169997127593839e+03,5.882352941176471e-01,3583707
3.171839933676343e+03,3.166545816029284e+03,1.764705882352941e+00,3583704
3.172943072434735e+03,3.171147684620312e+03,5.882352941176471e-01,3583708
3.176163069473393e+03,3.174398363591040e+03,5.882352941176471e-01,3583710
3.176259056014791e+03,3.172729644250085e+03,1.176470588235294e+00,3583709
3.184536670014711e+03,3.181007258250005e+03,1.176470588235294e+00,3583711
3.185636124109023e+03,3.182106712344317e+03,1.176470588235294e+00,3583712
3.186301375897064e+03,3.183540591989984e+03,5.882352941176471e-01,3583714
3.188352242176280e+03,3.183058124529221e+03,1.764705882352941e+00,3583713
3.191158050887354e+03,3.187628639122648e+03,1.176470588235294e+00,3583715
3.194949384398936e+03,3.189655266751877e+03,1.764705882352941e+00,3583716
3.196218117250994e+03,3.190923999603935e+03,1.764705882352941e+00,3583717
3.197627409975809e+03,3.192333292328750e+03,1.764705882352941e+00,3583718
3.201429383684003e+03,3.196135266036945e+03,1.764705882352941e+00,3583719
3.201579128591970e+03,3.196285010944911e+03,1.764705882352941e+00,3583720
3.202921527622868e+03,3.196976781481344e+03,1.764705882352941e+00,3583721
3.203194089566356e+03,3.199681480208749e+03,5.882352941176471e-01,3583722
3.205076974985946e+03,3.203312269103593e+03,5.882352941176471e-01,3583724
3.205650735624580e+03,3.203886029742227e+03,5.882352941176471e-01,3583725
3.206873246239029e+03,3.200243719269203e+03,1.764705882352941e+00,3583723
3.208085744858793e+03,3.206321038976440e+03,5.882352941176471e-01,3583726
3.208262026984035e+03,3.206497321101682e+03,5.882352941176471e-01,3583727
3.210705018221410e+03,3.208940312339057e+03,5.882352941176471e-01,3583728
3.211159214268165e+03,3.209394508385812e+03,5.882352941176471e-01,3583729
3.214199579843386e+03,3.212434873961033e+03,5.882352941176471e-01,3583730
3.219988602286954e+03,3.218223896404601e+03,5.882352941176471e-01,3583731
3.224172279791054e+03,3.222407573908701e+03,5.882352941176471e-01,3583733
3.226414623298775e+03,3.221120505651717e+03,1.764705882352941e+00,3583732
3.226882015161972e+03,3.225117309279619e+03,5.882352941176471e-01,3583734
3.226981992738851e+03,3.225217286856498e+03,5.882352941176471e-01,3583735
3.229139423740185e+03,3.227374717857832e+03,5.882352941176471e-01,3583737
3.231751053119454e+03,3.226456935472396e+03,1.764705882352941e+00,3583736
3.232870535531264e+03,3.231105829648911e+03,5.882352941176471e-01,3583739
3.233072791731228e+03,3.227778674084170e+03,1.764705882352941e+00,3583738
3.233515759001807e+03,3.231301519760227e+03,5.882352941176471e-01,3583740
3.234635241413617e+03,3.232169816948495e+03,5.882352941176471e-01,3583741
3.234837497613581e+03,3.232397976611632e+03,5.882352941176471e-01,3583742
3.236554058404460e+03,3.234789352522107e+03,5.882352941176471e-01,3583744
3.239880893627390e+03,3.234586775980331e+03,1.764705882352941e+00,3583743
3.240781718274864e+03,3.235487600627805e+03,1.764705882352941e+00,3583745
3.241645599509743e+03,3.236578100290101e+03,5.882352941176471e-01,3583747
3.241848176051519e+03,3.235863521177669e+03,1.764705882352941e+00,3583746
3.243410305392096e+03,3.238290457222439e+03,5.882352941176471e-01,3583749
3.243612881933872e+03,3.238469796418412e+03,5.882352941176471e-01,3583750
3.244311130039570e+03,3.237134064762463e+03,1.176470588235294e+00,3583748
3.245175011274449e+03,3.240208677566822e+03,5.882352941176471e-01,3583751
3.247840541804276e+03,3.242440109991014e+03,1.176470588235294e+00,3583753
3.248906999580931e+03,3.241195648762822e+03,1.764705882352941e+00,3583752
3.249605247686629e+03,3.247638423610219e+03,5.882352941176471e-01,3583755
3.252402755956681e+03,3.247108638309622e+03,1.764705882352941e+00,3583754
3.254201117227990e+03,3.248622323949961e+03,1.764705882352941e+00,3583756
3.254899365333687e+03,3.249295666803762e+03,1.764705882352941e+00,3583757
3.255965823110343e+03,3.252163806127560e+03,5.882352941176471e-01,3583759
3.257696873603740e+03,3.249493648788929e+03,1.764705882352941e+00,3583758
3.257888300404003e+03,3.256123594521650e+03,5.882352941176471e-01,3583760
3.259461579486093e+03,3.256665295798644e+03,5.882352941176471e-01,3583762
3.259868603654929e+03,3.258103897772576e+03,5.882352941176471e-01,3583763
3.261642918068506e+03,3.256348800421447e+03,1.764705882352941e+00,3583761
3.263398015419635e+03,3.258631557333660e+03,1.176470588235294e+00,3583765
3.263407623950859e+03,3.259813674890877e+03,5.882352941176471e-01,3583766
3.264755697133151e+03,3.258557176043658e+03,1.764705882352941e+00,3583764
3.265162721301988e+03,3.261036792918468e+03,5.882352941176471e-01,3583767
3.267952613732715e+03,3.266187907850362e+03,5.882352941176471e-01,3583770
3.268701741597918e+03,3.261528979216032e+03,1.764705882352941e+00,3583768
3.270419849591652e+03,3.265125731944593e+03,1.764705882352941e+00,3583769
3.271886814701622e+03,3.270122108819269e+03,5.882352941176471e-01,3583772
3.274344446192914e+03,3.272579740310561e+03,5.882352941176471e-01,3583774
3.274989575521539e+03,3.269695457874480e+03,1.764705882352941e+00,3583771
3.275951877685711e+03,3.270657760038652e+03,1.764705882352941e+00,3583773
3.276109152075267e+03,3.273814866208865e+03,5.882352941176471e-01,3583775
3.278868575102278e+03,3.277103869219925e+03,5.882352941176471e-01,3583777
3.280633280984631e+03,3.277931617056718e+03,5.882352941176471e-01,3583779
3.281345099731165e+03,3.276050982084106e+03,1.764705882352941e+00,3583776
3.282397986866984e+03,3.279810515895325e+03,5.882352941176471e-01,3583780
3.282506619042636e+03,3.277212501395577e+03,1.764705882352941e+00,3583778
3.283109805613518e+03,3.281003607151953e+03,5.882352941176471e-01,3583781
3.284162692749337e+03,3.281636514794721e+03,5.882352941176471e-01,3583782
3.284271324924989e+03,3.282113575721744e+03,5.882352941176471e-01,3583783
3.286534681168497e+03,3.284769975286144e+03,5.882352941176471e-01,3583784
3.288457283109096e+03,3.286692577226743e+03,5.882352941176471e-01,3583785
3.288791791634162e+03,3.287027085751809e+03,5.882352941176471e-01,3583787
3.291986694873802e+03,3.287857869589676e+03,1.176470588235294e+00,3583788
3.292161586994416e+03,3.286867469347357e+03,1.764705882352941e+00,3583786
3.292381416116362e+03,3.290616710234009e+03,5.882352941176471e-01,3583789
3.295516106638508e+03,3.291524017479478e+03,1.176470588235294e+00,3583790
3.297840644418917e+03,3.296075938536564e+03,5.882352941176471e-01,3583792
3.298024607118402e+03,3.292730489471343e+03,1.764705882352941e+00,3583791
3.301700569799291e+03,3.299935863916938e+03,5.882352941176471e-01,3583795
3.302468519174427e+03,3.298939107409721e+03,1.176470588235294e+00,3583794
3.302520012672534e+03,3.297225895025476e+03,1.764705882352941e+00,3583793
3.303465275681644e+03,3.300190238598106e+03,5.882352941176471e-01,3583796
3.304233225056780e+03,3.301065029699499e+03,5.882352941176471e-01,3583797
3.305279441445086e+03,3.303514735562733e+03,5.882352941176471e-01,3583799
3.307814130319593e+03,3.301905001953422e+03,1.764705882352941e+00,3583798
3.312454502021485e+03,3.310689796139132e+03,5.882352941176471e-01,3583801
3.313413704533778e+03,3.308119586886720e+03,1.764705882352941e+00,3583800
3.316049168467792e+03,3.314284462585439e+03,5.882352941176471e-01,3583802
3.317562808660283e+03,3.315798102777930e+03,5.882352941176471e-01,3583804
3.317948073481897e+03,3.314418661717191e+03,1.176470588235294e+00,3583803
3.320292521702887e+03,3.318527815820534e+03,5.882352941176471e-01,3583807
3.321976744667475e+03,3.316682627020416e+03,1.764705882352941e+00,3583805
3.322057227585240e+03,3.319178351436922e+03,5.882352941176471e-01,3583808
3.323073710488516e+03,3.317779592841457e+03,1.764705882352941e+00,3583806
3.323741450549828e+03,3.319273645611854e+03,5.882352941176471e-01,3583809
3.323821933467593e+03,3.320888233103759e+03,5.882352941176471e-01,3583810
3.324838416370868e+03,3.322742631992266e+03,5.882352941176471e-01,3583811
3.329193043706173e+03,3.323898926059114e+03,1.764705882352941e+00,3583812
3.331311086541111e+03,3.329546380658758e+03,5.882352941176471e-01,3583813
3.332756392734422e+03,3.330991686852069e+03,5.882352941176471e-01,3583814
3.334530085067191e+03,3.332765379184838e+03,5.882352941176471e-01,3583815
3.339831408428923e+03,3.338066702546570e+03,5.882352941176471e-01,3583816
3.346841279941825e+03,3.345076574059472e+03,5.882352941176471e-01,3583817
3.346927069383563e+03,3.345162363501210e+03,5.882352941176471e-01,3583818
3.347099215877773e+03,3.345334509995420e+03,5.882352941176471e-01,3583819
3.351864110465587e+03,3.350099404583234e+03,5.882352941176471e-01,3583822
3.352135397588884e+03,3.346286248540555e+03,1.764705882352941e+00,3583820
3.353628816347940e+03,3.351248452028790e+03,5.882352941176471e-01,3583823
3.354087500676948e+03,3.348793383029890e+03,1.764705882352941e+00,3583821
3.358359504497989e+03,3.353065386850930e+03,1.764705882352941e+00,3583824
3.358922933994998e+03,3.353185900097105e+03,1.764705882352941e+00,3583825
3.360124210380342e+03,3.356858577255030e+03,5.882352941176471e-01,3583827
3.361061581573656e+03,3.355767463926597e+03,1.764705882352941e+00,3583826
3.361718957745194e+03,3.359954251862841e+03,5.882352941176471e-01,3583828
3.361888916262695e+03,3.360086088738776e+03,5.882352941176471e-01,3583829
3.363483663627547e+03,3.360423230075201e+03,5.882352941176471e-01,3583831
3.365248369509900e+03,3.363023415627264e+03,5.882352941176471e-01,3583833
3.366355699220715e+03,3.360332244087544e+03,1.764705882352941e+00,3583830
3.367183033909754e+03,3.361805259485939e+03,1.764705882352941e+00,3583832
3.370542487156958e+03,3.363435003825521e+03,1.764705882352941e+00,3583834
3.371649816867774e+03,3.363930076363224e+03,1.764705882352941e+00,3583835
3.372477151556813e+03,3.365035489246289e+03,1.764705882352941e+00,3583836
3.373414522750127e+03,3.367419896427031e+03,5.882352941176471e-01,3583838
3.374241857439166e+03,3.371767854609582e+03,5.882352941176471e-01,3583839
3.375179228632480e+03,3.371900732418201e+03,5.882352941176471e-01,3583840
3.375836604804017e+03,3.365066544005112e+03,1.764705882352941e+00,3583837
3.380828297631509e+03,3.377298885866803e+03,1.176470588235294e+00,3583841
3.381476034387521e+03,3.379711328505168e+03,5.882352941176471e-01,3583843
3.383856495739437e+03,3.382091789857084e+03,5.882352941176471e-01,3583845
3.384728460398773e+03,3.379434342751714e+03,1.764705882352941e+00,3583842
3.385621201621790e+03,3.382869966086446e+03,5.882352941176471e-01,3583846
3.386140144707553e+03,3.380846027060494e+03,1.764705882352941e+00,3583844
3.386493166281126e+03,3.384223062564146e+03,5.882352941176471e-01,3583847
3.387417307702556e+03,3.385652601820203e+03,5.882352941176471e-01,3583848
3.388248071869221e+03,3.386483365986868e+03,5.882352941176471e-01,3583849
3.392448100367564e+03,3.388918688602858e+03,1.176470588235294e+00,3583850
3.400160791085102e+03,3.394866673438043e+03,1.764705882352941e+00,3583851
3.403147656474132e+03,3.397853538827073e+03,1.764705882352941e+00,3583852
3.405345496575731e+03,3.403580790693379e+03,5.882352941176471e-01,3583853
3.408163812433888e+03,3.406399106551535e+03,5.882352941176471e-01,3583854
3.409840493604048e+03,3.408075787721696e+03,5.882352941176471e-01,3583856
3.411605199486401e+03,3.409003335457796e+03,5.882352941176471e-01,3583858
3.412315104522345e+03,3.407020986875286e+03,1.764705882352941e+00,3583855
3.414269436716741e+03,3.408975319069682e+03,1.764705882352941e+00,3583857
3.415134611251107e+03,3.409338519343126e+03,1.176470588235294e+00,3583859
3.416899317133460e+03,3.410839362890101e+03,5.882352941176471e-01,3583862
3.417609222169404e+03,3.410588195633272e+03,1.764705882352941e+00,3583860
3.419563554363800e+03,3.410771279254417e+03,1.764705882352941e+00,3583861
3.421328260246152e+03,3.417837927118165e+03,5.882352941176471e-01,3583865
3.422193434780519e+03,3.411446070725292e+03,1.764705882352941e+00,3583863
3.422903339816462e+03,3.415182450928319e+03,1.764705882352941e+00,3583864
3.423092966128505e+03,3.420691259045492e+03,5.882352941176471e-01,3583866
3.424857672010858e+03,3.421720803496839e+03,5.882352941176471e-01,3583869
3.425722846545225e+03,3.421497579021816e+03,1.176470588235294e+00,3583867
3.426432751581168e+03,3.421571733011665e+03,1.176470588235294e+00,3583868
3.426622377893211e+03,3.421815293848431e+03,5.882352941176471e-01,3583870
3.428197457463521e+03,3.422007418562344e+03,5.882352941176471e-01,3583872
3.428387083775564e+03,3.422421068894344e+03,5.882352941176471e-01,3583873
3.429252258309931e+03,3.421867187415709e+03,1.176470588235294e+00,3583871
3.430184732156967e+03,3.428420026274614e+03,5.882352941176471e-01,3583874
3.432823773475398e+03,3.431059067593045e+03,5.882352941176471e-01,3583875
3.433078734614744e+03,3.431314028732391e+03,5.882352941176471e-01,3583876
3.433385046295236e+03,3.431620340412883e+03,5.882352941176471e-01,3583877
3.436999751766710e+03,3.435235045884357e+03,5.882352941176471e-01,3583878
3.439777836387454e+03,3.438013130505101e+03,5.882352941176471e-01,3583880
3.441098843955984e+03,3.435804726308925e+03,1.764705882352941e+00,3583879
3.445071678536326e+03,3.439777560889267e+03,1.764705882352941e+00,3583881
3.445127982036679e+03,3.439833864389620e+03,1.764705882352941e+00,3583882
3.446836384418679e+03,3.443086968217268e+03,5.882352941176471e-01,3583884
3.446892687919032e+03,3.443495646190776e+03,5.882352941176471e-01,3583885
3.447312547210271e+03,3.442018429563212e+03,1.764705882352941e+00,3583883
3.448601090301032e+03,3.443704569557064e+03,5.882352941176471e-01,3583886
3.449853876024690e+03,3.448089170142338e+03,5.882352941176471e-01,3583888
3.451618581907043e+03,3.449843247664276e+03,5.882352941176471e-01,3583890
3.452186805566091e+03,3.443848868258968e+03,1.764705882352941e+00,3583887
3.452633908161332e+03,3.449104496396626e+03,1.176470588235294e+00,3583889
3.453951511448444e+03,3.452032034114956e+03,5.882352941176471e-01,3583892
3.454916085979354e+03,3.453151380097001e+03,5.882352941176471e-01,3583893
3.456912699554102e+03,3.450892564249238e+03,1.764705882352941e+00,3583891
3.459992052154960e+03,3.454697934507901e+03,1.764705882352941e+00,3583894
3.460073779171916e+03,3.456544367407210e+03,1.176470588235294e+00,3583895
3.460814950045614e+03,3.459050244163261e+03,5.882352941176471e-01,3583896
3.461756758037313e+03,3.459947606005523e+03,5.882352941176471e-01,3583897
3.465286169802019e+03,3.461377624174103e+03,1.176470588235294e+00,3583900
3.466116868817560e+03,3.460822751170501e+03,1.764705882352941e+00,3583898
3.466207717767778e+03,3.460913600120719e+03,1.764705882352941e+00,3583899
3.467050875684372e+03,3.463061792195107e+03,5.882352941176471e-01,3583901
3.468815581566725e+03,3.464182002924482e+03,5.882352941176471e-01,3583904
3.469737129532484e+03,3.463754149775059e+03,1.176470588235294e+00,3583903
3.470580287449078e+03,3.468731429024146e+03,5.882352941176471e-01,3583905
3.471410986464619e+03,3.463640270145055e+03,1.764705882352941e+00,3583902
3.474368303008128e+03,3.472603597125775e+03,5.882352941176471e-01,3583906
3.483823782768659e+03,3.480294371003953e+03,1.176470588235294e+00,3583907
3.485717136912438e+03,3.483952431030085e+03,5.882352941176471e-01,3583909
3.487814918239105e+03,3.486050212356752e+03,5.882352941176471e-01,3583911
3.487893317644003e+03,3.484363905879297e+03,1.176470588235294e+00,3583910
3.488130236691676e+03,3.482836119044617e+03,1.764705882352941e+00,3583908
3.489579624121458e+03,3.486276061607396e+03,5.882352941176471e-01,3583912
3.492002690717652e+03,3.490237984835299e+03,5.882352941176471e-01,3583913
3.492103696030484e+03,3.490338990148131e+03,5.882352941176471e-01,3583914
3.497417739487129e+03,3.493888327722423e+03,1.176470588235294e+00,3583915
3.499182445369481e+03,3.495398068271199e+03,5.882352941176471e-01,3583918
3.499698374983585e+03,3.494404257336526e+03,1.764705882352941e+00,3583916
3.500511474905643e+03,3.495217357258584e+03,1.764705882352941e+00,3583917
3.500947151251834e+03,3.495742831297935e+03,5.882352941176471e-01,3583919
3.501632310788480e+03,3.499867604906127e+03,5.882352941176471e-01,3583920
3.502741818632584e+03,3.500977112750231e+03,5.882352941176471e-01,3583921
3.503996480124999e+03,3.502231774242646e+03,5.882352941176471e-01,3583922
3.504319251164482e+03,3.502554545282129e+03,5.882352941176471e-01,3583923
3.504957129100359e+03,3.503192423218006e+03,5.882352941176471e-01,3583924
3.506006123379239e+03,3.504241417496887e+03,5.882352941176471e-01,3583925
3.509230750066887e+03,3.507466044184534e+03,5.882352941176471e-01,3583927
3.510718644794729e+03,3.508953938912376e+03,5.882352941176471e-01,3583928
3.512008411196996e+03,3.506714293549937e+03,1.764705882352941e+00,3583926
3.514400848763389e+03,3.510871436998683e+03,1.176470588235294e+00,3583929
3.518032896601781e+03,3.512738778954722e+03,1.764705882352941e+00,3583930
3.519219636165110e+03,3.517454930282757e+03,5.882352941176471e-01,3583931
3.523734216783097e+03,3.521969510900744e+03,5.882352941176471e-01,3583932
3.524113760535187e+03,3.522349054652834e+03,5.882352941176471e-01,3583933
3.526647643410227e+03,3.524882937527874e+03,5.882352941176471e-01,3583934
3.531284083952279e+03,3.529519378069926e+03,5.882352941176471e-01,3583936
3.532803345457451e+03,3.529273933692745e+03,1.176470588235294e+00,3583935
3.535257441501142e+03,3.533492735618790e+03,5.882352941176471e-01,3583938
3.535683003636738e+03,3.532153591872032e+03,1.176470588235294e+00,3583937
3.535803740995322e+03,3.534039035112969e+03,5.882352941176471e-01,3583939
3.537022147383495e+03,3.534224664096182e+03,5.882352941176471e-01,3583940
3.542034064099917e+03,3.536739946452858e+03,1.764705882352941e+00,3583941
3.542095634964023e+03,3.536801517316964e+03,1.764705882352941e+00,3583942
3.542913890122817e+03,3.537619772475759e+03,1.764705882352941e+00,3583943
3.543798769982270e+03,3.538084921724646e+03,5.882352941176471e-01,3583944
3.544678596005170e+03,3.539834250374857e+03,5.882352941176471e-01,3583946
3.547389752611082e+03,3.538593104832841e+03,1.764705882352941e+00,3583945
3.549092887629329e+03,3.542275715098037e+03,1.764705882352941e+00,3583947
3.551623712543191e+03,3.546329594896132e+03,1.764705882352941e+00,3583948
3.552622299394034e+03,3.547692301428947e+03,1.176470588235294e+00,3583950
3.552683870258141e+03,3.546938634151883e+03,1.764705882352941e+00,3583949
3.554387005276387e+03,3.548149525177271e+03,5.882352941176471e-01,3583952
3.554448576140494e+03,3.549654983262338e+03,5.882352941176471e-01,3583953
3.555153124307897e+03,3.548128501824372e+03,1.176470588235294e+00,3583951
3.556682677635745e+03,3.554917971753392e+03,5.882352941176471e-01,3583955
3.557916417041093e+03,3.551204907901653e+03,1.176470588235294e+00,3583954
3.558649948591172e+03,3.556885242708819e+03,5.882352941176471e-01,3583957
3.559681122923446e+03,3.557177915133343e+03,5.882352941176471e-01,3583958
3.560663441833662e+03,3.555369324186603e+03,1.764705882352941e+00,3583956
3.563210534688152e+03,3.558912454572769e+03,1.176470588235294e+00,3583960
3.563944066238231e+03,3.557959994393321e+03,1.764705882352941e+00,3583959
3.564975240570505e+03,3.562916660041041e+03,5.882352941176471e-01,3583962
3.567346454578865e+03,3.565581748696512e+03,5.882352941176471e-01,3583964
3.568181824762763e+03,3.562887707115704e+03,1.764705882352941e+00,3583961
3.569111160461218e+03,3.566634361860132e+03,5.882352941176471e-01,3583965
3.569946530645116e+03,3.566853240339185e+03,5.882352941176471e-01,3583966
3.570285756845214e+03,3.564991639198155e+03,1.764705882352941e+00,3583963
3.572191370381553e+03,3.570426664499200e+03,5.882352941176471e-01,3583969
3.573956076263906e+03,3.571177007551833e+03,5.882352941176471e-01,3583970
3.574405278108277e+03,3.568219494149560e+03,1.764705882352941e+00,3583967
3.575240648292175e+03,3.568311100173697e+03,1.764705882352941e+00,3583968
3.577078208660027e+03,3.575313502777674e+03,5.882352941176471e-01,3583972
3.577372368423716e+03,3.575607662541363e+03,5.882352941176471e-01,3583973
3.579250193910965e+03,3.573243108243823e+03,1.764705882352941e+00,3583971
3.579512440826332e+03,3.577747734943979e+03,5.882352941176471e-01,3583975
3.581014899793317e+03,3.579228836144894e+03,5.882352941176471e-01,3583976
3.582372326307086e+03,3.576315238221719e+03,1.764705882352941e+00,3583974
3.585744259572238e+03,3.583979553689886e+03,5.882352941176471e-01,3583979
3.587537758626280e+03,3.582243640979221e+03,1.764705882352941e+00,3583977
3.588261768510034e+03,3.586497062627681e+03,5.882352941176471e-01,3583980
3.589121583656477e+03,3.583827466009418e+03,1.764705882352941e+00,3583978
3.589857292904032e+03,3.588092587021679e+03,5.882352941176471e-01,3583981
3.590253217040122e+03,3.588488511157769e+03,5.882352941176471e-01,3583982
3.590886289538830e+03,3.588488813991438e+03,5.882352941176471e-01,3583983
3.593753854875714e+03,3.591989148993361e+03,5.882352941176471e-01,3583984
3.596536512562741e+03,3.594771806680388e+03,5.882352941176471e-01,3583985
3.596622390124075e+03,3.594857684241722e+03,5.882352941176471e-01,3583986
3.601615183959245e+03,3.598085772194539e+03,1.176470588235294e+00,3583987
3.602316727442442e+03,3.600552021560090e+03,5.882352941176471e-01,3583989
3.603379889841598e+03,3.601583269634539e+03,5.882352941176471e-01,3583990
3.603672536437436e+03,3.598378418790377e+03,1.764705882352941e+00,3583988
3.604386104437148e+03,3.602621398554795e+03,5.882352941176471e-01,3583991
3.605562506184066e+03,3.603797800301713e+03,5.882352941176471e-01,3583992
3.608365975912644e+03,3.606601270030291e+03,5.882352941176471e-01,3583993
3.617215484824551e+03,3.611921367177492e+03,1.764705882352941e+00,3583994
3.618070220134175e+03,3.614540808369469e+03,1.176470588235294e+00,3583996
3.618980190706904e+03,3.615549911948968e+03,5.882352941176471e-01,3583997
3.619031627331261e+03,3.613737509684202e+03,1.764705882352941e+00,3583995
3.623364337781234e+03,3.616112065007374e+03,1.764705882352941e+00,3583998
3.624274308353963e+03,3.617188190332096e+03,1.764705882352941e+00,3583999
3.624325744978320e+03,3.617801623027244e+03,1.764705882352941e+00,3584000
3.625129043663587e+03,3.623206613816081e+03,5.882352941176471e-01,3584001
3.626039014236316e+03,3.623225531673802e+03,5.882352941176471e-01,3584002
3.630353125810095e+03,3.628588419927742e+03,5.882352941176471e-01,3584004
3.631643020701347e+03,3.626348903054289e+03,1.764705882352941e+00,3584003
3.635802684429962e+03,3.634037978547610e+03,5.882352941176471e-01,3584005
3.636966980385440e+03,3.635202274503087e+03,5.882352941176471e-01,3584007
3.639678384167726e+03,3.634384266520667e+03,1.764705882352941e+00,3584006
3.648139180280115e+03,3.646374474397762e+03,5.882352941176471e-01,3584009
3.649704362728958e+03,3.644410245081900e+03,1.764705882352941e+00,3584008
3.654101310013223e+03,3.652336604130870e+03,5.882352941176471e-01,3584011
3.655599923449748e+03,3.650305805802689e+03,1.764705882352941e+00,3584010
3.659129710100537e+03,3.657365004218184e+03,5.882352941176471e-01,3584012
3.659979514502813e+03,3.658214808620460e+03,5.882352941176471e-01,3584013
3.662742121087941e+03,3.660977415205588e+03,5.882352941176471e-01,3584014
3.668810633296635e+03,3.663516515649576e+03,1.764705882352941e+00,3584015
3.670575339178988e+03,3.667652476284491e+03,5.882352941176471e-01,3584018
3.671255988567156e+03,3.665961870920097e+03,1.764705882352941e+00,3584016
3.672937332069791e+03,3.667643214422733e+03,1.764705882352941e+00,3584017
3.674799817920566e+03,3.671270406155860e+03,1.176470588235294e+00,3584019
3.676564523802919e+03,3.673711011609183e+03,5.882352941176471e-01,3584022
3.676729695537004e+03,3.671435577889946e+03,1.764705882352941e+00,3584020
3.678231449716850e+03,3.671545108491102e+03,1.764705882352941e+00,3584021
3.681237114577050e+03,3.679472408694697e+03,5.882352941176471e-01,3584023
3.681551797826373e+03,3.679787091944020e+03,5.882352941176471e-01,3584025
3.683133534600279e+03,3.679604122835573e+03,1.176470588235294e+00,3584024
3.684898240482632e+03,3.681187318177357e+03,5.882352941176471e-01,3584028
3.686531232224108e+03,3.680534951220198e+03,1.764705882352941e+00,3584026
3.686662946364985e+03,3.682905627944081e+03,5.882352941176471e-01,3584029
3.686845915473431e+03,3.680726239209776e+03,1.764705882352941e+00,3584027
3.688295938106461e+03,3.683800361145874e+03,5.882352941176471e-01,3584030
3.688427652247338e+03,3.685178557647508e+03,5.882352941176471e-01,3584031
3.690060643988814e+03,3.686974783284989e+03,5.882352941176471e-01,3584033
3.691825349871167e+03,3.689182653088477e+03,5.882352941176471e-01,3584035
3.692140033120490e+03,3.685970030877864e+03,1.764705882352941e+00,3584032
3.693590055753520e+03,3.690103086252989e+03,5.882352941176471e-01,3584036
3.693721769894397e+03,3.687908802560496e+03,1.764705882352941e+00,3584034
3.695354761635873e+03,3.691552106027186e+03,5.882352941176471e-01,3584038
3.697119467518226e+03,3.692266929305274e+03,5.882352941176471e-01,3584040
3.697434150767549e+03,3.690581029023991e+03,1.764705882352941e+00,3584037
3.699015887541456e+03,3.692063994430249e+03,1.764705882352941e+00,3584039
3.699198856649902e+03,3.692770311926340e+03,5.882352941176471e-01,3584042
3.700780593423809e+03,3.695910695613824e+03,5.882352941176471e-01,3584043
3.702413585165285e+03,3.692728388596892e+03,1.764705882352941e+00,3584041
3.702728268414608e+03,3.697445261142462e+03,1.176470588235294e+00,3584044
3.704178291047638e+03,3.701089551119079e+03,5.882352941176471e-01,3584046
3.704492974296961e+03,3.701900601310195e+03,5.882352941176471e-01,3584047
3.705942996929991e+03,3.702908264885132e+03,5.882352941176471e-01,3584048
3.706074711070867e+03,3.698788073487752e+03,1.764705882352941e+00,3584045
3.708446437928642e+03,3.706681732046289e+03,5.882352941176471e-01,3584051
3.709787091944020e+03,3.704151143752777e+03,1.764705882352941e+00,3584049
3.711237114577050e+03,3.704914342714458e+03,1.764705882352941e+00,3584050
3.711551797826373e+03,3.708991111924957e+03,5.882352941176471e-01,3584053
3.713001820459403e+03,3.709025174458374e+03,5.882352941176471e-01,3584054
3.714032913959093e+03,3.708738796312034e+03,1.764705882352941e+00,3584052
3.716694207371396e+03,3.714929501489043e+03,5.882352941176471e-01,3584055
3.718122506146374e+03,3.716357800264021e+03,5.882352941176471e-01,3584056
3.720850836114218e+03,3.719086130231865e+03,5.882352941176471e-01,3584058
3.721274290829733e+03,3.719509584947380e+03,5.882352941176471e-01,3584059
3.721786002225879e+03,3.716491884578820e+03,1.764705882352941e+00,3584057
3.725822083151204e+03,3.724057377268851e+03,5.882352941176471e-01,3584061
3.725993616262295e+03,3.724228910379942e+03,5.882352941176471e-01,3584062
3.728944704097200e+03,3.723650586450141e+03,1.764705882352941e+00,3584060
3.729351494915910e+03,3.724760051524092e+03,1.176470588235294e+00,3584063
3.732534427196454e+03,3.730769721314101e+03,5.882352941176471e-01,3584065
3.734417297510229e+03,3.729123179863170e+03,1.764705882352941e+00,3584064
3.735635285885992e+03,3.733870580003639e+03,5.882352941176471e-01,3584066
3.735957933698601e+03,3.734193227816248e+03,5.882352941176471e-01,3584067
3.739128851710976e+03,3.737364145828623e+03,5.882352941176471e-01,3584069
3.739596806098786e+03,3.737832100216433e+03,5.882352941176471e-01,3584070
3.739953034614989e+03,3.736423622850283e+03,1.176470588235294e+00,3584068
3.742895728674300e+03,3.739366316909594e+03,1.176470588235294e+00,3584071
3.743856193266284e+03,3.740326781501578e+03,1.176470588235294e+00,3584072
3.753781374179112e+03,3.752016668296759e+03,5.882352941176471e-01,3584073
3.755858912450135e+03,3.752329500685430e+03,1.176470588235294e+00,3584074
3.757196204523860e+03,3.755431498641507e+03,5.882352941176471e-01,3584075
3.758287862872320e+03,3.756523156989967e+03,5.882352941176471e-01,3584076
3.759383789868994e+03,3.757619083986641e+03,5.882352941176471e-01,3584077
3.762932160823850e+03,3.757638043176791e+03,1.764705882352941e+00,3584078
3.765502902881575e+03,3.763738196999222e+03,5.882352941176471e-01,3584080
3.765904240418744e+03,3.764139534536391e+03,5.882352941176471e-01,3584081
3.766499637019606e+03,3.761205519372548e+03,1.764705882352941e+00,3584079
3.768264342901959e+03,3.765397607786523e+03,5.882352941176471e-01,3584084
3.769032314646281e+03,3.764769281806270e+03,1.176470588235294e+00,3584082
3.770029048784312e+03,3.766878302261009e+03,5.882352941176471e-01,3584085
3.771198358065803e+03,3.765094265785251e+03,1.764705882352941e+00,3584083
3.773826314723278e+03,3.772061608840925e+03,5.882352941176471e-01,3584088
3.774326432293340e+03,3.767476089418703e+03,1.764705882352941e+00,3584086
3.775591020605630e+03,3.773242756055935e+03,5.882352941176471e-01,3584089
3.776025242971047e+03,3.770731125323988e+03,1.764705882352941e+00,3584087
3.777959991307622e+03,3.776195285425269e+03,5.882352941176471e-01,3584092
3.779149098246978e+03,3.775619686482272e+03,1.176470588235294e+00,3584091
3.779620549940399e+03,3.774114182027961e+03,1.764705882352941e+00,3584090
3.779724697189975e+03,3.777034994073485e+03,5.882352941176471e-01,3584093
3.780913804129331e+03,3.777126246112512e+03,5.882352941176471e-01,3584094
3.781385255822752e+03,3.778384651451064e+03,5.882352941176471e-01,3584095
3.783144439174515e+03,3.781379733292162e+03,5.882352941176471e-01,3584097
3.784534421280951e+03,3.782769715398599e+03,5.882352941176471e-01,3584098
3.786299127163304e+03,3.783219579722771e+03,5.882352941176471e-01,3584100
3.786598841233742e+03,3.781304723586683e+03,1.764705882352941e+00,3584096
3.788063833045657e+03,3.784842793126812e+03,5.882352941176471e-01,3584101
3.788363547116095e+03,3.785098690556094e+03,5.882352941176471e-01,3584102
3.788438556821574e+03,3.782784676228826e+03,1.764705882352941e+00,3584099
3.793357950692716e+03,3.786747853837414e+03,1.764705882352941e+00,3584103
3.793657664763153e+03,3.787197230528137e+03,1.764705882352941e+00,3584104
3.793732674468633e+03,3.787305769218087e+03,1.764705882352941e+00,3584105
3.795122656575069e+03,3.788905597374327e+03,5.882352941176471e-01,3584106
3.795422370645506e+03,3.790292437145069e+03,5.882352941176471e-01,3584107
3.795497380350986e+03,3.792797843340873e+03,5.882352941176471e-01,3584108
3.796887362457422e+03,3.794796507395453e+03,5.882352941176471e-01,3584109
3.799238735018949e+03,3.797474029136596e+03,5.882352941176471e-01,3584111
3.800794919375573e+03,3.799030213493221e+03,5.882352941176471e-01,3584112
3.800871293264502e+03,3.795577175617444e+03,1.764705882352941e+00,3584110
3.802645906038988e+03,3.800881200156635e+03,5.882352941176471e-01,3584113
3.802755874776853e+03,3.800991168894500e+03,5.882352941176471e-01,3584114
3.805027523746431e+03,3.803262817864078e+03,5.882352941176471e-01,3584115
3.805742494278102e+03,3.803977788395749e+03,5.882352941176471e-01,3584116
3.806542027535587e+03,3.804777321653234e+03,5.882352941176471e-01,3584117
3.806972235694608e+03,3.805207529812255e+03,5.882352941176471e-01,3584118
3.817069914672438e+03,3.811775797025380e+03,1.764705882352941e+00,3584119
3.817594373412679e+03,3.815829667530326e+03,5.882352941176471e-01,3584120
3.818046138009472e+03,3.816281432127119e+03,5.882352941176471e-01,3584121
3.819126433488348e+03,3.817361727605995e+03,5.882352941176471e-01,3584122
3.824156553184358e+03,3.822391847302005e+03,5.882352941176471e-01,3584123
3.828242029034437e+03,3.826477323152084e+03,5.882352941176471e-01,3584125
3.831544184635860e+03,3.826250066988801e+03,1.764705882352941e+00,3584124
3.834556146166188e+03,3.832791440283835e+03,5.882352941176471e-01,3584126
3.837599176110633e+03,3.835834470228280e+03,5.882352941176471e-01,3584129
3.837914175172528e+03,3.834384763407822e+03,1.176470588235294e+00,3584127
3.839363881992986e+03,3.835984450910084e+03,5.882352941176471e-01,3584130
3.839678881054881e+03,3.836180068825341e+03,5.882352941176471e-01,3584131
3.840635561412922e+03,3.835341443765863e+03,1.764705882352941e+00,3584128
3.842400267295275e+03,3.838206253375306e+03,5.882352941176471e-01,3584134
3.844657999640045e+03,3.836352388241025e+03,1.764705882352941e+00,3584132
3.844972998701939e+03,3.836733758239900e+03,1.764705882352941e+00,3584133
3.846422705522398e+03,3.841880205560819e+03,5.882352941176471e-01,3584136
3.847694384942334e+03,3.840176068774074e+03,1.764705882352941e+00,3584135
3.848187411404751e+03,3.842947599085166e+03,5.882352941176471e-01,3584138
3.849952117287104e+03,3.846527295627182e+03,5.882352941176471e-01,3584140
3.850267116348998e+03,3.842865869653506e+03,1.764705882352941e+00,3584137
3.851223796707040e+03,3.844833960448180e+03,1.176470588235294e+00,3584139
3.851716823169456e+03,3.847245073014858e+03,5.882352941176471e-01,3584141
3.852720384624335e+03,3.850955678741982e+03,5.882352941176471e-01,3584142
3.856318807234108e+03,3.854554101351755e+03,5.882352941176471e-01,3584144
3.856433397302472e+03,3.854668691420119e+03,5.882352941176471e-01,3584145
3.858083513116461e+03,3.854700786747175e+03,5.882352941176471e-01,3584146
3.859034649617711e+03,3.853740531970652e+03,1.764705882352941e+00,3584143
3.861727514949531e+03,3.855328599961449e+03,1.764705882352941e+00,3584147
3.862429208997434e+03,3.860664503115081e+03,5.882352941176471e-01,3584148
3.865293233212698e+03,3.863528527330345e+03,5.882352941176471e-01,3584149
3.868957291833350e+03,3.867192585950997e+03,5.882352941176471e-01,3584151
3.869439346905160e+03,3.864145229258101e+03,1.764705882352941e+00,3584150
3.873919287133598e+03,3.872154581251245e+03,5.882352941176471e-01,3584154
3.874189494726951e+03,3.868895377079892e+03,1.764705882352941e+00,3584152
3.875364112068933e+03,3.871834700304227e+03,1.176470588235294e+00,3584153
3.877732609853589e+03,3.875967903971236e+03,5.882352941176471e-01,3584155
3.878306151737872e+03,3.876541445855519e+03,5.882352941176471e-01,3584156
3.881544235492498e+03,3.879779529610145e+03,5.882352941176471e-01,3584159
3.883130234955493e+03,3.877836117308435e+03,1.764705882352941e+00,3584157
3.883308941374851e+03,3.881182244805275e+03,5.882352941176471e-01,3584160
3.884151787544243e+03,3.878857669897184e+03,1.764705882352941e+00,3584158
3.885244312447101e+03,3.883479606564748e+03,5.882352941176471e-01,3584162
3.886010009412279e+03,3.884245303529926e+03,5.882352941176471e-01,3584163
3.888210701119482e+03,3.886445995237129e+03,5.882352941176471e-01,3584164
3.888424352602552e+03,3.882241453900303e+03,1.764705882352941e+00,3584161
3.890762822694477e+03,3.888998116812124e+03,5.882352941176471e-01,3584165
3.894960820863696e+03,3.893196114981343e+03,5.882352941176471e-01,3584167
3.895571990751467e+03,3.893807284869114e+03,5.882352941176471e-01,3584168
3.896471053390909e+03,3.891176935743851e+03,1.764705882352941e+00,3584166
3.896725526746049e+03,3.893968537238522e+03,5.882352941176471e-01,3584169
3.899532976044924e+03,3.897768270162571e+03,5.882352941176471e-01,3584171
3.901062268155399e+03,3.895768150508340e+03,1.764705882352941e+00,3584170
3.907084483951601e+03,3.905319778069248e+03,5.882352941176471e-01,3584174
3.907161125859444e+03,3.901867008212385e+03,1.764705882352941e+00,3584172
3.909792712294095e+03,3.908028006411742e+03,5.882352941176471e-01,3584175
3.910237424564121e+03,3.904943306917062e+03,1.764705882352941e+00,3584173
3.915752556085653e+03,3.913987850203300e+03,5.882352941176471e-01,3584177
3.917517261968006e+03,3.914057017526641e+03,5.882352941176471e-01,3584179
3.917540832742773e+03,3.914011420978067e+03,1.176470588235294e+00,3584178
3.918486592182652e+03,3.913192474535593e+03,1.764705882352941e+00,3584176
3.919281967850359e+03,3.914142054431065e+03,5.882352941176471e-01,3584180
3.919305538625126e+03,3.916221639343784e+03,5.882352941176471e-01,3584181
3.921354671062174e+03,3.919589965179822e+03,5.882352941176471e-01,3584183
3.922016003947358e+03,3.918076458194651e+03,1.176470588235294e+00,3584182
3.923119376944527e+03,3.921011389143002e+03,5.882352941176471e-01,3584185
3.924067553720952e+03,3.922302847838599e+03,5.882352941176471e-01,3584186
3.924279025431436e+03,3.920749613666730e+03,1.176470588235294e+00,3584184
3.924884082826880e+03,3.923044357179084e+03,5.882352941176471e-01,3584187
3.927288567233402e+03,3.925523861351049e+03,5.882352941176471e-01,3584189
3.927496135652951e+03,3.925731429770598e+03,5.882352941176471e-01,3584190
3.929053273115755e+03,3.925750434539300e+03,5.882352941176471e-01,3584191
3.929361671368011e+03,3.923208127418896e+03,1.764705882352941e+00,3584188
3.931126377250364e+03,3.929074897344009e+03,5.882352941176471e-01,3584194
3.932790253300010e+03,3.926984971076939e+03,1.764705882352941e+00,3584192
3.933417607026213e+03,3.931652901143860e+03,5.882352941176471e-01,3584195
3.934347390762814e+03,3.928335715199561e+03,1.764705882352941e+00,3584193
3.938038389726967e+03,3.936273683844614e+03,5.882352941176471e-01,3584197
3.938759507349727e+03,3.933465389702668e+03,1.764705882352941e+00,3584196
3.939803095609320e+03,3.937502865104631e+03,5.882352941176471e-01,3584199
3.941904184151911e+03,3.936610066504853e+03,1.764705882352941e+00,3584198
3.942792585945620e+03,3.941027880063267e+03,5.882352941176471e-01,3584200
3.946570744883314e+03,3.943041333118608e+03,1.176470588235294e+00,3584201
3.946964366269194e+03,3.945199660386841e+03,5.882352941176471e-01,3584202
3.948144885149479e+03,3.946380179267126e+03,5.882352941176471e-01,3584203
3.951716563002506e+03,3.949951857120154e+03,5.882352941176471e-01,3584204
3.953810655632405e+03,3.952045949750052e+03,5.882352941176471e-01,3584205
3.954020632911822e+03,3.952255927029469e+03,5.882352941176471e-01,3584206
3.954178771555628e+03,3.952414065673275e+03,5.882352941176471e-01,3584207
3.955943477437981e+03,3.953447444897472e+03,5.882352941176471e-01,3584210
3.957340067397111e+03,3.952579904546587e+03,1.176470588235294e+00,3584208
3.957708183320333e+03,3.954011920856242e+03,5.882352941176471e-01,3584211
3.959104773279464e+03,3.954394362892723e+03,5.882352941176471e-01,3584212
3.959314750558881e+03,3.953128153724360e+03,1.764705882352941e+00,3584209
3.959472889202686e+03,3.956738247716659e+03,5.882352941176471e-01,3584213
3.962680496805576e+03,3.959151085040870e+03,1.176470588235294e+00,3584214
3.963203995162951e+03,3.961439289280598e+03,5.882352941176471e-01,3584216
3.964732985153325e+03,3.959438867506266e+03,1.764705882352941e+00,3584215
3.965501563285961e+03,3.963736857403608e+03,5.882352941176471e-01,3584218
3.966209908570282e+03,3.962294596681278e+03,1.176470588235294e+00,3584217
3.966497691035678e+03,3.964108512042555e+03,5.882352941176471e-01,3584219
3.967266269168314e+03,3.964665798257044e+03,5.882352941176471e-01,3584220
3.967974614452635e+03,3.964904892320459e+03,5.882352941176471e-01,3584221
3.968262396918031e+03,3.965057465317910e+03,5.882352941176471e-01,3584222
3.969794513695724e+03,3.968029807813371e+03,5.882352941176471e-01,3584224
3.970288046540472e+03,3.968523340658120e+03,5.882352941176471e-01,3584225
3.971559219578077e+03,3.969172926776309e+03,5.882352941176471e-01,3584226
3.972914235709039e+03,3.967620118061980e+03,1.764705882352941e+00,3584223
3.974009042309108e+03,3.972244336426755e+03,5.882352941176471e-01,3584227
3.974757866096772e+03,3.972993160214419e+03,5.882352941176471e-01,3584228
3.976314721341119e+03,3.974550015458766e+03,5.882352941176471e-01,3584229
3.979157375118782e+03,3.977392669236429e+03,5.882352941176471e-01,3584231
3.979334060477344e+03,3.975804648712638e+03,1.176470588235294e+00,3584230
3.982773253280988e+03,3.977479135633929e+03,1.764705882352941e+00,3584232
3.984451492765841e+03,3.977713411381373e+03,1.764705882352941e+00,3584233
3.984537959163341e+03,3.981373655970418e+03,5.882352941176471e-01,3584235
3.986490923720737e+03,3.981196806073678e+03,1.764705882352941e+00,3584234
3.986591439105788e+03,3.984826733223435e+03,5.882352941176471e-01,3584237
3.987980904530547e+03,3.982178540237673e+03,1.176470588235294e+00,3584236
3.988841062480542e+03,3.987076356598189e+03,5.882352941176471e-01,3584239
3.989781337541599e+03,3.988016631659246e+03,5.882352941176471e-01,3584240
3.991546043423952e+03,3.989636915498537e+03,5.882352941176471e-01,3584242
3.991785041367795e+03,3.986415725072327e+03,1.764705882352941e+00,3584238
3.994179604171349e+03,3.988885486524291e+03,1.764705882352941e+00,3584241
3.995242569427593e+03,3.991713157662888e+03,1.176470588235294e+00,3584243
3.995944310053702e+03,3.992557720108368e+03,5.882352941176471e-01,3584245
3.997079159014854e+03,3.991771623997627e+03,1.764705882352941e+00,3584244
3.997709015936055e+03,3.994807659540145e+03,5.882352941176471e-01,3584247
4.000536687074652e+03,3.994337847130389e+03,1.764705882352941e+00,3584246
4.002301392957005e+03,3.997661245006112e+03,5.882352941176471e-01,3584250
4.002373276661913e+03,3.996227639122444e+03,1.764705882352941e+00,3584248
4.003003133583114e+03,3.997020475191270e+03,1.764705882352941e+00,3584249
4.004767839465467e+03,4.001639768816338e+03,5.882352941176471e-01,3584253
4.006532545347820e+03,4.002378107977131e+03,5.882352941176471e-01,3584254
4.007595510604064e+03,3.997991130371121e+03,1.764705882352941e+00,3584251
4.007667394308972e+03,3.998831861202937e+03,1.764705882352941e+00,3584252
4.008297251230173e+03,4.003621528082817e+03,5.882352941176471e-01,3584255
4.009360216486417e+03,4.006784530912000e+03,5.882352941176471e-01,3584256
4.009432100191325e+03,4.006849733650532e+03,5.882352941176471e-01,3584257
4.010061957112526e+03,4.007467904174557e+03,5.882352941176471e-01,3584258
4.011124922368770e+03,4.007912218264391e+03,5.882352941176471e-01,3584259
4.011196806073678e+03,4.009271520320865e+03,5.882352941176471e-01,3584260
4.012889628251123e+03,4.009954605391210e+03,5.882352941176471e-01,3584262
4.015356074759585e+03,4.009483585868681e+03,1.764705882352941e+00,3584261
4.016490923720737e+03,4.010002125722623e+03,1.764705882352941e+00,3584263
4.018183745898182e+03,4.010954024262748e+03,1.764705882352941e+00,3584264
4.018255629603089e+03,4.016152909285663e+03,5.882352941176471e-01,3584266
4.019948451780535e+03,4.016532621876446e+03,5.882352941176471e-01,3584267
4.020020335485442e+03,4.017775023487735e+03,5.882352941176471e-01,3584268
4.020650192406643e+03,4.011041772967480e+03,1.764705882352941e+00,3584265
4.023153793678639e+03,4.021389087796286e+03,5.882352941176471e-01,3584270
4.025242569427593e+03,4.019106363175528e+03,1.764705882352941e+00,3584269
4.027020590641128e+03,4.021726472994069e+03,1.764705882352941e+00,3584271
4.028415926962534e+03,4.026651221080181e+03,5.882352941176471e-01,3584273
4.029887605943481e+03,4.024593488296422e+03,1.764705882352941e+00,3584272
4.032475702351416e+03,4.030710996469063e+03,5.882352941176471e-01,3584274
4.033231689264616e+03,4.031466983382263e+03,5.882352941176471e-01,3584275
4.034665515235166e+03,4.032900809352813e+03,5.882352941176471e-01,3584277
4.034996395146969e+03,4.033139265638982e+03,5.882352941176471e-01,3584278
4.037629542049034e+03,4.035864836166681e+03,5.882352941176471e-01,3584279
4.037827622086993e+03,4.036062916204641e+03,5.882352941176471e-01,3584280
4.038129297233302e+03,4.032835179586243e+03,1.764705882352941e+00,3584276
4.040010224730251e+03,4.038245518847898e+03,5.882352941176471e-01,3584282
4.042923659696093e+03,4.036313973447927e+03,1.764705882352941e+00,3584281
4.043539421709500e+03,4.041774715827147e+03,5.882352941176471e-01,3584283
4.044776619434687e+03,4.043011913552334e+03,5.882352941176471e-01,3584284
4.048876887860925e+03,4.047112181978572e+03,5.882352941176471e-01,3584286
4.049975958799249e+03,4.044681841152190e+03,1.764705882352941e+00,3584285
4.051277421832587e+03,4.049512715950235e+03,5.882352941176471e-01,3584287
4.051466321965147e+03,4.049701616082794e+03,5.882352941176471e-01,3584288
4.052107537476463e+03,4.050342831594110e+03,5.882352941176471e-01,3584289
4.054328042160865e+03,4.052563336278512e+03,5.882352941176471e-01,3584291
4.056092748043218e+03,4.053776569582068e+03,5.882352941176471e-01,3584293
4.057349517148997e+03,4.052055399501938e+03,1.764705882352941e+00,3584290
4.057857453925571e+03,4.054221456551702e+03,5.882352941176471e-01,3584294
4.057863422412922e+03,4.052569304765864e+03,1.764705882352941e+00,3584292
4.059114223031350e+03,4.056377734660372e+03,5.882352941176471e-01,3584295
4.062459780807308e+03,4.060695074924955e+03,5.882352941176471e-01,3584297
4.064136640045429e+03,4.058842522398370e+03,1.764705882352941e+00,3584296
4.065591694229824e+03,4.063826988347471e+03,5.882352941176471e-01,3584299
4.065751181782112e+03,4.062221770017406e+03,1.176470588235294e+00,3584298
4.066010658999203e+03,4.064245953116850e+03,5.882352941176471e-01,3584300
4.069121105994530e+03,4.064314754993293e+03,1.176470588235294e+00,3584301
4.072287259790782e+03,4.066993142143724e+03,1.764705882352941e+00,3584302
4.072626576147119e+03,4.070861870264766e+03,5.882352941176471e-01,3584304
4.074222247782088e+03,4.072457541899735e+03,5.882352941176471e-01,3584305
4.075986953664441e+03,4.074042720766512e+03,5.882352941176471e-01,3584307
4.076112052857698e+03,4.070817935210639e+03,1.764705882352941e+00,3584303
4.077304042972569e+03,4.073774631207863e+03,1.176470588235294e+00,3584306
4.077751659546794e+03,4.074074482071198e+03,5.882352941176471e-01,3584308
4.081060857752245e+03,4.079296151869892e+03,5.882352941176471e-01,3584309
4.084589087773457e+03,4.082824381891104e+03,5.882352941176471e-01,3584311
4.084739963587128e+03,4.081210551822422e+03,1.176470588235294e+00,3584310
4.087447194488155e+03,4.083917782723449e+03,1.176470588235294e+00,3584312
4.089410391626701e+03,4.087645685744348e+03,5.882352941176471e-01,3584314
4.092825656396541e+03,4.087531538749482e+03,1.764705882352941e+00,3584313
4.093035416478167e+03,4.087741298831108e+03,1.764705882352941e+00,3584315
4.094704509273759e+03,4.087769717044798e+03,1.764705882352941e+00,3584316
4.096355068161247e+03,4.091172298485154e+03,1.176470588235294e+00,3584317
4.096469215156112e+03,4.091992739959284e+03,5.882352941176471e-01,3584319
4.098119774043600e+03,4.092743993889231e+03,5.882352941176471e-01,3584320
4.098329534125226e+03,4.091484536640130e+03,1.764705882352941e+00,3584318
4.101763332803171e+03,4.094881675759311e+03,1.764705882352941e+00,3584321
4.103413891690658e+03,4.096090727808259e+03,1.764705882352941e+00,3584322
4.103623651772285e+03,4.096282179127552e+03,1.764705882352941e+00,3584323
4.105178597573011e+03,4.098856157245459e+03,5.882352941176471e-01,3584325
4.106943303455364e+03,4.103919757305779e+03,5.882352941176471e-01,3584327
4.107057450450230e+03,4.096914203916811e+03,1.764705882352941e+00,3584324
4.108708009337717e+03,4.105303712239529e+03,5.882352941176471e-01,3584328
4.108917769419344e+03,4.103464996823471e+03,1.764705882352941e+00,3584326
4.109577321942202e+03,4.107812616059849e+03,5.882352941176471e-01,3584329
4.110472715220070e+03,4.108688722489684e+03,5.882352941176471e-01,3584330
4.115532026562421e+03,4.110237908915362e+03,1.764705882352941e+00,3584331
4.116248572133227e+03,4.110954454486169e+03,1.764705882352941e+00,3584332
4.116428823634426e+03,4.111134705987367e+03,1.764705882352941e+00,3584333
4.117296732444774e+03,4.111732746515475e+03,5.882352941176471e-01,3584334
4.120826144209480e+03,4.115293947980365e+03,1.176470588235294e+00,3584337
4.121542689780286e+03,4.111831230830842e+03,1.764705882352941e+00,3584335
4.121722941281485e+03,4.112530064745087e+03,1.764705882352941e+00,3584336
4.122590850091833e+03,4.117068935036489e+03,5.882352941176471e-01,3584338
4.123307395662639e+03,4.120665839976193e+03,5.882352941176471e-01,3584339
4.127017058928544e+03,4.121524945470860e+03,1.764705882352941e+00,3584340
4.128250359433708e+03,4.122956241786649e+03,1.764705882352941e+00,3584341
4.129897607215697e+03,4.126368195450991e+03,1.176470588235294e+00,3584342
4.130454788459252e+03,4.128690082576899e+03,5.882352941176471e-01,3584344
4.130868434900752e+03,4.127339023136047e+03,1.176470588235294e+00,3584343
4.132320550453374e+03,4.130555844571021e+03,5.882352941176471e-01,3584345
4.132562552375824e+03,4.130797846493471e+03,5.882352941176471e-01,3584346
4.132641478540002e+03,4.130876772657649e+03,5.882352941176471e-01,3584347
4.134877922357817e+03,4.133113216475464e+03,5.882352941176471e-01,3584349
4.137044338236955e+03,4.135279632354602e+03,5.882352941176471e-01,3584350
4.137614668100433e+03,4.131591174078528e+03,1.764705882352941e+00,3584348
4.138567578513310e+03,4.136802872630957e+03,5.882352941176471e-01,3584351
4.142659609144662e+03,4.139130197379956e+03,1.176470588235294e+00,3584352
4.143818429806152e+03,4.140289018041446e+03,1.176470588235294e+00,3584354
4.145241557245886e+03,4.139947439598827e+03,1.764705882352941e+00,3584353
4.145583135688505e+03,4.142730065890508e+03,5.882352941176471e-01,3584356
4.147953726791721e+03,4.140849845201281e+03,1.764705882352941e+00,3584355
4.152516892004377e+03,4.147222774357318e+03,1.764705882352941e+00,3584357
4.154445224113907e+03,4.152680518231554e+03,5.882352941176471e-01,3584358
4.156157283111548e+03,4.154392577229195e+03,5.882352941176471e-01,3584360
4.158020150333919e+03,4.154490738569213e+03,1.176470588235294e+00,3584361
4.159295924607569e+03,4.154001806960510e+03,1.764705882352941e+00,3584359
4.159686694876254e+03,4.154939433327552e+03,1.176470588235294e+00,3584362
4.161451400758607e+03,4.156300986422453e+03,5.882352941176471e-01,3584365
4.163314267980978e+03,4.155948994179826e+03,1.764705882352941e+00,3584363
4.164590042254628e+03,4.156209245238462e+03,1.764705882352941e+00,3584364
4.164980812523313e+03,4.158023608980467e+03,1.176470588235294e+00,3584366
4.165078973863331e+03,4.158464624424056e+03,5.882352941176471e-01,3584367
4.166354748136981e+03,4.159500888935745e+03,5.882352941176471e-01,3584368
4.168119454019334e+03,4.163723552950729e+03,5.882352941176471e-01,3584371
4.170274930170371e+03,4.161853949688533e+03,1.764705882352941e+00,3584369
4.170373091510390e+03,4.162238289654307e+03,1.764705882352941e+00,3584370
4.171648865784040e+03,4.164174847438714e+03,1.176470588235294e+00,3584372
4.172137797392743e+03,4.166435748446992e+03,5.882352941176471e-01,3584374
4.173902503275096e+03,4.167108525150220e+03,5.882352941176471e-01,3584376
4.175178277548746e+03,4.166807754242502e+03,1.176470588235294e+00,3584375
4.175569047817430e+03,4.166182595553784e+03,1.764705882352941e+00,3584373
4.176942983431099e+03,4.173837403134218e+03,5.882352941176471e-01,3584378
4.179098459582136e+03,4.174560566200907e+03,1.176470588235294e+00,3584379
4.179196620922154e+03,4.168613362180929e+03,1.764705882352941e+00,3584377
4.180863165464489e+03,4.176338850271916e+03,5.882352941176471e-01,3584381
4.180961326804507e+03,4.177150082299851e+03,5.882352941176471e-01,3584382
4.182237101078157e+03,4.174988380580169e+03,1.764705882352941e+00,3584380
4.182627871346842e+03,4.179025217564829e+03,5.882352941176471e-01,3584383
4.184001806960510e+03,4.180270292515384e+03,5.882352941176471e-01,3584385
4.184392577229195e+03,4.181469472481217e+03,5.882352941176471e-01,3584386
4.184490738569213e+03,4.179434980361401e+03,1.176470588235294e+00,3584384
4.185766512842863e+03,4.181532427447467e+03,5.882352941176471e-01,3584387
4.186157283111548e+03,4.183095870863709e+03,5.882352941176471e-01,3584388
4.187912259390305e+03,4.186147553507952e+03,5.882352941176471e-01,3584389
4.187997341100459e+03,4.186232635218106e+03,5.882352941176471e-01,3584390
4.188620669971217e+03,4.186855964088864e+03,5.882352941176471e-01,3584391
4.189676965272658e+03,4.186941176543085e+03,5.882352941176471e-01,3584392
4.189995787841774e+03,4.188231081959421e+03,5.882352941176471e-01,3584393
4.195461360078147e+03,4.193696654195794e+03,5.882352941176471e-01,3584396
4.196368277680200e+03,4.191074160033142e+03,1.764705882352941e+00,3584394
4.197226065960500e+03,4.195055356157147e+03,5.882352941176471e-01,3584397
4.198618850785155e+03,4.193324733138096e+03,1.764705882352941e+00,3584395
4.198965932593526e+03,4.197201226711173e+03,5.882352941176471e-01,3584398
4.204016470546172e+03,4.198722352899113e+03,1.764705882352941e+00,3584399
4.204209344469748e+03,4.200679932705042e+03,1.176470588235294e+00,3584401
4.204764902843223e+03,4.199470785196164e+03,1.764705882352941e+00,3584400
4.207738756234454e+03,4.201443105936823e+03,1.176470588235294e+00,3584403
4.209310588193231e+03,4.200924796530288e+03,1.764705882352941e+00,3584402
4.210059020490282e+03,4.202351523264925e+03,1.764705882352941e+00,3584404
4.211075294075584e+03,4.203988752360265e+03,5.882352941176471e-01,3584406
4.211823726372635e+03,4.207193030692753e+03,5.882352941176471e-01,3584407
4.213032873881513e+03,4.203626941405034e+03,1.764705882352941e+00,3584405
4.216369411722642e+03,4.209263791551343e+03,1.764705882352941e+00,3584408
4.217866696210532e+03,4.212572578563473e+03,1.764705882352941e+00,3584409
4.220417012406370e+03,4.215122894759311e+03,1.764705882352941e+00,3584410
4.221663529369701e+03,4.215384501785394e+03,1.764705882352941e+00,3584411
4.223160813857591e+03,4.216203914966184e+03,1.764705882352941e+00,3584412
4.223428235252054e+03,4.220539324196365e+03,5.882352941176471e-01,3584414
4.224925519739944e+03,4.221100347954096e+03,5.882352941176471e-01,3584415
4.225192941134407e+03,4.221109512611040e+03,5.882352941176471e-01,3584416
4.225711130053429e+03,4.220143469018770e+03,1.764705882352941e+00,3584413
4.226690225622297e+03,4.222811465972085e+03,5.882352941176471e-01,3584417
4.226957647016760e+03,4.224506540368236e+03,5.882352941176471e-01,3584418
4.228454931504650e+03,4.225585131333111e+03,5.882352941176471e-01,3584420
4.231005247700487e+03,4.225283049290738e+03,1.764705882352941e+00,3584419
4.231087804196084e+03,4.229323098313731e+03,5.882352941176471e-01,3584421
4.236996476728353e+03,4.235231770846000e+03,5.882352941176471e-01,3584423
4.238509784823869e+03,4.234980373059163e+03,1.176470588235294e+00,3584422
4.239965966574227e+03,4.238201260691874e+03,5.882352941176471e-01,3584425
4.240689619620198e+03,4.235395501973140e+03,1.764705882352941e+00,3584424
4.242385870909095e+03,4.240621165026742e+03,5.882352941176471e-01,3584427
4.244328489401540e+03,4.239034371754481e+03,1.764705882352941e+00,3584426
4.246583539613948e+03,4.241289421966889e+03,1.764705882352941e+00,3584428
4.247679988556153e+03,4.242267428128465e+03,1.764705882352941e+00,3584429
4.248348245496301e+03,4.243327440807147e+03,5.882352941176471e-01,3584431
4.249444694438506e+03,4.244969040799180e+03,5.882352941176471e-01,3584432
4.249622607048599e+03,4.243051850042253e+03,1.764705882352941e+00,3584430
4.251209400320859e+03,4.246366999377243e+03,5.882352941176471e-01,3584434
4.251387312930952e+03,4.246832469419289e+03,5.882352941176471e-01,3584435
4.252974106203212e+03,4.247939501402160e+03,5.882352941176471e-01,3584436
4.253152018813305e+03,4.248047839791517e+03,5.882352941176471e-01,3584437
4.253642363143360e+03,4.245900859801427e+03,1.764705882352941e+00,3584433
4.254916724695658e+03,4.250294567054020e+03,5.882352941176471e-01,3584439
4.258268223850271e+03,4.248524985958032e+03,1.764705882352941e+00,3584438
4.258936480790419e+03,4.250664736130230e+03,1.764705882352941e+00,3584440
4.260032929732624e+03,4.252399564203213e+03,5.882352941176471e-01,3584442
4.260210842342717e+03,4.252186814308728e+03,1.764705882352941e+00,3584441
4.260701186672771e+03,4.254531588862064e+03,5.882352941176471e-01,3584443
4.261975548225070e+03,4.255238446671928e+03,5.882352941176471e-01,3584445
4.263562341497330e+03,4.254821168668137e+03,1.176470588235294e+00,3584444
4.263740254107423e+03,4.257709868491966e+03,5.882352941176471e-01,3584447
4.265327047379683e+03,4.259327930038346e+03,5.882352941176471e-01,3584448
4.265923978112645e+03,4.264159272230292e+03,5.882352941176471e-01,3584449
4.265995304319830e+03,4.256999990528748e+03,1.764705882352941e+00,3584446
4.269166655518489e+03,4.267401949636136e+03,5.882352941176471e-01,3584451
4.271672066729033e+03,4.269907360846680e+03,5.882352941176471e-01,3584453
4.272226608391339e+03,4.266932490744280e+03,1.764705882352941e+00,3584450
4.273436772611386e+03,4.271143055912860e+03,5.882352941176471e-01,3584454
4.273659767677495e+03,4.268365650030436e+03,1.764705882352941e+00,3584452
4.273991314273692e+03,4.271567105807022e+03,5.882352941176471e-01,3584455
4.277694952517378e+03,4.275930246635025e+03,5.882352941176471e-01,3584457
4.277826294972678e+03,4.276061589090326e+03,5.882352941176471e-01,3584458
4.278730890258445e+03,4.272999354969579e+03,1.764705882352941e+00,3584456
4.279459658399731e+03,4.277189301289950e+03,5.882352941176471e-01,3584459
4.280817906640448e+03,4.279053200758095e+03,5.882352941176471e-01,3584461
4.283362568578362e+03,4.278068450931303e+03,1.764705882352941e+00,3584460
4.284065682694965e+03,4.282300976812612e+03,5.882352941176471e-01,3584462
4.285127274460715e+03,4.282782083001626e+03,5.882352941176471e-01,3584464
4.286506486094010e+03,4.284741780211657e+03,5.882352941176471e-01,3584465
4.286891980343068e+03,4.284937588579719e+03,5.882352941176471e-01,3584466
4.288012233513340e+03,4.282718115866281e+03,1.764705882352941e+00,3584463
4.288271191976363e+03,4.285971507897353e+03,5.882352941176471e-01,3584467
4.292255319168010e+03,4.286961201520951e+03,1.764705882352941e+00,3584468
4.294020025050363e+03,4.292246463198111e+03,5.882352941176471e-01,3584471
4.295174209982608e+03,4.289880092335549e+03,1.764705882352941e+00,3584469
4.296442025927248e+03,4.291147908280189e+03,1.764705882352941e+00,3584470
4.298881726506702e+03,4.297117020624349e+03,5.882352941176471e-01,3584473
4.301531005925910e+03,4.296236888278852e+03,1.764705882352941e+00,3584472
4.301609877697062e+03,4.299845171814709e+03,5.882352941176471e-01,3584474
4.302360855527619e+03,4.300596149645266e+03,5.882352941176471e-01,3584475
4.303592889445066e+03,4.301828183562713e+03,5.882352941176471e-01,3584476
4.305232021170256e+03,4.303467315287903e+03,5.882352941176471e-01,3584477
4.307634132597920e+03,4.305869426715567e+03,5.882352941176471e-01,3584478
4.310240648011192e+03,4.308475942128839e+03,5.882352941176471e-01,3584480
4.311621649766242e+03,4.309856943883890e+03,5.882352941176471e-01,3584481
4.312348298349733e+03,4.310583592467380e+03,5.882352941176471e-01,3584482
4.312720299017433e+03,4.307426181370374e+03,1.764705882352941e+00,3584479
4.313386355648595e+03,4.310722623904063e+03,5.882352941176471e-01,3584483
4.314485004899786e+03,4.311533569769611e+03,5.882352941176471e-01,3584485
4.315151061530948e+03,4.313146392733096e+03,5.882352941176471e-01,3584486
4.316249710782139e+03,4.313320366093289e+03,5.882352941176471e-01,3584487
4.316915767413301e+03,4.313640892528701e+03,5.882352941176471e-01,3584488
4.317642415996792e+03,4.311153498346977e+03,1.764705882352941e+00,3584484
4.318680473295654e+03,4.314928603265261e+03,5.882352941176471e-01,3584490
4.319407121879145e+03,4.315879936122051e+03,5.882352941176471e-01,3584491
4.320445179178007e+03,4.316511491622802e+03,5.882352941176471e-01,3584492
4.321171827761498e+03,4.317034195573586e+03,5.882352941176471e-01,3584493
4.321543828429198e+03,4.314326442932186e+03,1.764705882352941e+00,3584489
4.322209885060360e+03,4.317112387585211e+03,5.882352941176471e-01,3584494
4.323308534311551e+03,4.319304457684085e+03,5.882352941176471e-01,3584496
4.323974590942713e+03,4.320040050308599e+03,5.882352941176471e-01,3584497
4.326465945408557e+03,4.317816002701584e+03,1.764705882352941e+00,3584495
4.330535414687303e+03,4.328770708804950e+03,5.882352941176471e-01,3584498
4.331973087035105e+03,4.330208381152752e+03,5.882352941176471e-01,3584499
4.332336304463276e+03,4.330571598580923e+03,5.882352941176471e-01,3584500
4.332952519644019e+03,4.331187813761666e+03,5.882352941176471e-01,3584501
4.334118703796563e+03,4.332353997914210e+03,5.882352941176471e-01,3584502
4.338032913171781e+03,4.336268207289428e+03,5.882352941176471e-01,3584504
4.339254111943467e+03,4.337489406061114e+03,5.882352941176471e-01,3584505
4.339797619054134e+03,4.337844541020507e+03,5.882352941176471e-01,3584506
4.340352039380128e+03,4.335057921733069e+03,1.764705882352941e+00,3584503
4.341018817825820e+03,4.338344625677730e+03,5.882352941176471e-01,3584507
4.341562324936487e+03,4.339299157484329e+03,5.882352941176471e-01,3584508
4.342281728856213e+03,4.340517022973860e+03,5.882352941176471e-01,3584509
4.344409744216703e+03,4.342645038334350e+03,5.882352941176471e-01,3584511
4.345180313043110e+03,4.343415607160757e+03,5.882352941176471e-01,3584512
4.346174450099056e+03,4.343543086537570e+03,5.882352941176471e-01,3584513
4.346945018925463e+03,4.344168723838266e+03,5.882352941176471e-01,3584514
4.347035933075447e+03,4.341741815428388e+03,1.764705882352941e+00,3584510
4.347939155981409e+03,4.345964191028673e+03,5.882352941176471e-01,3584515
4.349473391318142e+03,4.347708685435789e+03,5.882352941176471e-01,3584516
4.350040890787157e+03,4.348276184904804e+03,5.882352941176471e-01,3584517
4.353066209931781e+03,4.351301504049428e+03,5.882352941176471e-01,3584519
4.354830915814134e+03,4.352582699829106e+03,5.882352941176471e-01,3584521
4.354897086334603e+03,4.349602968687544e+03,1.764705882352941e+00,3584518
4.356595621696487e+03,4.352632135725006e+03,5.882352941176471e-01,3584522
4.357732002362098e+03,4.352437884715039e+03,1.764705882352941e+00,3584520
4.360125033461193e+03,4.353772298539737e+03,1.176470588235294e+00,3584524
4.360191203981661e+03,4.353262587070964e+03,1.764705882352941e+00,3584523
4.361955909864014e+03,4.356126964097475e+03,5.882352941176471e-01,3584527
4.363026120009157e+03,4.355469401487206e+03,1.764705882352941e+00,3584525
4.363720615746367e+03,4.356452131959969e+03,5.882352941176471e-01,3584528
4.365419151108251e+03,4.356038242499650e+03,1.764705882352941e+00,3584526
4.367183856990604e+03,4.361424571049821e+03,5.882352941176471e-01,3584531
4.367250027511073e+03,4.360543516475606e+03,1.176470588235294e+00,3584530
4.368320237656216e+03,4.358972714768979e+03,1.764705882352941e+00,3584529
4.368948562872957e+03,4.361634452837568e+03,5.882352941176471e-01,3584532
4.369014733393426e+03,4.362206351764045e+03,5.882352941176471e-01,3584533
4.370084943538569e+03,4.362410671054801e+03,5.882352941176471e-01,3584534
4.370779439275779e+03,4.364725241428975e+03,5.882352941176471e-01,3584536
4.371849649420922e+03,4.366330060242299e+03,5.882352941176471e-01,3584537
4.374242680520016e+03,4.362879835711493e+03,1.764705882352941e+00,3584535
4.374733426989733e+03,4.372968721107380e+03,5.882352941176471e-01,3584539
4.376007386402369e+03,4.373444237295341e+03,5.882352941176471e-01,3584540
4.376073556922838e+03,4.370097225406214e+03,1.764705882352941e+00,3584538
4.378262915899200e+03,4.376498210016847e+03,5.882352941176471e-01,3584541
4.379335205706880e+03,4.377570499824527e+03,5.882352941176471e-01,3584542
4.383815563611789e+03,4.378521445964731e+03,1.764705882352941e+00,3584543
4.384921091658085e+03,4.383156385775732e+03,5.882352941176471e-01,3584544
4.388359130628903e+03,4.386594424746550e+03,5.882352941176471e-01,3584547
4.388856514167217e+03,4.385327102402511e+03,1.176470588235294e+00,3584545
4.390621220049570e+03,4.388599308149367e+03,5.882352941176471e-01,3584549
4.390847549682558e+03,4.385553432035499e+03,1.764705882352941e+00,3584546
4.392385925931923e+03,4.389511237407094e+03,5.882352941176471e-01,3584550
4.393653248275962e+03,4.387709943205720e+03,1.764705882352941e+00,3584548
4.394150631814276e+03,4.392067004124710e+03,5.882352941176471e-01,3584552
4.395417954158315e+03,4.392720279366542e+03,5.882352941176471e-01,3584553
4.397236072800290e+03,4.391941955153231e+03,1.764705882352941e+00,3584551
4.400436778429933e+03,4.398672072547580e+03,5.882352941176471e-01,3584554
4.401348274273308e+03,4.399583568390955e+03,5.882352941176471e-01,3584555
4.404128550458991e+03,4.402363844576638e+03,5.882352941176471e-01,3584557
4.404678555083291e+03,4.402913849200938e+03,5.882352941176471e-01,3584558
4.405940805614081e+03,4.400646687967022e+03,1.764705882352941e+00,3584556
4.406443260965644e+03,4.404492577000270e+03,5.882352941176471e-01,3584560
4.408620567473487e+03,4.406855861591134e+03,5.882352941176471e-01,3584561
4.409127013180139e+03,4.407362307297786e+03,5.882352941176471e-01,3584562
4.409495164373955e+03,4.404201046726896e+03,1.764705882352941e+00,3584559
4.411531004958122e+03,4.409766299075769e+03,5.882352941176471e-01,3584563
4.413700105960485e+03,4.411935400078132e+03,5.882352941176471e-01,3584564
4.415968070753743e+03,4.412438658989037e+03,1.176470588235294e+00,3584565
4.417794928541623e+03,4.416030222659270e+03,5.882352941176471e-01,3584567
4.419559634423976e+03,4.416493595315875e+03,5.882352941176471e-01,3584569
4.420712442739051e+03,4.415418325091993e+03,1.764705882352941e+00,3584566
4.421362519621933e+03,4.416068401974874e+03,1.764705882352941e+00,3584568
4.423127225504286e+03,4.419132306814208e+03,5.882352941176471e-01,3584572
4.424853752071035e+03,4.417718361685653e+03,1.764705882352941e+00,3584570
4.424891931386638e+03,4.419425608080935e+03,5.882352941176471e-01,3584573
4.426006560386110e+03,4.417988150619912e+03,1.764705882352941e+00,3584571
4.426618457953388e+03,4.419846219158355e+03,5.882352941176471e-01,3584574
4.426656637268991e+03,4.420490152934514e+03,5.882352941176471e-01,3584575
4.427771266268463e+03,4.422206930465691e+03,5.882352941176471e-01,3584576
4.431912575600447e+03,4.422928620139564e+03,1.764705882352941e+00,3584577
4.431950754916050e+03,4.423376682424480e+03,1.764705882352941e+00,3584578
4.433065383915522e+03,4.424748458691868e+03,1.764705882352941e+00,3584579
4.433677281482800e+03,4.426492364054234e+03,5.882352941176471e-01,3584580
4.435441987365153e+03,4.429540857444965e+03,5.882352941176471e-01,3584583
4.435480166680756e+03,4.427302145342688e+03,1.176470588235294e+00,3584581
4.437206693247505e+03,4.430614764753837e+03,5.882352941176471e-01,3584584
4.437244872563109e+03,4.434952228301507e+03,5.882352941176471e-01,3584585
4.438359501562581e+03,4.427374508871784e+03,1.764705882352941e+00,3584582
4.440124207444934e+03,4.437451925861580e+03,5.882352941176471e-01,3584588
4.440927340576052e+03,4.437397928811346e+03,1.176470588235294e+00,3584587
4.442500810894564e+03,4.436586125458784e+03,1.764705882352941e+00,3584586
4.444571278217255e+03,4.442806572334902e+03,5.882352941176471e-01,3584590
4.446335984099608e+03,4.443461914373327e+03,5.882352941176471e-01,3584592
4.447321360382559e+03,4.442027242735500e+03,1.764705882352941e+00,3584589
4.448323021102361e+03,4.443028903455302e+03,1.764705882352941e+00,3584591
4.449086066264912e+03,4.444951589137427e+03,5.882352941176471e-01,3584594
4.450087726984714e+03,4.445023029223397e+03,5.882352941176471e-01,3584595
4.450850772147265e+03,4.445558521718339e+03,5.882352941176471e-01,3584596
4.451630101746666e+03,4.443862537185737e+03,1.764705882352941e+00,3584593
4.452683747254573e+03,4.450919041372220e+03,5.882352941176471e-01,3584598
4.455381844631773e+03,4.447804988937071e+03,1.764705882352941e+00,3584597
4.456669226970475e+03,4.453139815205769e+03,1.176470588235294e+00,3584600
4.457245656554850e+03,4.451951538907791e+03,1.764705882352941e+00,3584599
4.459010362437202e+03,4.455750946480870e+03,5.882352941176471e-01,3584603
4.460675962278832e+03,4.453811522036594e+03,1.764705882352941e+00,3584601
4.460775068319555e+03,4.458418778402769e+03,5.882352941176471e-01,3584604
4.461963344617534e+03,4.453872906306256e+03,1.764705882352941e+00,3584602
4.462449021574800e+03,4.460684315692447e+03,5.882352941176471e-01,3584605
4.466044999994440e+03,4.462515588229734e+03,1.176470588235294e+00,3584607
4.466224983176146e+03,4.460930865529087e+03,1.764705882352941e+00,3584606
4.468310877742976e+03,4.463016760095917e+03,1.764705882352941e+00,3584608
4.469574411759146e+03,4.463356111423898e+03,1.176470588235294e+00,3584609
4.469754394940851e+03,4.464378107183414e+03,1.176470588235294e+00,3584610
4.471339117641499e+03,4.465887666798881e+03,5.882352941176471e-01,3584612
4.473103823523851e+03,4.469787007950084e+03,5.882352941176471e-01,3584614
4.473604995390035e+03,4.464987649445701e+03,1.764705882352941e+00,3584611
4.475048512587910e+03,4.468213463900257e+03,1.764705882352941e+00,3584613
4.476326855228112e+03,4.474562149345759e+03,5.882352941176471e-01,3584616
4.478091561110465e+03,4.475952835837682e+03,5.882352941176471e-01,3584618
4.478397941170910e+03,4.470035000475508e+03,1.764705882352941e+00,3584615
4.480162647053263e+03,4.476566686681923e+03,5.882352941176471e-01,3584620
4.480391744665453e+03,4.475097627018394e+03,1.764705882352941e+00,3584617
4.481927352935616e+03,4.477662010594067e+03,5.882352941176471e-01,3584621
4.483385678757524e+03,4.476153213695141e+03,1.764705882352941e+00,3584619
4.483524658334516e+03,4.481759952452163e+03,5.882352941176471e-01,3584622
4.487074420042164e+03,4.485309714159811e+03,5.882352941176471e-01,3584624
4.489013106419892e+03,4.483718988772833e+03,1.764705882352941e+00,3584623
4.497526724714372e+03,4.495762018832019e+03,5.882352941176471e-01,3584626
4.497856424513436e+03,4.494327012748730e+03,1.176470588235294e+00,3584625
4.498975556901255e+03,4.497210851018902e+03,5.882352941176471e-01,3584627
4.500407940829331e+03,4.498643234946978e+03,5.882352941176471e-01,3584628
4.501251551448082e+03,4.499486845565730e+03,5.882352941176471e-01,3584629
4.501296094580681e+03,4.499531388698328e+03,5.882352941176471e-01,3584630
4.502455643970270e+03,4.500690938087917e+03,5.882352941176471e-01,3584631
4.504424208248519e+03,4.502659502366166e+03,5.882352941176471e-01,3584634
4.505057790261517e+03,4.501528378496811e+03,1.176470588235294e+00,3584633
4.506545669095141e+03,4.501197350263967e+03,1.764705882352941e+00,3584632
4.507980200016565e+03,4.506215494134212e+03,5.882352941176471e-01,3584635
4.508280754888439e+03,4.506516049006086e+03,5.882352941176471e-01,3584636
4.510595241729768e+03,4.508830535847415e+03,5.882352941176471e-01,3584637
4.510938501025616e+03,4.509173795143263e+03,5.882352941176471e-01,3584638
4.511309434377355e+03,4.509544728495002e+03,5.882352941176471e-01,3584639
4.513709234209186e+03,4.511944528326833e+03,5.882352941176471e-01,3584641
4.514828105815908e+03,4.513063399933555e+03,5.882352941176471e-01,3584642
4.515889359376827e+03,4.509550089411693e+03,1.764705882352941e+00,3584640
4.517654065259180e+03,4.515424555873229e+03,5.882352941176471e-01,3584645
4.518357517580614e+03,4.514703279577547e+03,1.176470588235294e+00,3584644
4.519418771141533e+03,4.516321319460363e+03,5.882352941176471e-01,3584646
4.519509223086717e+03,4.514215105439658e+03,1.764705882352941e+00,3584643
4.521273928969070e+03,4.517901472751711e+03,5.882352941176471e-01,3584649
4.523038634851422e+03,4.518362001450994e+03,5.882352941176471e-01,3584650
4.523651635227673e+03,4.517417586217546e+03,1.764705882352941e+00,3584647
4.524712888788592e+03,4.517621292283083e+03,1.764705882352941e+00,3584648
4.524803340733775e+03,4.519615406565075e+03,5.882352941176471e-01,3584651
4.525416341110026e+03,4.520653847458787e+03,5.882352941176471e-01,3584652
4.526477594670945e+03,4.520971078338695e+03,5.882352941176471e-01,3584653
4.526982031917034e+03,4.525217326034681e+03,5.882352941176471e-01,3584654
4.528242300553298e+03,4.525907613029107e+03,5.882352941176471e-01,3584656
4.529025393379145e+03,4.525495981614439e+03,1.176470588235294e+00,3584655
4.529446393791165e+03,4.527681687908812e+03,5.882352941176471e-01,3584657
4.534504487388140e+03,4.529210369741081e+03,1.764705882352941e+00,3584658
4.535628246639056e+03,4.530334128991997e+03,1.764705882352941e+00,3584659
4.536471283164059e+03,4.531177165517000e+03,1.764705882352941e+00,3584660
4.537392952521409e+03,4.533356569117858e+03,5.882352941176471e-01,3584662
4.538033899152845e+03,4.531282969325520e+03,1.176470588235294e+00,3584661
4.538235989046412e+03,4.534689884160693e+03,5.882352941176471e-01,3584663
4.539157658403761e+03,4.534987678051046e+03,5.882352941176471e-01,3584664
4.539798605035198e+03,4.535378080488729e+03,5.882352941176471e-01,3584665
4.542687070168467e+03,4.537997423534716e+03,1.176470588235294e+00,3584667
4.543328016799904e+03,4.539012328903159e+03,1.176470588235294e+00,3584668
4.543530106693471e+03,4.536567895170438e+03,1.764705882352941e+00,3584666
4.545414229626226e+03,4.543649523743873e+03,5.882352941176471e-01,3584670
4.547178935508579e+03,4.545353400816837e+03,5.882352941176471e-01,3584672
4.548026461449593e+03,4.544497049684887e+03,1.176470588235294e+00,3584671
4.548834623596186e+03,4.543540505949127e+03,1.764705882352941e+00,3584669
4.549639032644790e+03,4.547874326762437e+03,5.882352941176471e-01,3584673
4.554763523356156e+03,4.549469405709097e+03,1.764705882352941e+00,3584674
4.554788485740647e+03,4.553023779858294e+03,5.882352941176471e-01,3584676
4.556553191623000e+03,4.553566320897221e+03,5.882352941176471e-01,3584678
4.557280539612733e+03,4.551986421965674e+03,1.764705882352941e+00,3584675
4.559045245495086e+03,4.557052416128526e+03,5.882352941176471e-01,3584680
4.560057641003215e+03,4.553228585842181e+03,1.764705882352941e+00,3584677
4.560809951377439e+03,4.557923192141559e+03,5.882352941176471e-01,3584681
4.561847309270059e+03,4.556247783528375e+03,1.764705882352941e+00,3584679
4.562574657259792e+03,4.559820031516067e+03,5.882352941176471e-01,3584683
4.564207174653126e+03,4.562442468770773e+03,5.882352941176471e-01,3584684
4.565351758650274e+03,4.559076403408896e+03,1.764705882352941e+00,3584682
4.565971880535479e+03,4.564206756295237e+03,5.882352941176471e-01,3584686
4.567116464532627e+03,4.564397652813793e+03,5.882352941176471e-01,3584687
4.567736586417831e+03,4.564443324667644e+03,5.882352941176471e-01,3584688
4.569443842452278e+03,4.564149724805219e+03,1.764705882352941e+00,3584685
4.571208548334631e+03,4.567577827794309e+03,5.882352941176471e-01,3584691
4.571265998182537e+03,4.565765943824611e+03,1.176470588235294e+00,3584690
4.572410582179685e+03,4.564841734025918e+03,1.764705882352941e+00,3584689
4.572973254216984e+03,4.567611663456637e+03,5.882352941176471e-01,3584692
4.573030704064890e+03,4.570668986574316e+03,5.882352941176471e-01,3584693
4.574175288062038e+03,4.570789112641349e+03,5.882352941176471e-01,3584694
4.574904264283523e+03,4.573139558401170e+03,5.882352941176471e-01,3584695
4.575939993944391e+03,4.573665092005713e+03,5.882352941176471e-01,3584697
4.576668970165876e+03,4.574884354034453e+03,5.882352941176471e-01,3584698
4.578564792730694e+03,4.573270675083635e+03,1.764705882352941e+00,3584696
4.579615410518375e+03,4.577850704636022e+03,5.882352941176471e-01,3584700
4.580749015557466e+03,4.578984309675113e+03,5.882352941176471e-01,3584701
4.581453871870558e+03,4.579689165988205e+03,5.882352941176471e-01,3584702
4.582040680801831e+03,4.576746563154772e+03,1.764705882352941e+00,3584699
4.583805386684184e+03,4.581326860740643e+03,5.882352941176471e-01,3584705
4.585570092566537e+03,4.581649655859131e+03,5.882352941176471e-01,3584706
4.586043133204525e+03,4.579824172420439e+03,1.764705882352941e+00,3584703
4.586747989517616e+03,4.580138821431259e+03,1.764705882352941e+00,3584704
4.587807839086878e+03,4.583667609075147e+03,5.882352941176471e-01,3584708
4.590864210213596e+03,4.583070903357639e+03,1.764705882352941e+00,3584707
4.592042107164675e+03,4.584064447866655e+03,1.764705882352941e+00,3584709
4.592628916095949e+03,4.585758548614156e+03,5.882352941176471e-01,3584711
4.593101956733937e+03,4.584586574338746e+03,1.764705882352941e+00,3584710
4.593806813047028e+03,4.587751184649667e+03,5.882352941176471e-01,3584712
4.596631368498643e+03,4.589859312628403e+03,1.176470588235294e+00,3584714
4.597336224811734e+03,4.590014393138126e+03,1.176470588235294e+00,3584715
4.597923033743008e+03,4.589392598954708e+03,1.764705882352941e+00,3584713
4.598396074380996e+03,4.591256723776864e+03,5.882352941176471e-01,3584716
4.599687739625360e+03,4.593610077207450e+03,5.882352941176471e-01,3584718
4.600160780263349e+03,4.594842976717796e+03,5.882352941176471e-01,3584719
4.601452445507713e+03,4.595153334449584e+03,5.882352941176471e-01,3584720
4.601925486145702e+03,4.595356568107473e+03,5.882352941176471e-01,3584721
4.602630342458793e+03,4.591958735897572e+03,1.764705882352941e+00,3584717
4.603690192028055e+03,4.596823735194182e+03,5.882352941176471e-01,3584723
4.605454897910408e+03,4.599477836203011e+03,5.882352941176471e-01,3584725
4.606159754223499e+03,4.599101957638417e+03,1.176470588235294e+00,3584724
4.606746563154772e+03,4.595684413481953e+03,1.764705882352941e+00,3584722
4.607924460105852e+03,4.603227372798354e+03,5.882352941176471e-01,3584727
4.608511269037125e+03,4.604658173322012e+03,5.882352941176471e-01,3584728
4.608984309675113e+03,4.601494474223648e+03,1.176470588235294e+00,3584726
4.610275974919478e+03,4.607387550418598e+03,5.882352941176471e-01,3584730
4.610749015557466e+03,4.608313062571948e+03,5.882352941176471e-01,3584731
4.612492205204585e+03,4.610727499322232e+03,5.882352941176471e-01,3584732
4.613218577752910e+03,4.606768608151157e+03,1.764705882352941e+00,3584729
4.614256911086938e+03,4.611004049611067e+03,5.882352941176471e-01,3584734
4.614983283635263e+03,4.611779853798615e+03,5.882352941176471e-01,3584735
4.616021616969291e+03,4.614069388887211e+03,5.882352941176471e-01,3584736
4.616216850836313e+03,4.610922733189255e+03,1.764705882352941e+00,3584733
4.617786322851644e+03,4.614803912915186e+03,5.882352941176471e-01,3584738
4.618756461125346e+03,4.616991755242993e+03,5.882352941176471e-01,3584739
4.620277401282322e+03,4.614360351489949e+03,1.764705882352941e+00,3584737
4.620362114281642e+03,4.618597408399289e+03,5.882352941176471e-01,3584740
4.624571475846381e+03,4.622806769964028e+03,5.882352941176471e-01,3584743
4.626565929533036e+03,4.621271811885977e+03,1.764705882352941e+00,3584741
4.627582079296657e+03,4.622287961649598e+03,1.764705882352941e+00,3584742
4.628330635415389e+03,4.624465363496322e+03,5.882352941176471e-01,3584745
4.629865593493440e+03,4.623765226179379e+03,1.764705882352941e+00,3584744
4.634398454727487e+03,4.632633748845135e+03,5.882352941176471e-01,3584747
4.635361731161606e+03,4.630067613514547e+03,1.764705882352941e+00,3584746
4.636163160609840e+03,4.633848135172928e+03,5.882352941176471e-01,3584749
4.636653631684703e+03,4.633124219919997e+03,1.176470588235294e+00,3584748
4.637126437043959e+03,4.634833631919464e+03,5.882352941176471e-01,3584750
4.638923589259792e+03,4.637158883377439e+03,5.882352941176471e-01,3584752
4.639366139644907e+03,4.637601433762554e+03,5.882352941176471e-01,3584753
4.642017240921475e+03,4.636723123274416e+03,1.764705882352941e+00,3584751
4.642865551808473e+03,4.641100845926120e+03,5.882352941176471e-01,3584754
4.646906231461103e+03,4.645141525578750e+03,5.882352941176471e-01,3584757
4.648670937343456e+03,4.646530129272745e+03,5.882352941176471e-01,3584758
4.649782093856956e+03,4.644487976209898e+03,1.764705882352941e+00,3584755
4.650380902841967e+03,4.645086785194908e+03,1.764705882352941e+00,3584756
4.654090591714811e+03,4.652325885832458e+03,5.882352941176471e-01,3584761
4.656798756653071e+03,4.651504639006012e+03,1.764705882352941e+00,3584759
4.657367935426219e+03,4.652073817779160e+03,1.764705882352941e+00,3584760
4.659132641308572e+03,4.656624277560911e+03,5.882352941176471e-01,3584764
4.660328168417777e+03,4.655440183964809e+03,1.176470588235294e+00,3584763
4.660346127188728e+03,4.655052009541669e+03,1.764705882352941e+00,3584762
4.664426758955630e+03,4.657216607537886e+03,1.764705882352941e+00,3584765
4.665007948681471e+03,4.663243242799118e+03,5.882352941176471e-01,3584766
4.667337427881651e+03,4.665572721999298e+03,5.882352941176471e-01,3584767
4.668107088375767e+03,4.666342382493414e+03,5.882352941176471e-01,3584768
4.669133180979386e+03,4.667368475097033e+03,5.882352941176471e-01,3584769
4.669588156441856e+03,4.667823450559503e+03,5.882352941176471e-01,3584770
4.671874290818485e+03,4.670109584936132e+03,5.882352941176471e-01,3584773
4.672662592744092e+03,4.668194597405868e+03,1.176470588235294e+00,3584772
4.673401206022826e+03,4.667825438633787e+03,1.764705882352941e+00,3584771
4.677168408465543e+03,4.670423260387899e+03,1.764705882352941e+00,3584774
4.677840984326025e+03,4.676076278443672e+03,5.882352941176471e-01,3584776
4.678642807109044e+03,4.673348689461985e+03,1.764705882352941e+00,3584775
4.683878479610850e+03,4.680349067846145e+03,1.176470588235294e+00,3584778
4.683962548924533e+03,4.682197843042180e+03,5.882352941176471e-01,3584779
4.684492760408373e+03,4.679198642761314e+03,1.764705882352941e+00,3584777
4.686394129710158e+03,4.684629423827805e+03,5.882352941176471e-01,3584780
4.688530958076852e+03,4.686766252194499e+03,5.882352941176471e-01,3584781
4.691080669344493e+03,4.689315963462140e+03,5.882352941176471e-01,3584782
4.693970042103227e+03,4.692205336220874e+03,5.882352941176471e-01,3584783
4.697082271742790e+03,4.695317565860437e+03,5.882352941176471e-01,3584784
4.701774967003529e+03,4.700010261121176e+03,5.882352941176471e-01,3584786
4.702057796395998e+03,4.700293090513645e+03,5.882352941176471e-01,3584787
4.702692793036554e+03,4.699163381271848e+03,1.176470588235294e+00,3584785
4.703822502278351e+03,4.701213804808251e+03,5.882352941176471e-01,3584789
4.705304378768235e+03,4.701025891359673e+03,1.176470588235294e+00,3584788
4.708105503183918e+03,4.706340797301565e+03,5.882352941176471e-01,3584790
4.709625152438567e+03,4.707860446556214e+03,5.882352941176471e-01,3584791
4.709734824493336e+03,4.707970118610983e+03,5.882352941176471e-01,3584792
4.711972386465652e+03,4.710207680583299e+03,5.882352941176471e-01,3584793
4.714844666496345e+03,4.713079960613992e+03,5.882352941176471e-01,3584794
4.718585854772074e+03,4.716821148889721e+03,5.882352941176471e-01,3584796
4.720961310618439e+03,4.715667192971380e+03,1.764705882352941e+00,3584795
4.723249909193908e+03,4.717955791546849e+03,1.764705882352941e+00,3584797
4.724257475523472e+03,4.718963357876413e+03,1.764705882352941e+00,3584798
4.725155439049213e+03,4.721626027284507e+03,1.176470588235294e+00,3584799
4.725966985801777e+03,4.724202279919424e+03,5.882352941176471e-01,3584800
4.727148351921298e+03,4.725383646038945e+03,5.882352941176471e-01,3584801
4.730831612698086e+03,4.727302200933380e+03,1.176470588235294e+00,3584803
4.731666941503301e+03,4.726372823856242e+03,1.764705882352941e+00,3584802
4.736306517531161e+03,4.734541811648808e+03,5.882352941176471e-01,3584805
4.736659350220110e+03,4.734894644337757e+03,5.882352941176471e-01,3584806
4.737501954587606e+03,4.732207836940548e+03,1.764705882352941e+00,3584804
4.740552757174323e+03,4.737023345409617e+03,1.176470588235294e+00,3584807
4.742280977234765e+03,4.740516271352413e+03,5.882352941176471e-01,3584808
4.744723714243609e+03,4.742959008361257e+03,5.882352941176471e-01,3584810
4.745949674945075e+03,4.740655557298016e+03,1.764705882352941e+00,3584809
4.746148861543376e+03,4.744384155661023e+03,5.882352941176471e-01,3584811
4.747342850276790e+03,4.745578144394437e+03,5.882352941176471e-01,3584812
4.748180853369424e+03,4.746416147487071e+03,5.882352941176471e-01,3584813
4.751884753983595e+03,4.750120048101242e+03,5.882352941176471e-01,3584815
4.752811983255383e+03,4.751047277373030e+03,5.882352941176471e-01,3584816
4.753284696492631e+03,4.749755284727925e+03,1.176470588235294e+00,3584814
4.755249677185000e+03,4.753484971302647e+03,5.882352941176471e-01,3584817
4.760386611243948e+03,4.755092493596889e+03,1.764705882352941e+00,3584818
4.763261320142399e+03,4.757967202495340e+03,1.764705882352941e+00,3584819
4.765158143979539e+03,4.763393438097186e+03,5.882352941176471e-01,3584821
4.766620002940448e+03,4.763090591175743e+03,1.176470588235294e+00,3584820
4.771112403864670e+03,4.769347697982317e+03,5.882352941176471e-01,3584822
4.771719135024113e+03,4.769954429141760e+03,5.882352941176471e-01,3584823
4.777506019802821e+03,4.772211902155762e+03,1.764705882352941e+00,3584824
4.778679538094524e+03,4.773385420447465e+03,1.764705882352941e+00,3584825
4.781028407395993e+03,4.777498995631287e+03,1.176470588235294e+00,3584826
4.781340889380888e+03,4.779576183498535e+03,5.882352941176471e-01,3584827
4.783484891171811e+03,4.781720185289458e+03,5.882352941176471e-01,3584828
4.788202200634153e+03,4.784672788869447e+03,1.176470588235294e+00,3584829
4.788437575873921e+03,4.784908164109215e+03,1.176470588235294e+00,3584830
4.789966906516506e+03,4.785850778260090e+03,5.882352941176471e-01,3584832
4.790202281756274e+03,4.786505941912861e+03,5.882352941176471e-01,3584833
4.790460240749655e+03,4.785166123102596e+03,1.764705882352941e+00,3584831
4.791731612398859e+03,4.787133543277433e+03,5.882352941176471e-01,3584834
4.793731693520980e+03,4.789655433244384e+03,1.176470588235294e+00,3584835
4.794382582444801e+03,4.792617876562448e+03,5.882352941176471e-01,3584837
4.796679647033496e+03,4.794914941151143e+03,5.882352941176471e-01,3584838
4.797784778892607e+03,4.792490661245548e+03,1.764705882352941e+00,3584836
4.800709972904431e+03,4.795415855257372e+03,1.764705882352941e+00,3584839
4.801314190657313e+03,4.796585339513201e+03,1.176470588235294e+00,3584841
4.801973764680554e+03,4.795426147375095e+03,1.764705882352941e+00,3584840
4.803078896539666e+03,4.797706004058370e+03,5.882352941176471e-01,3584843
4.803738470562907e+03,4.798120768568223e+03,5.882352941176471e-01,3584844
4.805503176445260e+03,4.800113248078702e+03,5.882352941176471e-01,3584846
4.806004090551490e+03,4.797464417170321e+03,1.764705882352941e+00,3584842
4.807267882327613e+03,4.804302739578314e+03,5.882352941176471e-01,3584847
4.808373014186725e+03,4.799675377970210e+03,1.764705882352941e+00,3584845
4.809533502316195e+03,4.805716912467257e+03,1.176470588235294e+00,3584848
4.812659950755834e+03,4.807365833108775e+03,1.764705882352941e+00,3584849
4.813667131833784e+03,4.807595147842998e+03,1.764705882352941e+00,3584850
4.814424656638187e+03,4.812370431814053e+03,5.882352941176471e-01,3584852
4.814827619963254e+03,4.808011180526584e+03,1.764705882352941e+00,3584851
4.817490375518415e+03,4.815725669636062e+03,5.882352941176471e-01,3584854
4.818961249480842e+03,4.812908681711067e+03,1.764705882352941e+00,3584853
4.820023694987167e+03,4.816494283222461e+03,1.176470588235294e+00,3584855
4.824793813347755e+03,4.823029107465402e+03,5.882352941176471e-01,3584857
4.827461139393021e+03,4.822167021745962e+03,1.764705882352941e+00,3584856
4.829116036311632e+03,4.823821918664573e+03,1.764705882352941e+00,3584858
4.829225845275374e+03,4.825532978361719e+03,5.882352941176471e-01,3584860
4.830087930994814e+03,4.824699090058451e+03,1.764705882352941e+00,3584859
4.831852636877167e+03,4.826770376173933e+03,5.882352941176471e-01,3584863
4.833617342759520e+03,4.831172268643979e+03,5.882352941176471e-01,3584864
4.834410153958691e+03,4.825941804939855e+03,1.764705882352941e+00,3584861
4.834519962922433e+03,4.826692852165352e+03,1.764705882352941e+00,3584862
4.835382048641872e+03,4.831242543835201e+03,5.882352941176471e-01,3584865
4.836174859841044e+03,4.832356417386576e+03,5.882352941176471e-01,3584866
4.836284668804786e+03,4.833266626094247e+03,5.882352941176471e-01,3584867
4.847393846150764e+03,4.842099728503705e+03,1.764705882352941e+00,3584868
4.847508232204316e+03,4.842214114557257e+03,1.764705882352941e+00,3584869
4.848188954612728e+03,4.844659542848022e+03,1.176470588235294e+00,3584870
4.849158552033117e+03,4.844874551532479e+03,5.882352941176471e-01,3584871
4.850095204583833e+03,4.848330498701481e+03,5.882352941176471e-01,3584873
4.852687963797823e+03,4.849157249844167e+03,1.176470588235294e+00,3584874
4.852802349851374e+03,4.845729797354820e+03,1.764705882352941e+00,3584872
4.854452669680175e+03,4.850444669389633e+03,5.882352941176471e-01,3584876
4.855389322230892e+03,4.849972732564107e+03,1.764705882352941e+00,3584875
4.856217375562528e+03,4.851218128300051e+03,5.882352941176471e-01,3584878
4.856331761616080e+03,4.851000863569944e+03,1.176470588235294e+00,3584877
4.857154028113245e+03,4.852571152901378e+03,5.882352941176471e-01,3584879
4.857982081444881e+03,4.855216677751853e+03,5.882352941176471e-01,3584880
4.858918733995598e+03,4.856573035818901e+03,5.882352941176471e-01,3584882
4.859780549501032e+03,4.858015843618679e+03,5.882352941176471e-01,3584883
4.860683439877951e+03,4.858326666595182e+03,5.882352941176471e-01,3584884
4.861545255383385e+03,4.858701440935362e+03,5.882352941176471e-01,3584885
4.861817668627965e+03,4.856523550980906e+03,1.764705882352941e+00,3584881
4.864212851642657e+03,4.860120597890216e+03,1.176470588235294e+00,3584886
4.867274861955023e+03,4.861980744307964e+03,1.764705882352941e+00,3584887
4.868355916575235e+03,4.863061798928176e+03,1.764705882352941e+00,3584888
4.869219889826698e+03,4.865690478061992e+03,1.176470588235294e+00,3584889
4.872568979602081e+03,4.866619760770839e+03,1.764705882352941e+00,3584890
4.873004777828924e+03,4.869475366064218e+03,1.176470588235294e+00,3584891
4.875589858549527e+03,4.870295740902468e+03,1.764705882352941e+00,3584892
4.875830975681488e+03,4.874066269799135e+03,5.882352941176471e-01,3584894
4.878668686613890e+03,4.873374568966831e+03,1.764705882352941e+00,3584893
4.880883976196586e+03,4.875397077064804e+03,1.764705882352941e+00,3584895
4.881192919664012e+03,4.875898802016953e+03,1.764705882352941e+00,3584896
4.881428817826821e+03,4.879664111944468e+03,5.882352941176471e-01,3584897
4.883193523709174e+03,4.880528563748302e+03,5.882352941176471e-01,3584900
4.884958229591527e+03,4.882035489878819e+03,5.882352941176471e-01,3584901
4.886178093843645e+03,4.879739860923244e+03,1.764705882352941e+00,3584898
4.886487037311071e+03,4.880514140518307e+03,1.764705882352941e+00,3584899
4.886722935473880e+03,4.883305687930339e+03,5.882352941176471e-01,3584902
4.887942799725998e+03,4.883549379656882e+03,5.882352941176471e-01,3584903
4.888251743193424e+03,4.885081147584902e+03,5.882352941176471e-01,3584904
4.891571010944859e+03,4.889806305062506e+03,5.882352941176471e-01,3584907
4.892017053120939e+03,4.886425267016964e+03,1.764705882352941e+00,3584905
4.893236917373056e+03,4.887112663940033e+03,1.764705882352941e+00,3584906
4.896865128591918e+03,4.891555068126485e+03,1.764705882352941e+00,3584908
4.898243485324820e+03,4.892949367677761e+03,1.764705882352941e+00,3584909
4.899848500482455e+03,4.894554382835396e+03,1.764705882352941e+00,3584910
4.900394540356624e+03,4.894701208539883e+03,1.176470588235294e+00,3584911
4.902883639549371e+03,4.901118933667018e+03,5.882352941176471e-01,3584914
4.903537602971879e+03,4.894972262521581e+03,1.764705882352941e+00,3584912
4.904569714887217e+03,4.901040303122511e+03,1.176470588235294e+00,3584913
4.905302308854232e+03,4.902022668865560e+03,5.882352941176471e-01,3584916
4.908177757196430e+03,4.901964443075930e+03,1.764705882352941e+00,3584915
4.909863832534276e+03,4.903542344085582e+03,1.764705882352941e+00,3584917
4.910596426501290e+03,4.903835027563459e+03,1.764705882352941e+00,3584918
4.912361132383643e+03,4.907365901092528e+03,5.882352941176471e-01,3584921
4.913471874843488e+03,4.903986086252810e+03,1.764705882352941e+00,3584919
4.914125838265996e+03,4.908052883979647e+03,5.882352941176471e-01,3584922
4.915157950181335e+03,4.904453767253069e+03,1.764705882352941e+00,3584920
4.918765992490547e+03,4.908668068312231e+03,1.764705882352941e+00,3584923
4.919419955913055e+03,4.910306676711948e+03,1.764705882352941e+00,3584924
4.920452067828394e+03,4.912041596200868e+03,1.764705882352941e+00,3584925
4.920530698372900e+03,4.912938914575648e+03,5.882352941176471e-01,3584926
4.921184661795408e+03,4.913875354587053e+03,5.882352941176471e-01,3584927
4.922216773710747e+03,4.914103077883351e+03,5.882352941176471e-01,3584928
4.925824816019959e+03,4.915224336810082e+03,1.764705882352941e+00,3584929
4.926478779442467e+03,4.915339929514752e+03,1.764705882352941e+00,3584930
4.927510891357805e+03,4.917369597715648e+03,1.764705882352941e+00,3584931
4.927589521902312e+03,4.917558284928894e+03,5.882352941176471e-01,3584932
4.929275597240158e+03,4.921455193066656e+03,5.882352941176471e-01,3584934
4.931040303122511e+03,4.922823448174417e+03,5.882352941176471e-01,3584936
4.931772897089526e+03,4.920762187478996e+03,1.764705882352941e+00,3584933
4.932883639549371e+03,4.921564149832683e+03,1.764705882352941e+00,3584935
4.933537602971879e+03,4.929998388088718e+03,5.882352941176471e-01,3584938
4.934648345431724e+03,4.930534081600764e+03,5.882352941176471e-01,3584939
4.935302308854232e+03,4.931460323576051e+03,5.882352941176471e-01,3584940
4.936334420769570e+03,4.922854998657434e+03,1.764705882352941e+00,3584937
4.937067014736585e+03,4.932002643734454e+03,5.882352941176471e-01,3584942
4.938177757196430e+03,4.932000645763428e+03,1.176470588235294e+00,3584941
4.939863832534276e+03,4.932686783936760e+03,1.176470588235294e+00,3584943
4.939942463078783e+03,4.935465022196897e+03,5.882352941176471e-01,3584945
4.942361132383643e+03,4.934969527498463e+03,1.764705882352941e+00,3584944
4.944125838265996e+03,4.937586445901660e+03,5.882352941176471e-01,3584948
4.945157950181335e+03,4.937145052159397e+03,1.764705882352941e+00,3584946
4.945236580725841e+03,4.937210829875621e+03,1.764705882352941e+00,3584947
4.947001286608194e+03,4.939331918700064e+03,5.882352941176471e-01,3584951
4.948687361946041e+03,4.938955659209250e+03,1.176470588235294e+00,3584950
4.949419955913055e+03,4.937693519590898e+03,1.764705882352941e+00,3584949
4.950452067828394e+03,4.943195762762793e+03,5.882352941176471e-01,3584953
4.951184661795408e+03,4.946947164905715e+03,5.882352941176471e-01,3584954
4.952216773710747e+03,4.947817690622810e+03,5.882352941176471e-01,3584955
4.952295404255253e+03,4.940405762716661e+03,1.764705882352941e+00,3584952
4.952949367677761e+03,4.949543119643529e+03,5.882352941176471e-01,3584956
4.953981479593100e+03,4.950646275200327e+03,5.882352941176471e-01,3584957
4.954060110137606e+03,4.950934781515535e+03,5.882352941176471e-01,3584958
4.955523385784518e+03,4.953758679902165e+03,5.882352941176471e-01,3584959
4.965613950018970e+03,4.963849244136617e+03,5.882352941176471e-01,3584961
4.965786785595566e+03,4.960492667948507e+03,1.764705882352941e+00,3584960
4.966604974320672e+03,4.964840268438319e+03,5.882352941176471e-01,3584962
4.967378655901323e+03,4.964851173010991e+03,5.882352941176471e-01,3584963
4.968830703735098e+03,4.967065997852745e+03,5.882352941176471e-01,3584964
4.972986658256170e+03,4.971221952373817e+03,5.882352941176471e-01,3584967
4.973795992821059e+03,4.968501875174001e+03,1.764705882352941e+00,3584965
4.974021829731467e+03,4.968727712084408e+03,1.764705882352941e+00,3584966
4.979695142158301e+03,4.977930436275948e+03,5.882352941176471e-01,3584969
4.981616301771678e+03,4.976322184124620e+03,1.764705882352941e+00,3584968
4.981688652053892e+03,4.978159240289186e+03,1.176470588235294e+00,3584970
4.983147909718669e+03,4.981383203836316e+03,5.882352941176471e-01,3584971
4.986954040721001e+03,4.981659923073942e+03,1.764705882352941e+00,3584972
4.987163678908208e+03,4.985398973025855e+03,5.882352941176471e-01,3584974
4.987340441289004e+03,4.982046323641945e+03,1.764705882352941e+00,3584973
4.988718746603354e+03,4.986385099188943e+03,5.882352941176471e-01,3584975
4.988928384790561e+03,4.987091037564916e+03,5.882352941176471e-01,3584976
4.992939421311607e+03,4.991174715429254e+03,5.882352941176471e-01,3584978
4.993197596216066e+03,4.989668184451360e+03,1.176470588235294e+00,3584977
4.999217076745228e+03,4.997452370862875e+03,5.882352941176471e-01,3584980
4.999808394019236e+03,4.996278982254530e+03,1.176470588235294e+00,3584979
5.002772259083678e+03,5.001007553201325e+03,5.882352941176471e-01,3584981
5.004778480325291e+03,5.001249068560585e+03,1.176470588235294e+00,3584982
5.008077141751533e+03,5.006312435869180e+03,5.882352941176471e-01,3584984
5.008571889650553e+03,5.003277772003494e+03,1.764705882352941e+00,3584983
5.013022587846305e+03,5.007728470199246e+03,1.764705882352941e+00,3584985
5.015529506985869e+03,5.012000095221163e+03,1.176470588235294e+00,3584986
5.016279930767397e+03,5.012750519002691e+03,1.176470588235294e+00,3584987
5.016921535181470e+03,5.015156829299117e+03,5.882352941176471e-01,3584988
5.020431211812676e+03,5.018666505930324e+03,5.882352941176471e-01,3584989
5.022555781819399e+03,5.020791075937046e+03,5.882352941176471e-01,3584992
5.024320487701752e+03,5.021071789545805e+03,5.882352941176471e-01,3584993
5.024353684759706e+03,5.019059567112647e+03,1.764705882352941e+00,3584990
5.024920480436317e+03,5.019626362789258e+03,1.764705882352941e+00,3584991
5.026085193584105e+03,5.023343428269743e+03,5.882352941176471e-01,3584994
5.026118390642059e+03,5.023676462478391e+03,5.882352941176471e-01,3584995
5.030214598083376e+03,5.024789325787203e+03,1.764705882352941e+00,3584996
5.036051350282100e+03,5.030757232635041e+03,1.764705882352941e+00,3584997
5.036471391157841e+03,5.031177273510782e+03,1.764705882352941e+00,3584998
5.037697433847038e+03,5.032403316199979e+03,1.764705882352941e+00,3584999
5.037816056164453e+03,5.035361733090816e+03,5.882352941176471e-01,3585000
5.038346307602858e+03,5.036581601720505e+03,5.882352941176471e-01,3585001
5.039580762046806e+03,5.037106998437782e+03,5.882352941176471e-01,3585003
5.041345467929158e+03,5.039329575766286e+03,5.882352941176471e-01,3585005
5.042991551494097e+03,5.036778828138947e+03,1.764705882352941e+00,3585002
5.043110173811511e+03,5.039403603366508e+03,5.882352941176471e-01,3585006
5.043680585167647e+03,5.038386467520588e+03,1.764705882352941e+00,3585004
5.045944877402509e+03,5.044180171520156e+03,5.882352941176471e-01,3585009
5.046769884350440e+03,5.043240472585734e+03,1.176470588235294e+00,3585008
5.048285669141156e+03,5.040491194365796e+03,1.764705882352941e+00,3585007
5.048534590232793e+03,5.045919965525273e+03,5.882352941176471e-01,3585011
5.050299296115146e+03,5.048494869722963e+03,5.882352941176471e-01,3585013
5.051238995049568e+03,5.044802433184507e+03,1.764705882352941e+00,3585010
5.051815080905862e+03,5.046883689856793e+03,1.176470588235294e+00,3585012
5.053407628803044e+03,5.051642922920691e+03,5.882352941176471e-01,3585015
5.055096498112772e+03,5.053331792230419e+03,5.882352941176471e-01,3585016
5.055593413762205e+03,5.048933405466237e+03,1.764705882352941e+00,3585014
5.058800842283177e+03,5.055271430518471e+03,1.176470588235294e+00,3585018
5.059080414258035e+03,5.053786296610976e+03,1.764705882352941e+00,3585017
5.060845120140388e+03,5.058584273821754e+03,5.882352941176471e-01,3585021
5.061488758958657e+03,5.056194641311599e+03,1.764705882352941e+00,3585019
5.062609826022741e+03,5.058732426375233e+03,5.882352941176471e-01,3585022
5.064094959930236e+03,5.057531070657581e+03,1.764705882352941e+00,3585020
5.065192168585881e+03,5.063427462703528e+03,5.882352941176471e-01,3585023
5.068222996337291e+03,5.066458290454938e+03,5.882352941176471e-01,3585026
5.069987702219644e+03,5.067418071072786e+03,5.882352941176471e-01,3585027
5.070729657234819e+03,5.065435539587760e+03,1.764705882352941e+00,3585024
5.071031733521439e+03,5.065737615874381e+03,1.764705882352941e+00,3585025
5.071752408101997e+03,5.068119576174327e+03,5.882352941176471e-01,3585028
5.075354785895046e+03,5.073590080012693e+03,5.882352941176471e-01,3585030
5.076895497164724e+03,5.071601379517665e+03,1.764705882352941e+00,3585029
5.077986659703532e+03,5.076221953821179e+03,5.882352941176471e-01,3585031
5.078675380374979e+03,5.076910674492626e+03,5.882352941176471e-01,3585032
5.079751365585885e+03,5.077272890254886e+03,5.882352941176471e-01,3585034
5.081757975957939e+03,5.079993270075586e+03,5.882352941176471e-01,3585035
5.082498350885584e+03,5.077204233238525e+03,1.764705882352941e+00,3585033
5.084159956794358e+03,5.080630545029652e+03,1.176470588235294e+00,3585036
5.085287387722645e+03,5.081202954432117e+03,1.176470588235294e+00,3585037
5.085787663130039e+03,5.084022957247686e+03,5.882352941176471e-01,3585038
5.087689368559064e+03,5.084080186150815e+03,1.176470588235294e+00,3585039
5.089454074441417e+03,5.086064621798809e+03,5.882352941176471e-01,3585042
5.090581505369703e+03,5.085161755112237e+03,1.764705882352941e+00,3585040
5.091135846093074e+03,5.085841728446015e+03,1.764705882352941e+00,3585041
5.091218780323770e+03,5.086519811763882e+03,5.882352941176471e-01,3585043
5.092346211252056e+03,5.087159557348678e+03,5.882352941176471e-01,3585044
5.092900551975427e+03,5.090429392802643e+03,5.882352941176471e-01,3585045
5.092983486206123e+03,5.090836389997039e+03,5.882352941176471e-01,3585046
5.094922124810338e+03,5.093157418927985e+03,5.882352941176471e-01,3585048
5.096220838834944e+03,5.094456132952591e+03,5.882352941176471e-01,3585049
5.096239718085118e+03,5.092710306320412e+03,1.176470588235294e+00,3585047
5.096686830692691e+03,5.094821196109147e+03,5.882352941176471e-01,3585050
5.097985544717297e+03,5.095311402476964e+03,5.882352941176471e-01,3585051
5.098718024598008e+03,5.096953318715656e+03,5.882352941176471e-01,3585052
5.108116073778060e+03,5.102821956131001e+03,1.764705882352941e+00,3585053
5.110004943144173e+03,5.108240237261820e+03,5.882352941176471e-01,3585054
5.110481083224167e+03,5.108716377341815e+03,5.882352941176471e-01,3585055
5.111993234041726e+03,5.110228528159373e+03,5.882352941176471e-01,3585057
5.112324273098569e+03,5.110559567216216e+03,5.882352941176471e-01,3585058
5.114633353863004e+03,5.112868647980651e+03,5.882352941176471e-01,3585059
5.114861121752939e+03,5.109567004105881e+03,1.764705882352941e+00,3585056
5.116275663223498e+03,5.114510957341145e+03,5.882352941176471e-01,3585060
5.116619809690196e+03,5.114855103807843e+03,5.882352941176471e-01,3585061
5.120319486940995e+03,5.118554781058642e+03,5.882352941176471e-01,3585063
5.121479583692061e+03,5.116185466045002e+03,1.764705882352941e+00,3585062
5.122451771833611e+03,5.120687065951258e+03,5.882352941176471e-01,3585064
5.127639876876482e+03,5.125875170994129e+03,5.882352941176471e-01,3585065
5.129071424744507e+03,5.127306718862154e+03,5.882352941176471e-01,3585066
5.130484106100736e+03,5.128719400218384e+03,5.882352941176471e-01,3585068
5.132703960647129e+03,5.130939254764776e+03,5.882352941176471e-01,3585069
5.133232263659504e+03,5.131467557777151e+03,5.882352941176471e-01,3585070
5.133561267486538e+03,5.128267149839480e+03,1.764705882352941e+00,3585067
5.134468666529482e+03,5.132648738144298e+03,5.882352941176471e-01,3585071
5.134996969541857e+03,5.133050680516403e+03,5.882352941176471e-01,3585072
5.136757237512930e+03,5.134992531630577e+03,5.882352941176471e-01,3585073
5.137654827539113e+03,5.135890121656760e+03,5.882352941176471e-01,3585074
5.138005542348115e+03,5.136240836465763e+03,5.882352941176471e-01,3585075
5.144635964452503e+03,5.139341846805444e+03,1.764705882352941e+00,3585076
5.147002531733522e+03,5.141708414086463e+03,1.764705882352941e+00,3585077
5.148105785958134e+03,5.142811668311075e+03,1.764705882352941e+00,3585078
5.148767237615875e+03,5.143353268740900e+03,5.882352941176471e-01,3585080
5.149870491840487e+03,5.143530827132205e+03,5.882352941176471e-01,3585081
5.149930082099562e+03,5.142971795498596e+03,1.764705882352941e+00,3585079
5.151694787981915e+03,5.146688630942281e+03,5.882352941176471e-01,3585084
5.152296649380580e+03,5.143854729033726e+03,1.176470588235294e+00,3585082
5.154061355262933e+03,5.147545492358775e+03,5.882352941176471e-01,3585086
5.155164609487546e+03,5.146683338393455e+03,1.764705882352941e+00,3585083
5.155224199746620e+03,5.147021922005256e+03,1.176470588235294e+00,3585085
5.155826061145286e+03,5.152163638901340e+03,5.882352941176471e-01,3585087
5.159486930091618e+03,5.157722224209265e+03,5.882352941176471e-01,3585090
5.160458727134604e+03,5.152225596354833e+03,1.764705882352941e+00,3585088
5.162276393214287e+03,5.156982275567229e+03,1.764705882352941e+00,3585089
5.164041099096640e+03,5.161144401109408e+03,5.882352941176471e-01,3585093
5.164781047738677e+03,5.157908757148534e+03,1.764705882352941e+00,3585091
5.165752844781663e+03,5.159594701768224e+03,1.764705882352941e+00,3585092
5.165805804978993e+03,5.163699089918289e+03,5.882352941176471e-01,3585094
5.167860805716149e+03,5.166096099833796e+03,5.882352941176471e-01,3585095
5.168990687744332e+03,5.167225981861979e+03,5.882352941176471e-01,3585096
5.170338513798584e+03,5.168573807916232e+03,5.882352941176471e-01,3585098
5.173089804826356e+03,5.167795687179297e+03,1.764705882352941e+00,3585097
5.174652626405132e+03,5.169358508758074e+03,1.764705882352941e+00,3585099
5.174854510708709e+03,5.170415445593570e+03,5.882352941176471e-01,3585101
5.175632631445643e+03,5.169469402281098e+03,1.764705882352941e+00,3585100
5.178992806424538e+03,5.177228100542185e+03,5.882352941176471e-01,3585102
5.179430555190629e+03,5.177665849308276e+03,5.882352941176471e-01,3585103
5.180472193416624e+03,5.178707487534271e+03,5.882352941176471e-01,3585104
5.183378611864007e+03,5.181613905981654e+03,5.882352941176471e-01,3585105
5.184891404855053e+03,5.183126698972700e+03,5.882352941176471e-01,3585106
5.185114678577094e+03,5.183349972694741e+03,5.882352941176471e-01,3585107
5.188244373768372e+03,5.186479667886019e+03,5.882352941176471e-01,3585109
5.189281663065396e+03,5.183987545418338e+03,1.764705882352941e+00,3585108
5.190734235417303e+03,5.188969529534950e+03,5.882352941176471e-01,3585110
5.190877673638923e+03,5.189112967756570e+03,5.882352941176471e-01,3585111
5.193441632683780e+03,5.191676926801427e+03,5.882352941176471e-01,3585113
5.195768887597286e+03,5.190474769950227e+03,1.764705882352941e+00,3585112
5.197392242354322e+03,5.192098124707263e+03,1.764705882352941e+00,3585114
5.202517722233973e+03,5.200753016351620e+03,5.882352941176471e-01,3585115
5.207493966102968e+03,5.205729260220616e+03,5.882352941176471e-01,3585116
5.212866413127955e+03,5.211101707245602e+03,5.882352941176471e-01,3585117
5.213919039252796e+03,5.212154333370443e+03,5.882352941176471e-01,3585118
5.217011124038878e+03,5.215246418156525e+03,5.882352941176471e-01,3585119
5.218466926242444e+03,5.216702220360091e+03,5.882352941176471e-01,3585120
5.221688359420169e+03,5.219923653537816e+03,5.882352941176471e-01,3585121
5.225033861771899e+03,5.223269155889546e+03,5.882352941176471e-01,3585122
5.226606500548089e+03,5.224841794665736e+03,5.882352941176471e-01,3585123
5.230263680627639e+03,5.228498974745286e+03,5.882352941176471e-01,3585125
5.230657241844990e+03,5.225363124197931e+03,1.764705882352941e+00,3585124
5.230781029293784e+03,5.229016323411431e+03,5.882352941176471e-01,3585126
5.232028386509992e+03,5.229699798111174e+03,5.882352941176471e-01,3585127
5.234102698130894e+03,5.232337992248541e+03,5.882352941176471e-01,3585128
5.235549667336121e+03,5.233784961453768e+03,5.882352941176471e-01,3585129
5.236811420168144e+03,5.235046714285791e+03,5.882352941176471e-01,3585130
5.237121538065535e+03,5.235356832183182e+03,5.882352941176471e-01,3585131
5.238576126050497e+03,5.235936914252045e+03,5.882352941176471e-01,3585133
5.240939143589469e+03,5.235645025942411e+03,1.764705882352941e+00,3585132
5.242415655712594e+03,5.236699029893637e+03,1.764705882352941e+00,3585134
5.243880946356594e+03,5.238586828709536e+03,1.764705882352941e+00,3585135
5.246503716783217e+03,5.244739010900864e+03,5.882352941176471e-01,3585136
5.250483927388688e+03,5.248719221506335e+03,5.882352941176471e-01,3585137
5.255581357596888e+03,5.250287239949829e+03,1.764705882352941e+00,3585138
5.258059528692565e+03,5.256294822810212e+03,5.882352941176471e-01,3585139
5.262941285938027e+03,5.261176580055674e+03,5.882352941176471e-01,3585141
5.263223558119244e+03,5.257929440472185e+03,1.764705882352941e+00,3585140
5.263872221491819e+03,5.262107515609466e+03,5.882352941176471e-01,3585142
5.265467714815691e+03,5.263703008933338e+03,5.882352941176471e-01,3585143
5.266308589325018e+03,5.264543883442665e+03,5.882352941176471e-01,3585144
5.269655178310141e+03,5.267890472427788e+03,5.882352941176471e-01,3585145
5.272898008862695e+03,5.271133302980342e+03,5.882352941176471e-01,3585147
5.274921472746909e+03,5.273156766864556e+03,5.882352941176471e-01,3585148
5.276261487511374e+03,5.270967369864316e+03,1.764705882352941e+00,3585146
5.277801726864291e+03,5.276037020981938e+03,5.882352941176471e-01,3585149
5.279592439436655e+03,5.277827733554302e+03,5.882352941176471e-01,3585150
5.281999918525051e+03,5.278470506760346e+03,1.176470588235294e+00,3585151
5.285842213820761e+03,5.280548096173702e+03,1.764705882352941e+00,3585152
5.286221478061382e+03,5.284456772179029e+03,5.882352941176471e-01,3585153
5.291506492491362e+03,5.289741786609009e+03,5.882352941176471e-01,3585155
5.292421348791199e+03,5.288891937026493e+03,1.176470588235294e+00,3585154
5.293271198373715e+03,5.290628750335627e+03,5.882352941176471e-01,3585157
5.295671799107147e+03,5.290377681460088e+03,1.764705882352941e+00,3585156
5.296638485306472e+03,5.294873779424119e+03,5.882352941176471e-01,3585159
5.297715466438258e+03,5.291253612705996e+03,1.764705882352941e+00,3585158
5.300822515906863e+03,5.299057810024510e+03,5.882352941176471e-01,3585161
5.300923963837742e+03,5.299159257955389e+03,5.882352941176471e-01,3585162
5.303163163289162e+03,5.297869045642103e+03,1.764705882352941e+00,3585160
5.303241248545125e+03,5.301476542662772e+03,5.882352941176471e-01,3585163
5.304365184021512e+03,5.302600478139159e+03,5.882352941176471e-01,3585164
5.307949100355598e+03,5.304419688590892e+03,1.176470588235294e+00,3585165
5.309364682917397e+03,5.305835271152691e+03,1.176470588235294e+00,3585167
5.310693400828564e+03,5.308928694946211e+03,5.882352941176471e-01,3585168
5.310926843246144e+03,5.305632725599085e+03,1.764705882352941e+00,3585166
5.314322717191243e+03,5.312558011308890e+03,5.882352941176471e-01,3585170
5.317025902990251e+03,5.315261197107899e+03,5.882352941176471e-01,3585172
5.317812668678339e+03,5.312518551031281e+03,1.764705882352941e+00,3585169
5.319018126124829e+03,5.313724008477771e+03,1.764705882352941e+00,3585171
5.319577374560692e+03,5.317581139520584e+03,5.882352941176471e-01,3585174
5.320555314754957e+03,5.316624704805425e+03,1.176470588235294e+00,3585173
5.321411077122412e+03,5.319646371240059e+03,5.882352941176471e-01,3585175
5.321917531991428e+03,5.320152826109075e+03,5.882352941176471e-01,3585176
5.324252534980635e+03,5.320723123215929e+03,1.176470588235294e+00,3585177
5.324281023494260e+03,5.322516317611907e+03,5.882352941176471e-01,3585178
5.326017240862988e+03,5.323409556653145e+03,5.882352941176471e-01,3585180
5.326045729376613e+03,5.323928075487779e+03,5.882352941176471e-01,3585181
5.328112356651544e+03,5.322818239004485e+03,1.764705882352941e+00,3585179
5.329085955367308e+03,5.327321249484955e+03,5.882352941176471e-01,3585183
5.331733303425377e+03,5.326439185778318e+03,1.764705882352941e+00,3585182
5.332936140970130e+03,5.331171435087777e+03,5.882352941176471e-01,3585185
5.334700846852483e+03,5.332478625650139e+03,5.882352941176471e-01,3585187
5.336185406148831e+03,5.330891288501772e+03,1.764705882352941e+00,3585184
5.337348345880315e+03,5.332054228233256e+03,1.764705882352941e+00,3585186
5.340025207122189e+03,5.334731089475131e+03,1.764705882352941e+00,3585188
5.340877757645021e+03,5.336996189572161e+03,1.176470588235294e+00,3585190
5.341479523795889e+03,5.335439218839469e+03,1.764705882352941e+00,3585189
5.341789913004542e+03,5.339583717422935e+03,5.882352941176471e-01,3585191
5.343861871561491e+03,5.342097165679138e+03,5.882352941176471e-01,3585194
5.344431866452619e+03,5.340902454687914e+03,1.176470588235294e+00,3585192
5.346773641442948e+03,5.341084804782972e+03,1.764705882352941e+00,3585193
5.351183411350972e+03,5.349418705468619e+03,5.882352941176471e-01,3585195
5.353546968582791e+03,5.351782262700439e+03,5.882352941176471e-01,3585196
5.357598861510976e+03,5.352304743863917e+03,1.764705882352941e+00,3585197
5.362455392887770e+03,5.357161275240711e+03,1.764705882352941e+00,3585198
5.372775390534714e+03,5.371010684652362e+03,5.882352941176471e-01,3585201
5.373897803465790e+03,5.368603685818731e+03,1.764705882352941e+00,3585199
5.374540096417067e+03,5.372199357496308e+03,5.882352941176471e-01,3585202
5.375080544406460e+03,5.369786426759401e+03,1.764705882352941e+00,3585200
5.375662509348143e+03,5.372753885529682e+03,5.882352941176471e-01,3585203
5.376845250288813e+03,5.373256905520404e+03,5.882352941176471e-01,3585205
5.377831340571168e+03,5.376066634688815e+03,5.882352941176471e-01,3585206
5.379834214064126e+03,5.373146463285670e+03,1.764705882352941e+00,3585204
5.381494874514732e+03,5.379730168632380e+03,5.882352941176471e-01,3585208
5.381832269472406e+03,5.380067563590053e+03,5.882352941176471e-01,3585209
5.383806464268982e+03,5.378512346621923e+03,1.764705882352941e+00,3585207
5.386788992161791e+03,5.381290644873158e+03,1.764705882352941e+00,3585210
5.389137063006372e+03,5.387372357124019e+03,5.882352941176471e-01,3585211
5.389650032880132e+03,5.387885326997779e+03,5.882352941176471e-01,3585212
5.390901768888725e+03,5.388828101065994e+03,5.882352941176471e-01,3585214
5.392053988644047e+03,5.388524576879341e+03,1.176470588235294e+00,3585213
5.392666474771078e+03,5.390871170703383e+03,5.882352941176471e-01,3585216
5.394995837097789e+03,5.389701719450730e+03,1.764705882352941e+00,3585215
5.397483936304978e+03,5.395719230422625e+03,5.882352941176471e-01,3585219
5.397695414214358e+03,5.394166002449652e+03,1.176470588235294e+00,3585217
5.399248642187331e+03,5.397346311941578e+03,5.882352941176471e-01,3585220
5.399904638141690e+03,5.394610520494631e+03,1.764705882352941e+00,3585218
5.401424682244015e+03,5.399659976361662e+03,5.882352941176471e-01,3585221
5.402317420582431e+03,5.400552714700078e+03,5.882352941176471e-01,3585222
5.404508853833069e+03,5.402744147950717e+03,5.882352941176471e-01,3585223
5.409809212683478e+03,5.408044506801125e+03,5.882352941176471e-01,3585225
5.411265774285921e+03,5.405971656638862e+03,1.764705882352941e+00,3585224
5.416247939190391e+03,5.414483233308038e+03,5.882352941176471e-01,3585228
5.416327786606398e+03,5.412798374841692e+03,1.176470588235294e+00,3585226
5.418138136147136e+03,5.416373430264783e+03,5.882352941176471e-01,3585229
5.418495008951394e+03,5.416730303069041e+03,5.882352941176471e-01,3585230
5.418540138525850e+03,5.413246020878791e+03,1.764705882352941e+00,3585227
5.421021487052029e+03,5.419256781169676e+03,5.882352941176471e-01,3585231
5.422125356085586e+03,5.420360650203233e+03,5.882352941176471e-01,3585232
5.424032044685871e+03,5.422267338803518e+03,5.882352941176471e-01,3585233
5.426231806885671e+03,5.424467101003318e+03,5.882352941176471e-01,3585235
5.428401625259216e+03,5.426636919376863e+03,5.882352941176471e-01,3585237
5.428483244407493e+03,5.423189126760434e+03,1.764705882352941e+00,3585234
5.429946567865598e+03,5.424652450218539e+03,1.764705882352941e+00,3585236
5.433233612381047e+03,5.431468906498694e+03,5.882352941176471e-01,3585240
5.433695742906275e+03,5.427843076635662e+03,1.764705882352941e+00,3585238
5.434998318263400e+03,5.432390712858411e+03,5.882352941176471e-01,3585241
5.435460448788628e+03,5.433127019848997e+03,5.882352941176471e-01,3585242
5.435961703335809e+03,5.430667585688750e+03,1.764705882352941e+00,3585239
5.436763024145753e+03,5.434171062804984e+03,5.882352941176471e-01,3585243
5.438435741932089e+03,5.436671036049736e+03,5.882352941176471e-01,3585244
5.438696057520095e+03,5.436931351637742e+03,5.882352941176471e-01,3585245
5.438863778640634e+03,5.437099072758281e+03,5.882352941176471e-01,3585246
5.440460763402448e+03,5.438269107243608e+03,5.882352941176471e-01,3585248
5.441763941738407e+03,5.439999235856054e+03,5.882352941176471e-01,3585249
5.441965153696795e+03,5.437469913707166e+03,1.176470588235294e+00,3585247
5.442595822368691e+03,5.440831116486338e+03,5.882352941176471e-01,3585250
5.449905847167282e+03,5.444611729520223e+03,1.764705882352941e+00,3585251
5.450666974670576e+03,5.447137562905870e+03,1.176470588235294e+00,3585252
5.450896634673114e+03,5.449131928790761e+03,5.882352941176471e-01,3585253
5.451670553049635e+03,5.449214760643524e+03,5.882352941176471e-01,3585254
5.452431680552929e+03,5.449297966507856e+03,5.882352941176471e-01,3585255
5.456479341072776e+03,5.451185223425717e+03,1.764705882352941e+00,3585256
5.458499918647658e+03,5.453205801000599e+03,1.764705882352941e+00,3585257
5.458549275208221e+03,5.455019863443515e+03,1.176470588235294e+00,3585258
5.459912788851710e+03,5.458148082969357e+03,5.882352941176471e-01,3585259
5.461891508806262e+03,5.460126802923909e+03,5.882352941176471e-01,3585261
5.464497127917706e+03,5.459203010270648e+03,1.764705882352941e+00,3585260
5.468884015512268e+03,5.467119309629915e+03,5.882352941176471e-01,3585263
5.471715059055697e+03,5.466420941408638e+03,1.764705882352941e+00,3585262
5.475739552780456e+03,5.473974846898103e+03,5.882352941176471e-01,3585264
5.478727276210588e+03,5.476962570328235e+03,5.882352941176471e-01,3585265
5.481526087854142e+03,5.477996676089436e+03,1.176470588235294e+00,3585266
5.483072976091685e+03,5.479543564326979e+03,1.176470588235294e+00,3585267
5.486777586127098e+03,5.485012880244745e+03,5.882352941176471e-01,3585268
5.487724178848523e+03,5.485959472966170e+03,5.882352941176471e-01,3585270
5.488542292009451e+03,5.486072061324102e+03,5.882352941176471e-01,3585271
5.489488884730876e+03,5.486953204269676e+03,5.882352941176471e-01,3585272
5.490433908951098e+03,5.485139791304039e+03,1.764705882352941e+00,3585269
5.492461423122644e+03,5.490696717240291e+03,5.882352941176471e-01,3585273
5.493704981500529e+03,5.491940275618176e+03,5.882352941176471e-01,3585274
5.497479962837335e+03,5.495715256954982e+03,5.882352941176471e-01,3585275
5.500079824941666e+03,5.498315119059313e+03,5.882352941176471e-01,3585276
5.503797809619367e+03,5.502033103737014e+03,5.882352941176471e-01,3585277
5.504030551468218e+03,5.502265845585865e+03,5.882352941176471e-01,3585278
5.504733211689082e+03,5.502968505806729e+03,5.882352941176471e-01,3585279
5.506209724765492e+03,5.504445018883139e+03,5.882352941176471e-01,3585281
5.507958429154098e+03,5.504429017389392e+03,1.176470588235294e+00,3585280
5.509552623979408e+03,5.507787918097055e+03,5.882352941176471e-01,3585282
5.510295707885258e+03,5.508531002002905e+03,5.882352941176471e-01,3585283
5.511706991707221e+03,5.509942285824868e+03,5.882352941176471e-01,3585285
5.513471697589574e+03,5.510564731845567e+03,5.882352941176471e-01,3585287
5.514634689000312e+03,5.509340571353253e+03,1.764705882352941e+00,3585284
5.515682782391510e+03,5.510388664744451e+03,1.764705882352941e+00,3585286
5.516399394882665e+03,5.511801346249363e+03,5.882352941176471e-01,3585289
5.517447488273863e+03,5.513934374882754e+03,5.882352941176471e-01,3585290
5.518765815236633e+03,5.510814294222065e+03,1.764705882352941e+00,3585288
5.520530521118986e+03,5.515405327207770e+03,5.882352941176471e-01,3585293
5.521693512529724e+03,5.514525108754560e+03,1.764705882352941e+00,3585291
5.522295227001338e+03,5.516672157327864e+03,5.882352941176471e-01,3585294
5.522741605920921e+03,5.514955947461756e+03,1.764705882352941e+00,3585292
5.524059932883691e+03,5.517050544354341e+03,5.882352941176471e-01,3585296
5.525824638766044e+03,5.519311328930555e+03,5.882352941176471e-01,3585298
5.526271017685627e+03,5.518114668494141e+03,1.176470588235294e+00,3585297
5.526987630176783e+03,5.516825845049105e+03,1.764705882352941e+00,3585295
5.527589344648397e+03,5.519753731515403e+03,5.882352941176471e-01,3585299
5.528035723567980e+03,5.522244485264750e+03,5.882352941176471e-01,3585300
5.529354050530750e+03,5.523529815513392e+03,5.882352941176471e-01,3585302
5.529800429450333e+03,5.523919385347804e+03,5.882352941176471e-01,3585303
5.531118756413103e+03,5.524150740180034e+03,5.882352941176471e-01,3585304
5.531565135332686e+03,5.524339699473776e+03,5.882352941176471e-01,3585305
5.532281747823841e+03,5.522849095916127e+03,1.764705882352941e+00,3585301
5.532883462295456e+03,5.526348327481161e+03,5.882352941176471e-01,3585306
5.533329841215039e+03,5.527028295054650e+03,5.882352941176471e-01,3585307
5.534648168177809e+03,5.530992346243542e+03,5.882352941176471e-01,3585309
5.535094547097392e+03,5.531218464481350e+03,5.882352941176471e-01,3585310
5.536412874060162e+03,5.531269497959442e+03,5.882352941176471e-01,3585311
5.537575865470900e+03,5.528335455866802e+03,1.764705882352941e+00,3585308
5.538177579942515e+03,5.533383503763834e+03,5.882352941176471e-01,3585313
5.538623958862098e+03,5.531478798693998e+03,1.176470588235294e+00,3585312
5.539942285824868e+03,5.535192276763079e+03,5.882352941176471e-01,3585315
5.542460814340896e+03,5.540696108458543e+03,5.882352941176471e-01,3585317
5.542869983117959e+03,5.534099415573937e+03,1.764705882352941e+00,3585314
5.543918076509157e+03,5.538062160538832e+03,1.764705882352941e+00,3585316
5.544319959706261e+03,5.542555253823908e+03,5.882352941176471e-01,3585318
5.549927248301735e+03,5.546397836537030e+03,1.176470588235294e+00,3585320
5.549939100025049e+03,5.546409688260344e+03,1.176470588235294e+00,3585321
5.550726883032839e+03,5.545432765385780e+03,1.764705882352941e+00,3585319
5.551691954184088e+03,5.549370924925824e+03,5.882352941176471e-01,3585322
5.553838259464643e+03,5.552073553582290e+03,5.882352941176471e-01,3585324
5.555538280299017e+03,5.550244162651958e+03,1.764705882352941e+00,3585323
5.557505173165549e+03,5.555740467283196e+03,5.882352941176471e-01,3585325
5.562994731303206e+03,5.561230025420853e+03,5.882352941176471e-01,3585327
5.565527283781134e+03,5.560233166134075e+03,1.764705882352941e+00,3585326
5.566004949426179e+03,5.564240243543826e+03,5.882352941176471e-01,3585329
5.567291989663487e+03,5.565130494585826e+03,5.882352941176471e-01,3585330
5.568078998055057e+03,5.562784880407998e+03,1.764705882352941e+00,3585328
5.570921223003915e+03,5.569156517121562e+03,5.882352941176471e-01,3585331
5.571247402769285e+03,5.569482696886932e+03,5.882352941176471e-01,3585332
5.572098780968601e+03,5.570334075086248e+03,5.882352941176471e-01,3585333
5.572736941874102e+03,5.570972235991749e+03,5.882352941176471e-01,3585334
5.574193150662122e+03,5.572428444779769e+03,5.882352941176471e-01,3585335
5.576173192981447e+03,5.574408487099095e+03,5.882352941176471e-01,3585336
5.579018753436004e+03,5.577254047553651e+03,5.882352941176471e-01,3585337
5.579099626922787e+03,5.577334921040434e+03,5.882352941176471e-01,3585338
5.581960686665478e+03,5.580195980783125e+03,5.882352941176471e-01,3585340
5.584943883274100e+03,5.579649765627041e+03,1.764705882352941e+00,3585339
5.586525241610894e+03,5.581231123963835e+03,1.764705882352941e+00,3585341
5.588289947493247e+03,5.584996349581491e+03,5.882352941176471e-01,3585344
5.588473295038806e+03,5.584902775393326e+03,1.176470588235294e+00,3585343
5.588834811965252e+03,5.583540694318193e+03,1.764705882352941e+00,3585342
5.592002706803512e+03,5.586634656100900e+03,1.176470588235294e+00,3585346
5.593584065140306e+03,5.586202466809606e+03,1.764705882352941e+00,3585345
5.593767412685865e+03,5.588342123466230e+03,5.882352941176471e-01,3585348
5.594128929612311e+03,5.586673930529496e+03,1.764705882352941e+00,3585347
5.595532118568218e+03,5.589420668981137e+03,5.882352941176471e-01,3585350
5.597296824450571e+03,5.593007101883369e+03,5.882352941176471e-01,3585352
5.598878182787364e+03,5.588939860208442e+03,1.764705882352941e+00,3585349
5.599061530332924e+03,5.593342426547337e+03,5.882352941176471e-01,3585353
5.599423047259370e+03,5.592365128992809e+03,1.764705882352941e+00,3585351
5.600642888669717e+03,5.593884038179296e+03,5.882352941176471e-01,3585354
5.600826236215276e+03,5.594117355546615e+03,5.882352941176471e-01,3585355
5.601187753141723e+03,5.594593182975200e+03,5.882352941176471e-01,3585356
5.602590942097629e+03,5.598667970154504e+03,5.882352941176471e-01,3585358
5.602952459024076e+03,5.599101528660785e+03,5.882352941176471e-01,3585359
5.604355647979982e+03,5.599901656748200e+03,5.882352941176471e-01,3585360
5.605937006316776e+03,5.598093233444253e+03,1.764705882352941e+00,3585357
5.606756695104588e+03,5.604991989222235e+03,5.882352941176471e-01,3585361
5.610636173310648e+03,5.608871467428295e+03,5.882352941176471e-01,3585362
5.615681336439862e+03,5.613916630557509e+03,5.882352941176471e-01,3585363
5.617964050456960e+03,5.616199344574607e+03,5.882352941176471e-01,3585365
5.620705038329419e+03,5.615410920682360e+03,1.764705882352941e+00,3585364
5.623368449159157e+03,5.621603743276804e+03,5.882352941176471e-01,3585366
5.626944920653548e+03,5.621650803006490e+03,1.764705882352941e+00,3585367
5.627390595837498e+03,5.625625889955145e+03,5.882352941176471e-01,3585369
5.628746758289219e+03,5.625217346524513e+03,1.176470588235294e+00,3585368
5.630759596220813e+03,5.628994890338460e+03,5.882352941176471e-01,3585372
5.632524302103166e+03,5.629399336058353e+03,5.882352941176471e-01,3585373
5.633974429998492e+03,5.628680312351434e+03,1.764705882352941e+00,3585370
5.634030142017768e+03,5.628736024370709e+03,1.764705882352941e+00,3585371
5.635739135880845e+03,5.630006898495508e+03,5.882352941176471e-01,3585375
5.635794847900121e+03,5.630104578997089e+03,5.882352941176471e-01,3585376
5.637559553782474e+03,5.632633407114040e+03,5.882352941176471e-01,3585378
5.637818419750225e+03,5.629925893314341e+03,1.764705882352941e+00,3585374
5.639324259664826e+03,5.633249955905039e+03,5.882352941176471e-01,3585379
5.641033253527904e+03,5.631255241828995e+03,1.764705882352941e+00,3585377
5.643112537397284e+03,5.633954010887059e+03,1.764705882352941e+00,3585380
5.644618377311885e+03,5.636789792373157e+03,1.764705882352941e+00,3585381
5.644877243279637e+03,5.637168976783195e+03,5.882352941176471e-01,3585383
5.646327371174963e+03,5.636924207344105e+03,1.764705882352941e+00,3585382
5.646383083194238e+03,5.637329838595754e+03,5.882352941176471e-01,3585384
5.646641949161990e+03,5.638328148590528e+03,5.882352941176471e-01,3585385
5.648092077057316e+03,5.638923312764990e+03,5.882352941176471e-01,3585386
5.648147789076591e+03,5.640293891258531e+03,5.882352941176471e-01,3585387
5.648406655044343e+03,5.641304339181206e+03,5.882352941176471e-01,3585388
5.649856782939669e+03,5.641966522413651e+03,5.882352941176471e-01,3585389
5.649912494958944e+03,5.643590921582788e+03,5.882352941176471e-01,3585390
5.651677200841297e+03,5.645452705339977e+03,5.882352941176471e-01,3585393
5.653700772691402e+03,5.644983324821584e+03,1.764705882352941e+00,3585391
5.655150900586728e+03,5.645126633699367e+03,1.764705882352941e+00,3585392
5.656971318488356e+03,5.645590711515366e+03,1.764705882352941e+00,3585394
5.657230184456107e+03,5.648144412928507e+03,1.176470588235294e+00,3585395
5.658994890338460e+03,5.651711899011584e+03,5.882352941176471e-01,3585398
5.660445018233787e+03,5.648475682105405e+03,1.764705882352941e+00,3585396
5.660759596220813e+03,5.652411316073277e+03,5.882352941176471e-01,3585399
5.662209724116139e+03,5.657973323104800e+03,5.882352941176471e-01,3585400
5.662265436135415e+03,5.648540036944014e+03,1.764705882352941e+00,3585397
5.662524302103166e+03,5.658236065358189e+03,5.882352941176471e-01,3585401
5.663974429998492e+03,5.660118596116360e+03,5.882352941176471e-01,3585402
5.664030142017768e+03,5.660589144364176e+03,5.882352941176471e-01,3585403
5.664289007985519e+03,5.661997276028457e+03,5.882352941176471e-01,3585404
5.665739135880845e+03,5.662495133678556e+03,5.882352941176471e-01,3585405
5.665794847900121e+03,5.663354745388334e+03,5.882352941176471e-01,3585406
5.668586395823071e+03,5.666821689940718e+03,5.882352941176471e-01,3585407
5.675386746098006e+03,5.673622040215653e+03,5.882352941176471e-01,3585408
5.675477804445381e+03,5.673713098563028e+03,5.882352941176471e-01,3585409
5.676134314839906e+03,5.674369608957553e+03,5.882352941176471e-01,3585410
5.678953066377766e+03,5.677188360495413e+03,5.882352941176471e-01,3585411
5.683806666829718e+03,5.682041960947365e+03,5.882352941176471e-01,3585413
5.684142435478847e+03,5.678848317831788e+03,1.764705882352941e+00,3585412
5.688677607972235e+03,5.683383490325176e+03,1.764705882352941e+00,3585414
5.689430962211655e+03,5.687666256329302e+03,5.882352941176471e-01,3585415
5.689772783964746e+03,5.688008078082393e+03,5.882352941176471e-01,3585416
5.690442313854588e+03,5.688252698859816e+03,5.882352941176471e-01,3585417
5.691537489847099e+03,5.689721405218998e+03,5.882352941176471e-01,3585419
5.694479490521191e+03,5.692714784638838e+03,5.882352941176471e-01,3585420
5.694937305191093e+03,5.689643187544034e+03,1.764705882352941e+00,3585418
5.698875719075988e+03,5.693581601428929e+03,1.764705882352941e+00,3585421
5.700367892732161e+03,5.698603186849808e+03,5.882352941176471e-01,3585422
5.704565360180736e+03,5.702800654298383e+03,5.882352941176471e-01,3585425
5.705056055141800e+03,5.699761937494741e+03,1.764705882352941e+00,3585423
5.707167772930511e+03,5.705403067048158e+03,5.882352941176471e-01,3585427
5.707565051602422e+03,5.702270933955363e+03,1.764705882352941e+00,3585424
5.709859477827795e+03,5.703889732020119e+03,1.764705882352941e+00,3585426
5.710780421888118e+03,5.709015716005765e+03,5.882352941176471e-01,3585428
5.713672160387664e+03,5.711907454505311e+03,5.882352941176471e-01,3585429
5.714414152598308e+03,5.712649446715955e+03,5.882352941176471e-01,3585430
5.714870556874095e+03,5.713105850991742e+03,5.882352941176471e-01,3585431
5.716088737221100e+03,5.714324031338747e+03,5.882352941176471e-01,3585432
5.722624990703278e+03,5.717330873056219e+03,1.764705882352941e+00,3585433
5.724422453083802e+03,5.720893041319096e+03,1.176470588235294e+00,3585434
5.725585571433590e+03,5.722056159668884e+03,1.176470588235294e+00,3585435
5.726910391862993e+03,5.723380980098287e+03,1.176470588235294e+00,3585436
5.727381577131294e+03,5.725616871248941e+03,5.882352941176471e-01,3585437
5.729751464561418e+03,5.727986758679065e+03,5.882352941176471e-01,3585438
5.733580059365417e+03,5.728285941718359e+03,1.764705882352941e+00,3585439
5.736253282921574e+03,5.730959165274515e+03,1.764705882352941e+00,3585440
5.736296944378150e+03,5.731002826731091e+03,1.764705882352941e+00,3585441
5.736363182900008e+03,5.734598477017655e+03,5.882352941176471e-01,3585442
5.739106489497423e+03,5.737341783615070e+03,5.882352941176471e-01,3585444
5.739812639622702e+03,5.738047933740349e+03,5.882352941176471e-01,3585445
5.741101787924785e+03,5.739337082042432e+03,5.882352941176471e-01,3585446
5.741547400568633e+03,5.735078964946482e+03,1.764705882352941e+00,3585443
5.743890675064189e+03,5.742125969181836e+03,5.882352941176471e-01,3585448
5.745465367799932e+03,5.743700661917579e+03,5.882352941176471e-01,3585449
5.745692939537251e+03,5.740398821890192e+03,1.764705882352941e+00,3585447
5.750658554725671e+03,5.747129142960965e+03,1.176470588235294e+00,3585450
5.752025143345110e+03,5.750260437462757e+03,5.882352941176471e-01,3585451
5.753502483896701e+03,5.751737778014348e+03,5.882352941176471e-01,3585452
5.753878937003995e+03,5.752114231121642e+03,5.882352941176471e-01,3585453
5.757031895661407e+03,5.753228596952183e+03,1.176470588235294e+00,3585455
5.757977370515431e+03,5.752683252868372e+03,1.764705882352941e+00,3585454
5.760154874645644e+03,5.758390168763291e+03,5.882352941176471e-01,3585457
5.762419877073533e+03,5.758890465308828e+03,1.176470588235294e+00,3585458
5.762832653049842e+03,5.757538535402783e+03,1.764705882352941e+00,3585456
5.764747196411835e+03,5.762982490529482e+03,5.882352941176471e-01,3585461
5.765658945106952e+03,5.760364827459893e+03,1.764705882352941e+00,3585459
5.766511902294188e+03,5.763268048118071e+03,5.882352941176471e-01,3585462
5.767713994720592e+03,5.761495979852335e+03,1.764705882352941e+00,3585460
5.768276608176541e+03,5.766320243874464e+03,5.882352941176471e-01,3585464
5.770953062754011e+03,5.765148497201828e+03,1.764705882352941e+00,3585463
5.771980086062228e+03,5.770215380179875e+03,5.882352941176471e-01,3585466
5.772160012906225e+03,5.768630601141519e+03,1.176470588235294e+00,3585465
5.775689424670931e+03,5.771282427915413e+03,1.176470588235294e+00,3585469
5.776247180401070e+03,5.770666278921254e+03,1.764705882352941e+00,3585467
5.777274203709287e+03,5.771022936642937e+03,1.764705882352941e+00,3585468
5.779252570099642e+03,5.777487864217289e+03,5.882352941176471e-01,3585472
5.780983542317990e+03,5.773076843371761e+03,1.764705882352941e+00,3585470
5.781017275981995e+03,5.778696915031419e+03,5.882352941176471e-01,3585473
5.781541298048129e+03,5.774267597390450e+03,1.764705882352941e+00,3585471
5.786989039112277e+03,5.785224333229924e+03,5.882352941176471e-01,3585475
5.788095278975575e+03,5.782801161328516e+03,1.764705882352941e+00,3585474
5.799339838235760e+03,5.794045720588702e+03,1.764705882352941e+00,3585476
5.800264708141814e+03,5.794970590494756e+03,1.764705882352941e+00,3585477
5.805007130521129e+03,5.803242424638776e+03,5.882352941176471e-01,3585479
5.807095609529714e+03,5.801801491882655e+03,1.764705882352941e+00,3585478
5.808536542285834e+03,5.804877437757521e+03,1.176470588235294e+00,3585481
5.808860315412067e+03,5.806914846294003e+03,5.882352941176471e-01,3585482
5.809364349153114e+03,5.804070231506055e+03,1.764705882352941e+00,3585480
5.813830659932893e+03,5.807474069755664e+03,1.764705882352941e+00,3585483
5.814954468705983e+03,5.809660351058924e+03,1.764705882352941e+00,3585484
5.815171382235916e+03,5.813406676353563e+03,5.882352941176471e-01,3585485
5.816718767840821e+03,5.814954061958468e+03,5.882352941176471e-01,3585486
5.817191235735979e+03,5.815426529853626e+03,5.882352941176471e-01,3585488
5.818483473723174e+03,5.815643381269821e+03,5.882352941176471e-01,3585489
5.818497488741668e+03,5.814968076976963e+03,1.176470588235294e+00,3585487
5.818955941618332e+03,5.816316463691846e+03,5.882352941176471e-01,3585490
5.820248179605527e+03,5.817373002912755e+03,5.882352941176471e-01,3585491
5.823076492955412e+03,5.821311787073059e+03,5.882352941176471e-01,3585494
5.823791606388727e+03,5.818057990406784e+03,1.764705882352941e+00,3585492
5.824250059265391e+03,5.818938130548714e+03,1.764705882352941e+00,3585493
5.828380193440070e+03,5.826615487557717e+03,5.882352941176471e-01,3585495
5.828524593719734e+03,5.826759887837381e+03,5.882352941176471e-01,3585496
5.828724114189752e+03,5.826959408307399e+03,5.882352941176471e-01,3585497
5.831494307098781e+03,5.829729601216428e+03,5.882352941176471e-01,3585499
5.832635105103843e+03,5.830870399221490e+03,5.882352941176471e-01,3585500
5.833694033148065e+03,5.828399915501006e+03,1.764705882352941e+00,3585498
5.839102238944346e+03,5.837337533061993e+03,5.882352941176471e-01,3585501
5.839703979829208e+03,5.837939273946855e+03,5.882352941176471e-01,3585502
5.842302277137759e+03,5.840537571255406e+03,5.882352941176471e-01,3585503
5.845342147069256e+03,5.843577441186903e+03,5.882352941176471e-01,3585504
5.845497292766097e+03,5.843732586883744e+03,5.882352941176471e-01,3585505
5.845980619433142e+03,5.844215913550789e+03,5.882352941176471e-01,3585506
5.848504613769608e+03,5.846739907887255e+03,5.882352941176471e-01,3585508
5.851241736615751e+03,5.849477030733398e+03,5.882352941176471e-01,3585509
5.851484001551002e+03,5.846189883903943e+03,1.764705882352941e+00,3585507
5.855469050649050e+03,5.853704344766697e+03,5.882352941176471e-01,3585510
5.856466187588316e+03,5.854701481705963e+03,5.882352941176471e-01,3585511
5.857065451443651e+03,5.855300745561298e+03,5.882352941176471e-01,3585512
5.860206728356912e+03,5.858442022474559e+03,5.882352941176471e-01,3585514
5.862417983108006e+03,5.860653277225653e+03,5.882352941176471e-01,3585516
5.863521114070191e+03,5.858226996423132e+03,1.764705882352941e+00,3585513
5.865300772272672e+03,5.860006654625613e+03,1.764705882352941e+00,3585515
5.866861791867560e+03,5.865097085985207e+03,5.882352941176471e-01,3585517
5.868643813516824e+03,5.866879107634471e+03,5.882352941176471e-01,3585518
5.870000290284023e+03,5.868235584401670e+03,5.882352941176471e-01,3585519
5.876168214057375e+03,5.870874096410316e+03,1.764705882352941e+00,3585520
5.877179806766326e+03,5.875415100883973e+03,5.882352941176471e-01,3585522
5.878549418815626e+03,5.875020007050920e+03,1.176470588235294e+00,3585521
5.880915096482582e+03,5.879150390600229e+03,5.882352941176471e-01,3585524
5.881695363160970e+03,5.878165951396264e+03,1.176470588235294e+00,3585523
5.883552816934347e+03,5.881788111051995e+03,5.882352941176471e-01,3585526
5.884993060029603e+03,5.879698942382544e+03,1.764705882352941e+00,3585525
5.885385200174869e+03,5.881855788410163e+03,1.176470588235294e+00,3585527
5.886757765911955e+03,5.884137018280283e+03,5.882352941176471e-01,3585529
5.887082228699053e+03,5.882193309389361e+03,1.176470588235294e+00,3585528
5.887149906057222e+03,5.885261518187316e+03,5.882352941176471e-01,3585530
5.888522471794308e+03,5.886640861345694e+03,5.882352941176471e-01,3585531
5.890771618053034e+03,5.889006912170681e+03,5.882352941176471e-01,3585534
5.892686196788169e+03,5.887392079141110e+03,1.764705882352941e+00,3585532
5.893743588496968e+03,5.888449470849909e+03,1.764705882352941e+00,3585533
5.894450902670522e+03,5.891685847863363e+03,5.882352941176471e-01,3585536
5.896190709256998e+03,5.890896591609940e+03,1.764705882352941e+00,3585535
5.896815041913736e+03,5.895050336031383e+03,5.882352941176471e-01,3585537
5.896955315901100e+03,5.895190610018747e+03,5.882352941176471e-01,3585538
5.898150136788640e+03,5.896385430906287e+03,5.882352941176471e-01,3585539
5.900344453678442e+03,5.896741849012155e+03,1.176470588235294e+00,3585540
5.903451753004276e+03,5.901687047121923e+03,5.882352941176471e-01,3585541
5.905894557530091e+03,5.904129851647738e+03,5.882352941176471e-01,3585543
5.907400252971641e+03,5.902106135324582e+03,1.764705882352941e+00,3585542
5.907659263412444e+03,5.905565391189300e+03,5.882352941176471e-01,3585545
5.909164958853994e+03,5.907210881497507e+03,5.882352941176471e-01,3585546
5.910780768901590e+03,5.905486651254531e+03,1.764705882352941e+00,3585544
5.914730747542596e+03,5.912966041660243e+03,5.882352941176471e-01,3585547
5.915345050494661e+03,5.913580344612308e+03,5.882352941176471e-01,3585548
5.917509711740201e+03,5.915745005857848e+03,5.882352941176471e-01,3585549
5.919399332427794e+03,5.917634626545441e+03,5.882352941176471e-01,3585550
5.920571159339134e+03,5.918806453456781e+03,5.882352941176471e-01,3585551
5.920768087967346e+03,5.919003382084993e+03,5.882352941176471e-01,3585552
5.927233108100323e+03,5.923703696335617e+03,1.176470588235294e+00,3585554
5.928750698990872e+03,5.923456581343813e+03,1.764705882352941e+00,3585553
5.928997813982676e+03,5.926190415727433e+03,5.882352941176471e-01,3585556
5.929629827416888e+03,5.924335709769829e+03,1.764705882352941e+00,3585555
5.932517659048412e+03,5.930752953166059e+03,5.882352941176471e-01,3585558
5.932884049594848e+03,5.931119343712495e+03,5.882352941176471e-01,3585559
5.934110875502377e+03,5.928816757855318e+03,1.764705882352941e+00,3585557
5.935382287188678e+03,5.933617581306325e+03,5.882352941176471e-01,3585560
5.936232584158234e+03,5.934467878275881e+03,5.882352941176471e-01,3585562
5.937146993071031e+03,5.934776718597967e+03,5.882352941176471e-01,3585563
5.937349336158209e+03,5.933819924393503e+03,1.176470588235294e+00,3585561
5.941781177838551e+03,5.938251766073845e+03,1.176470588235294e+00,3585564
5.942133960632871e+03,5.938604548868165e+03,1.176470588235294e+00,3585565
5.943898666515224e+03,5.940683677528182e+03,5.882352941176471e-01,3585568
5.943994796895318e+03,5.938700679248259e+03,1.764705882352941e+00,3585566
5.945663372397577e+03,5.942607182050279e+03,5.882352941176471e-01,3585569
5.947075295485610e+03,5.940675630491998e+03,1.764705882352941e+00,3585567
5.948533471232288e+03,5.946768765349935e+03,5.882352941176471e-01,3585571
5.949288914542376e+03,5.943558091347093e+03,1.764705882352941e+00,3585570
5.951356078635942e+03,5.947826666871237e+03,1.176470588235294e+00,3585572
5.953942768528375e+03,5.948648650881317e+03,1.764705882352941e+00,3585573
5.954783610460860e+03,5.953018904578507e+03,5.882352941176471e-01,3585574
5.954984654899754e+03,5.953219949017401e+03,5.882352941176471e-01,3585575
5.957472180293081e+03,5.953788038446613e+03,1.176470588235294e+00,3585576
5.959186917493075e+03,5.957422211610722e+03,5.882352941176471e-01,3585578
5.960077728107919e+03,5.954760727575515e+03,1.764705882352941e+00,3585577
5.960473037249847e+03,5.958708331367494e+03,5.882352941176471e-01,3585579
5.962511552586918e+03,5.960746846704565e+03,5.882352941176471e-01,3585580
5.966093502064598e+03,5.960799384417539e+03,1.764705882352941e+00,3585581
5.969681521734845e+03,5.964387404087786e+03,1.764705882352941e+00,3585582
5.973537352135924e+03,5.971772646253571e+03,5.882352941176471e-01,3585585
5.973957584693375e+03,5.968663467046316e+03,1.764705882352941e+00,3585583
5.975302058018277e+03,5.971999547401704e+03,5.882352941176471e-01,3585586
5.975722290575728e+03,5.972885146273982e+03,5.882352941176471e-01,3585587
5.976500291379182e+03,5.971206173732123e+03,1.764705882352941e+00,3585584
5.977066763900630e+03,5.973298069735484e+03,5.882352941176471e-01,3585588
5.981016408222787e+03,5.973462083414909e+03,1.764705882352941e+00,3585589
5.981794409026241e+03,5.974600719969201e+03,1.764705882352941e+00,3585590
5.982360881547689e+03,5.974771738665852e+03,1.764705882352941e+00,3585591
5.982781114105140e+03,5.975642731992436e+03,5.882352941176471e-01,3585592
5.983559114908593e+03,5.977177348647314e+03,5.882352941176471e-01,3585593
5.984125587430042e+03,5.977578414507071e+03,5.882352941176471e-01,3585594
5.984545819987493e+03,5.978525178822487e+03,5.882352941176471e-01,3585595
5.986310525869846e+03,5.980883641717303e+03,5.882352941176471e-01,3585598
5.987088526673299e+03,5.979742859339185e+03,1.176470588235294e+00,3585596
5.988075231752199e+03,5.981185743014568e+03,5.882352941176471e-01,3585599
5.988853232555652e+03,5.981449105160703e+03,5.882352941176471e-01,3585600
5.989419705077101e+03,5.980077731707553e+03,1.764705882352941e+00,3585597
5.989839937634552e+03,5.985274805606281e+03,5.882352941176471e-01,3585601
5.990617938438005e+03,5.986366272679686e+03,5.882352941176471e-01,3585602
5.991184410959454e+03,5.988933950912385e+03,5.882352941176471e-01,3585603
5.993209190649497e+03,5.991444484767144e+03,5.882352941176471e-01,3585605
5.994188344200980e+03,5.990658932436274e+03,1.176470588235294e+00,3585604
5.994996562016785e+03,5.993231856134432e+03,5.882352941176471e-01,3585606
5.997286250186397e+03,5.993756838421691e+03,1.176470588235294e+00,3585607
5.998256800204571e+03,5.996492094322218e+03,5.882352941176471e-01,3585608
5.998992885789304e+03,5.997228179906951e+03,5.882352941176471e-01,3585609
6.000964036848088e+03,5.999199330965735e+03,5.882352941176471e-01,3585610
6.003545623664538e+03,6.001780917782185e+03,5.882352941176471e-01,3585612
6.004119852862808e+03,6.002355146980455e+03,5.882352941176471e-01,3585613
6.005898716504974e+03,6.000604598857915e+03,1.764705882352941e+00,3585611
6.005969826365200e+03,6.004205120482847e+03,5.882352941176471e-01,3585614
6.006026634185261e+03,6.004261928302908e+03,5.882352941176471e-01,3585615
6.007663422387327e+03,6.005579236268975e+03,5.882352941176471e-01,3585616
6.008828660533303e+03,6.007063954650950e+03,5.882352941176471e-01,3585618
6.010593366415656e+03,6.007901626326059e+03,5.882352941176471e-01,3585620
6.011263944012258e+03,6.005654240567620e+03,1.764705882352941e+00,3585617
6.012527212974417e+03,6.010762507092064e+03,5.882352941176471e-01,3585621
6.012957540034386e+03,6.007118886352274e+03,1.764705882352941e+00,3585619
6.019282199099219e+03,6.017517493216866e+03,5.882352941176471e-01,3585622
6.021782631736461e+03,6.020017925854108e+03,5.882352941176471e-01,3585624
6.024144964139979e+03,6.018850846492920e+03,1.764705882352941e+00,3585623
6.026644460954759e+03,6.023115049190053e+03,1.176470588235294e+00,3585625
6.029632893462064e+03,6.027868187579711e+03,5.882352941176471e-01,3585626
6.031761892521560e+03,6.029997186639207e+03,5.882352941176471e-01,3585627
6.036584438253128e+03,6.034819732370776e+03,5.882352941176471e-01,3585628
6.038862083031655e+03,6.037097377149302e+03,5.882352941176471e-01,3585630
6.040750653501391e+03,6.038985947619038e+03,5.882352941176471e-01,3585632
6.041836736042884e+03,6.036542618395826e+03,1.764705882352941e+00,3585629
6.041957841358227e+03,6.038428429593521e+03,1.176470588235294e+00,3585631
6.044280065266097e+03,6.040044039958459e+03,1.176470588235294e+00,3585633
6.045350181612632e+03,6.043585475730279e+03,5.882352941176471e-01,3585635
6.047114887494985e+03,6.045024377594191e+03,5.882352941176471e-01,3585637
6.048165405227479e+03,6.042871287580420e+03,1.764705882352941e+00,3585634
6.050313985732586e+03,6.045019868085527e+03,1.764705882352941e+00,3585636
6.050869993176082e+03,6.049105287293729e+03,5.882352941176471e-01,3585639
6.051189193871315e+03,6.047659782106609e+03,1.176470588235294e+00,3585638
6.052078691614938e+03,6.049493402145864e+03,5.882352941176471e-01,3585640
6.052634699058435e+03,6.049661056053808e+03,5.882352941176471e-01,3585641
6.052953899753668e+03,6.050620820141263e+03,5.882352941176471e-01,3585642
6.053843397497291e+03,6.051314261375339e+03,5.882352941176471e-01,3585643
6.056428556871574e+03,6.054663850989221e+03,5.882352941176471e-01,3585645
6.058768480965350e+03,6.053474363318291e+03,1.764705882352941e+00,3585644
6.061729835715609e+03,6.059965129833256e+03,5.882352941176471e-01,3585648
6.061873908688612e+03,6.058344496923906e+03,1.176470588235294e+00,3585647
6.062208770732029e+03,6.056914653084970e+03,1.764705882352941e+00,3585646
6.063494541597962e+03,6.060558086461590e+03,5.882352941176471e-01,3585649
6.064511582434912e+03,6.062746876552559e+03,5.882352941176471e-01,3585650
6.066229090660454e+03,6.064464384778101e+03,5.882352941176471e-01,3585651
6.067814470889127e+03,6.066049765006774e+03,5.882352941176471e-01,3585653
6.069957629272940e+03,6.064663511625881e+03,1.764705882352941e+00,3585652
6.072250883500265e+03,6.070486177617912e+03,5.882352941176471e-01,3585654
6.074888926899450e+03,6.073124221017097e+03,5.882352941176471e-01,3585656
6.075575481956004e+03,6.073810776073651e+03,5.882352941176471e-01,3585657
6.075734595242658e+03,6.072205183477952e+03,1.176470588235294e+00,3585655
6.076723410906224e+03,6.074958705023871e+03,5.882352941176471e-01,3585658
6.077463313311776e+03,6.075698607429423e+03,5.882352941176471e-01,3585659
6.077659223304826e+03,6.075894517422473e+03,5.882352941176471e-01,3585660
6.083609899269699e+03,6.081845193387346e+03,5.882352941176471e-01,3585663
6.084315929657074e+03,6.079021812010015e+03,1.764705882352941e+00,3585661
6.085374605152052e+03,6.082099295503480e+03,5.882352941176471e-01,3585664
6.085866426913442e+03,6.080572309266383e+03,1.764705882352941e+00,3585662
6.089333119826214e+03,6.087568413943861e+03,5.882352941176471e-01,3585667
6.089610047304133e+03,6.082768223570207e+03,1.764705882352941e+00,3585665
6.090668722799111e+03,6.083281081813818e+03,1.764705882352941e+00,3585666
6.091374753186486e+03,6.088484360866227e+03,5.882352941176471e-01,3585669
6.092862531590920e+03,6.088188495094924e+03,1.176470588235294e+00,3585668
6.093139459068839e+03,6.090052698544317e+03,5.882352941176471e-01,3585671
6.094627237473273e+03,6.091086836614490e+03,5.882352941176471e-01,3585672
6.095962840446169e+03,6.090017059883076e+03,1.764705882352941e+00,3585670
6.098127746147694e+03,6.096363040265341e+03,5.882352941176471e-01,3585675
6.098433576715898e+03,6.092894639423573e+03,1.764705882352941e+00,3585673
6.099892452030047e+03,6.096922548271026e+03,5.882352941176471e-01,3585676
6.099921355120332e+03,6.094082732930577e+03,1.764705882352941e+00,3585674
6.100198282598251e+03,6.098188975548160e+03,5.882352941176471e-01,3585677
6.106526983298677e+03,6.104762277416324e+03,5.882352941176471e-01,3585678
6.109656736610907e+03,6.107892030728554e+03,5.882352941176471e-01,3585680
6.110544129684420e+03,6.107014717919714e+03,1.176470588235294e+00,3585679
6.111421442493260e+03,6.108774823451466e+03,5.882352941176471e-01,3585682
6.113546374794355e+03,6.108252257147297e+03,1.764705882352941e+00,3585681
6.114073541449126e+03,6.110376480575765e+03,1.176470588235294e+00,3585683
6.116715560140319e+03,6.111034986277592e+03,1.764705882352941e+00,3585684
6.122889700357326e+03,6.117595582710267e+03,1.764705882352941e+00,3585685
6.123383574507593e+03,6.121618868625240e+03,5.882352941176471e-01,3585687
6.126571688497662e+03,6.121277570850603e+03,1.764705882352941e+00,3585686
6.126912986272299e+03,6.122858591334197e+03,1.176470588235294e+00,3585689
6.128183818004384e+03,6.121847028094720e+03,1.764705882352941e+00,3585688
6.130863153888030e+03,6.129098448005677e+03,5.882352941176471e-01,3585691
6.131865806144721e+03,6.124944552040115e+03,1.764705882352941e+00,3585690
6.133020696435910e+03,6.129491284671204e+03,1.176470588235294e+00,3585692
6.134090881112648e+03,6.132326175230295e+03,5.882352941176471e-01,3585694
6.135855586995001e+03,6.132661715985105e+03,5.882352941176471e-01,3585696
6.136601496848132e+03,6.131307379201073e+03,1.764705882352941e+00,3585693
6.138314814082969e+03,6.132614662239296e+03,1.764705882352941e+00,3585695
6.140079519965321e+03,6.137139609527783e+03,5.882352941176471e-01,3585699
6.141149704642060e+03,6.133422998565135e+03,1.764705882352941e+00,3585697
6.141895614495191e+03,6.135760056362320e+03,1.764705882352941e+00,3585698
6.143660320377544e+03,6.141444622187911e+03,5.882352941176471e-01,3585702
6.145373637612380e+03,6.139995703064847e+03,1.764705882352941e+00,3585700
6.145425026259897e+03,6.142019390712550e+03,5.882352941176471e-01,3585703
6.146443822289119e+03,6.141001652544624e+03,1.764705882352941e+00,3585701
6.149973234053825e+03,6.143459431889815e+03,1.176470588235294e+00,3585706
6.150667755259439e+03,6.142647433768245e+03,1.764705882352941e+00,3585704
6.150719143906955e+03,6.142961690417177e+03,1.764705882352941e+00,3585705
6.151737939936178e+03,6.144227604032348e+03,5.882352941176471e-01,3585707
6.152432461141792e+03,6.146529900622581e+03,5.882352941176471e-01,3585708
6.154789552404254e+03,6.153024846521901e+03,5.882352941176471e-01,3585710
6.156013261554014e+03,6.146712812635042e+03,1.764705882352941e+00,3585709
6.156082052453419e+03,6.154317346571066e+03,5.882352941176471e-01,3585711
6.158949376420498e+03,6.157184670538145e+03,5.882352941176471e-01,3585712
6.160413880444754e+03,6.158649174562401e+03,5.882352941176471e-01,3585713
6.160496399426916e+03,6.158731693544563e+03,5.882352941176471e-01,3585714
6.162178586327107e+03,6.160047871576582e+03,5.882352941176471e-01,3585716
6.164121762214702e+03,6.162357056332349e+03,5.882352941176471e-01,3585718
6.165015076722520e+03,6.159720959075461e+03,1.764705882352941e+00,3585715
6.166192178265542e+03,6.160898060618483e+03,1.764705882352941e+00,3585717
6.166779782604873e+03,6.163056465424169e+03,5.882352941176471e-01,3585720
6.167651173979408e+03,6.162731990445386e+03,1.176470588235294e+00,3585719
6.167956884147894e+03,6.163276920694782e+03,5.882352941176471e-01,3585721
6.168947323962205e+03,6.167182618079852e+03,5.882352941176471e-01,3585722
6.169415879861761e+03,6.167375116035398e+03,5.882352941176471e-01,3585723
6.169721590030247e+03,6.167386650715727e+03,5.882352941176471e-01,3585724
6.170712029844558e+03,6.167556551142921e+03,5.882352941176471e-01,3585725
6.171180585744114e+03,6.168646432332079e+03,5.882352941176471e-01,3585726
6.171486295912600e+03,6.169720989174325e+03,5.882352941176471e-01,3585727
6.175496879721536e+03,6.171967467956830e+03,1.176470588235294e+00,3585728
6.182081894155229e+03,6.180317188272876e+03,5.882352941176471e-01,3585730
6.183046319980083e+03,6.177752202333024e+03,1.764705882352941e+00,3585729
6.185770071318687e+03,6.184005365436334e+03,5.882352941176471e-01,3585731
6.188008202075594e+03,6.184478790310889e+03,1.176470588235294e+00,3585733
6.189070209219980e+03,6.187305503337627e+03,5.882352941176471e-01,3585734
6.189544994606277e+03,6.184250876959218e+03,1.764705882352941e+00,3585732
6.191309700488630e+03,6.189016833002763e+03,5.882352941176471e-01,3585737
6.193074406370983e+03,6.189646224708377e+03,5.882352941176471e-01,3585738
6.194112027849938e+03,6.188817910202880e+03,1.764705882352941e+00,3585735
6.194364326867038e+03,6.188819409364191e+03,1.764705882352941e+00,3585736
6.194839112253336e+03,6.190905871243730e+03,5.882352941176471e-01,3585739
6.196129032749391e+03,6.193276588870701e+03,5.882352941176471e-01,3585741
6.197893738631744e+03,6.193948971251842e+03,5.882352941176471e-01,3585743
6.199406145496997e+03,6.192105900109723e+03,1.764705882352941e+00,3585740
6.200133229900395e+03,6.193877953048668e+03,1.764705882352941e+00,3585742
6.201897935782748e+03,6.195713323322660e+03,5.882352941176471e-01,3585746
6.203187856278803e+03,6.194593274074785e+03,1.764705882352941e+00,3585744
6.203662641665101e+03,6.196933139979034e+03,5.882352941176471e-01,3585747
6.204700263144056e+03,6.194683985574397e+03,1.764705882352941e+00,3585745
6.205427347547454e+03,6.201445369859559e+03,5.882352941176471e-01,3585749
6.208481973925862e+03,6.201374949576059e+03,1.764705882352941e+00,3585748
6.209994380791115e+03,6.202001068651987e+03,1.764705882352941e+00,3585750
6.210721465194512e+03,6.204405925640082e+03,1.764705882352941e+00,3585751
6.211759086673468e+03,6.205135926346918e+03,5.882352941176471e-01,3585753
6.213776091572921e+03,6.205091363371012e+03,1.764705882352941e+00,3585752
6.216015582841571e+03,6.206194813917760e+03,1.764705882352941e+00,3585754
6.217053204320527e+03,6.206494287350260e+03,1.764705882352941e+00,3585755
6.217780288723924e+03,6.210319716092537e+03,5.882352941176471e-01,3585757
6.218817910202880e+03,6.210326032788074e+03,5.882352941176471e-01,3585758
6.219070209219980e+03,6.208801349674641e+03,1.764705882352941e+00,3585756
6.220582616085233e+03,6.212614593769764e+03,5.882352941176471e-01,3585760
6.221309700488630e+03,6.211846638962318e+03,1.176470588235294e+00,3585759
6.223074406370983e+03,6.214254509906063e+03,5.882352941176471e-01,3585763
6.224364326867038e+03,6.213100148794934e+03,1.764705882352941e+00,3585761
6.224839112253336e+03,6.219489085421618e+03,5.882352941176471e-01,3585764
6.225876733732291e+03,6.213352098012180e+03,1.764705882352941e+00,3585762
6.226129032749391e+03,6.219905176151310e+03,5.882352941176471e-01,3585765
6.226603818135689e+03,6.223422965381183e+03,5.882352941176471e-01,3585766
6.227641439614644e+03,6.223789792693343e+03,5.882352941176471e-01,3585767
6.231423150396450e+03,6.223912820455270e+03,1.764705882352941e+00,3585768
6.231445549103571e+03,6.229680843221218e+03,5.882352941176471e-01,3585769
6.231767247447834e+03,6.230002541565481e+03,5.882352941176471e-01,3585770
6.235714083825521e+03,6.233949377943168e+03,5.882352941176471e-01,3585772
6.235888668696694e+03,6.234123962814341e+03,5.882352941176471e-01,3585773
6.236717268043509e+03,6.230345745735088e+03,1.764705882352941e+00,3585771
6.240573643532536e+03,6.238808937650183e+03,5.882352941176471e-01,3585774
6.242304003720967e+03,6.240539297838614e+03,5.882352941176471e-01,3585775
6.242723929893285e+03,6.240959224010932e+03,5.882352941176471e-01,3585777
6.245833415485673e+03,6.241680603190879e+03,1.176470588235294e+00,3585778
6.246000624922914e+03,6.240706507275855e+03,1.764705882352941e+00,3585776
6.247765330805267e+03,6.244323861094493e+03,5.882352941176471e-01,3585781
6.248018047540344e+03,6.242452832414455e+03,1.764705882352941e+00,3585779
6.251127533132732e+03,6.243093775943200e+03,1.764705882352941e+00,3585780
6.253059448452326e+03,6.247517782010849e+03,1.764705882352941e+00,3585782
6.254824154334679e+03,6.251223973862033e+03,5.882352941176471e-01,3585785
6.255084077780677e+03,6.249789960133618e+03,1.764705882352941e+00,3585783
6.256421650779791e+03,6.250576351200984e+03,1.764705882352941e+00,3585784
6.256588860217032e+03,6.251360227727392e+03,5.882352941176471e-01,3585786
6.256848783663030e+03,6.251746106805901e+03,5.882352941176471e-01,3585787
6.258186356662144e+03,6.252232389772373e+03,5.882352941176471e-01,3585788
6.258353566099385e+03,6.253872464758478e+03,5.882352941176471e-01,3585789
6.258613489545383e+03,6.253881569677984e+03,5.882352941176471e-01,3585790
6.259951062544497e+03,6.253916803426883e+03,5.882352941176471e-01,3585791
6.260378195427736e+03,6.255870944593346e+03,5.882352941176471e-01,3585793
6.261715768426850e+03,6.256340230348788e+03,5.882352941176471e-01,3585794
6.263647683746443e+03,6.255492003563278e+03,1.764705882352941e+00,3585792
6.265245180191556e+03,6.260176239052296e+03,1.176470588235294e+00,3585796
6.265672313074795e+03,6.256707818445394e+03,1.764705882352941e+00,3585795
6.267009886073909e+03,6.260369496465224e+03,5.882352941176471e-01,3585798
6.267437018957148e+03,6.263403112669296e+03,5.882352941176471e-01,3585799
6.268774591956262e+03,6.263573644834564e+03,5.882352941176471e-01,3585800
6.268941801393502e+03,6.260203537934648e+03,1.764705882352941e+00,3585797
6.270539297838614e+03,6.264727860958196e+03,5.882352941176471e-01,3585802
6.270706507275855e+03,6.265238273582639e+03,5.882352941176471e-01,3585803
6.272731136604207e+03,6.263738442142549e+03,1.764705882352941e+00,3585801
6.274797332686482e+03,6.273032626804129e+03,5.882352941176471e-01,3585805
6.275513948089478e+03,6.273749242207125e+03,5.882352941176471e-01,3585806
6.276492074421155e+03,6.271197956774096e+03,1.764705882352941e+00,3585804
6.277784345930864e+03,6.276019640048511e+03,5.882352941176471e-01,3585808
6.278326744451188e+03,6.274133668666296e+03,1.176470588235294e+00,3585807
6.279549051813217e+03,6.276773183619300e+03,5.882352941176471e-01,3585810
6.281786192068214e+03,6.276488760748296e+03,1.764705882352941e+00,3585809
6.283550897950567e+03,6.278448674375854e+03,5.882352941176471e-01,3585813
6.283620862098247e+03,6.276975970048414e+03,1.764705882352941e+00,3585811
6.284843169460276e+03,6.278159100008428e+03,1.764705882352941e+00,3585812
6.285315603832920e+03,6.278518973649532e+03,5.882352941176471e-01,3585814
6.285385567980600e+03,6.279253090476503e+03,5.882352941176471e-01,3585815
6.287080309715273e+03,6.280944828111488e+03,5.882352941176471e-01,3585817
6.287150273862953e+03,6.281586744420548e+03,5.882352941176471e-01,3585818
6.290137287107334e+03,6.279729669237976e+03,1.764705882352941e+00,3585816
6.290679685627658e+03,6.282347772361155e+03,1.176470588235294e+00,3585820
6.291901992989687e+03,6.282424125208951e+03,5.882352941176471e-01,3585821
6.292374427362332e+03,6.282343873732788e+03,1.764705882352941e+00,3585819
6.293666698872040e+03,6.285197535051817e+03,5.882352941176471e-01,3585823
6.294139133244685e+03,6.286170524662749e+03,5.882352941176471e-01,3585824
6.294209097392364e+03,6.282660908145668e+03,1.176470588235294e+00,3585822
6.295903839127038e+03,6.289864831307348e+03,5.882352941176471e-01,3585826
6.295973803274717e+03,6.291023588378076e+03,5.882352941176471e-01,3585827
6.297196110636746e+03,6.286873215874353e+03,1.176470588235294e+00,3585825
6.298105970999960e+03,6.296341265117607e+03,5.882352941176471e-01,3585828
6.298550113399033e+03,6.296785407516680e+03,5.882352941176471e-01,3585829
6.299870676882313e+03,6.297121978692266e+03,5.882352941176471e-01,3585831
6.300424760846783e+03,6.298660054964430e+03,5.882352941176471e-01,3585832
6.302189466729136e+03,6.300421966999660e+03,5.882352941176471e-01,3585834
6.302490228283805e+03,6.296846703534429e+03,1.764705882352941e+00,3585830
6.304254934166158e+03,6.301952674708781e+03,5.882352941176471e-01,3585836
6.305164794529372e+03,6.299833037078291e+03,1.764705882352941e+00,3585833
6.306019640048511e+03,6.302367634422541e+03,5.882352941176471e-01,3585837
6.307483584376195e+03,6.301613144440343e+03,1.764705882352941e+00,3585835
6.310458912176431e+03,6.302581225578548e+03,1.764705882352941e+00,3585838
6.311012996140901e+03,6.303387424273773e+03,1.176470588235294e+00,3585840
6.311313757695570e+03,6.303073152845634e+03,1.764705882352941e+00,3585839
6.313641390467147e+03,6.311876684584794e+03,5.882352941176471e-01,3585842
6.315753029823490e+03,6.309668223227623e+03,1.764705882352941e+00,3585841
6.317745421345293e+03,6.315980715462940e+03,5.882352941176471e-01,3585844
6.318746494280757e+03,6.313452376633699e+03,1.764705882352941e+00,3585843
6.319510127227646e+03,6.316939768911175e+03,5.882352941176471e-01,3585846
6.320132817451578e+03,6.316603405686872e+03,1.176470588235294e+00,3585845
6.323135014951437e+03,6.319605603186731e+03,1.176470588235294e+00,3585848
6.323662229216284e+03,6.319649336009992e+03,1.176470588235294e+00,3585849
6.324650649124464e+03,6.319356531477405e+03,1.764705882352941e+00,3585847
6.325426935098637e+03,6.322935373062764e+03,5.882352941176471e-01,3585851
6.327191640980990e+03,6.324114048641945e+03,5.882352941176471e-01,3585853
6.328429132598496e+03,6.320834053279492e+03,1.764705882352941e+00,3585850
6.328956346863343e+03,6.324467376188323e+03,5.882352941176471e-01,3585854
6.329944766771523e+03,6.323475622527249e+03,1.764705882352941e+00,3585852
6.330721052745695e+03,6.324675840213779e+03,5.882352941176471e-01,3585856
6.331709472653875e+03,6.324749573510431e+03,5.882352941176471e-01,3585857
6.332485758628048e+03,6.325474136899963e+03,5.882352941176471e-01,3585858
6.333723250245555e+03,6.324480541943447e+03,1.764705882352941e+00,3585855
6.334250464510401e+03,6.326944975231082e+03,5.882352941176471e-01,3585860
6.335487956127908e+03,6.331602183443764e+03,5.882352941176471e-01,3585861
6.336015170392754e+03,6.333473382181659e+03,5.882352941176471e-01,3585862
6.337003590300934e+03,6.325617109981376e+03,1.764705882352941e+00,3585859
6.342053398340564e+03,6.340288692458211e+03,5.882352941176471e-01,3585863
6.344788298559297e+03,6.343023592676944e+03,5.882352941176471e-01,3585865
6.346655943031733e+03,6.344891237149380e+03,5.882352941176471e-01,3585866
6.348234119200487e+03,6.342940001553428e+03,1.764705882352941e+00,3585864
6.348875496233607e+03,6.345346084468901e+03,1.176470588235294e+00,3585867
6.350771206875111e+03,6.349006500992758e+03,5.882352941176471e-01,3585869
6.351950060678792e+03,6.345358133807738e+03,1.764705882352941e+00,3585868
6.352535912757464e+03,6.349711822726336e+03,5.882352941176471e-01,3585871
6.353714766561145e+03,6.351301534669171e+03,5.882352941176471e-01,3585872
6.354318039466211e+03,6.349023921819152e+03,1.764705882352941e+00,3585870
6.356065324522170e+03,6.352225097265390e+03,1.176470588235294e+00,3585873
6.356074840389312e+03,6.354310134506959e+03,5.882352941176471e-01,3585874
6.356230233291741e+03,6.354465527409388e+03,5.882352941176471e-01,3585875
6.362128579589551e+03,6.356834461942492e+03,1.764705882352941e+00,3585876
6.362432525783244e+03,6.360667819900891e+03,5.882352941176471e-01,3585877
6.363893285471904e+03,6.362124869977488e+03,5.882352941176471e-01,3585879
6.364665639620482e+03,6.361136227855776e+03,1.176470588235294e+00,3585878
6.366436912141808e+03,6.364672206259455e+03,5.882352941176471e-01,3585881
6.367842008606301e+03,6.366077302723948e+03,5.882352941176471e-01,3585882
6.368198540717183e+03,6.362904423070124e+03,1.764705882352941e+00,3585880
6.368201618024161e+03,6.366183869631200e+03,5.882352941176471e-01,3585883
6.369606714488654e+03,6.366926939089190e+03,5.882352941176471e-01,3585884
6.371727952481888e+03,6.367041942519296e+03,1.176470588235294e+00,3585885
6.373495735671220e+03,6.368053726559865e+03,1.764705882352941e+00,3585886
6.374900832135713e+03,6.369058089990384e+03,1.764705882352941e+00,3585887
6.375257364246594e+03,6.370079894134513e+03,1.176470588235294e+00,3585888
6.375260441553573e+03,6.370921904554658e+03,5.882352941176471e-01,3585889
6.377190512739864e+03,6.375425806857511e+03,5.882352941176471e-01,3585890
6.382293540899713e+03,6.378764129135007e+03,1.176470588235294e+00,3585891
6.382831915262128e+03,6.381067209379775e+03,5.882352941176471e-01,3585893
6.384058246782066e+03,6.381332049053668e+03,5.882352941176471e-01,3585894
6.384942926096598e+03,6.379648808449539e+03,1.764705882352941e+00,3585892
6.385822952664419e+03,6.381713808644517e+03,5.882352941176471e-01,3585896
6.388126032909187e+03,6.381578427649290e+03,1.764705882352941e+00,3585895
6.389890738791540e+03,6.387079296897767e+03,5.882352941176471e-01,3585899
6.390841428426042e+03,6.385547310778983e+03,1.764705882352941e+00,3585897
6.391117070311477e+03,6.385632770038242e+03,1.764705882352941e+00,3585898
6.391655444673893e+03,6.387437942211404e+03,5.882352941176471e-01,3585900
6.392606134308395e+03,6.387652154996114e+03,5.882352941176471e-01,3585901
6.392881776193830e+03,6.388572484792319e+03,5.882352941176471e-01,3585902
6.395954678394480e+03,6.394189972512127e+03,5.882352941176471e-01,3585905
6.397719384276833e+03,6.394660922984450e+03,5.882352941176471e-01,3585906
6.398142255726176e+03,6.392848138079117e+03,1.764705882352941e+00,3585903
6.398656539476688e+03,6.393362421829630e+03,1.764705882352941e+00,3585904
6.399484090159186e+03,6.394836706216147e+03,5.882352941176471e-01,3585907
6.399906961608529e+03,6.396757744019044e+03,5.882352941176471e-01,3585908
6.400421245359041e+03,6.397970740925988e+03,5.882352941176471e-01,3585909
6.406761784434776e+03,6.401467666787717e+03,1.764705882352941e+00,3585910
6.407610006324572e+03,6.405845300442219e+03,5.882352941176471e-01,3585912
6.408794056579090e+03,6.403499938932031e+03,1.764705882352941e+00,3585911
6.408840667064362e+03,6.407075961182009e+03,5.882352941176471e-01,3585913
6.409403715570714e+03,6.407639009688361e+03,5.882352941176471e-01,3585914
6.410558762461443e+03,6.408751214326897e+03,5.882352941176471e-01,3585915
6.410895664960148e+03,6.409130959077795e+03,5.882352941176471e-01,3585916
6.414659044975354e+03,6.412894339093001e+03,5.882352941176471e-01,3585917
6.417143656189495e+03,6.413614244424789e+03,1.176470588235294e+00,3585918
6.419332130038934e+03,6.417567424156581e+03,5.882352941176471e-01,3585919
6.419502480381547e+03,6.417737774499194e+03,5.882352941176471e-01,3585920
6.419563252072422e+03,6.417798546190069e+03,5.882352941176471e-01,3585921
6.421267186263899e+03,6.418083302101530e+03,5.882352941176471e-01,3585923
6.422861541803640e+03,6.417866948970225e+03,1.176470588235294e+00,3585922
6.426023953800530e+03,6.424259247918177e+03,5.882352941176471e-01,3585924
6.428398060944446e+03,6.426633355062093e+03,5.882352941176471e-01,3585926
6.429688250554526e+03,6.427923544672173e+03,5.882352941176471e-01,3585927
6.431563146180023e+03,6.429798440297670e+03,5.882352941176471e-01,3585928
6.431722109443502e+03,6.426427991796443e+03,1.764705882352941e+00,3585925
6.433190129817063e+03,6.431425423934710e+03,5.882352941176471e-01,3585929
6.433750415701575e+03,6.431985709819222e+03,5.882352941176471e-01,3585931
6.436440667044295e+03,6.434675961161942e+03,5.882352941176471e-01,3585933
6.437004826800540e+03,6.431710709153481e+03,1.764705882352941e+00,3585930
6.438205372926648e+03,6.435828285835402e+03,5.882352941176471e-01,3585934
6.438769532682893e+03,6.436056886562630e+03,5.882352941176471e-01,3585935
6.439371742249112e+03,6.434077624602054e+03,1.764705882352941e+00,3585932
6.440123575574077e+03,6.438358869691724e+03,5.882352941176471e-01,3585936
6.440546699265163e+03,6.438781993382810e+03,5.882352941176471e-01,3585937
6.442640952459760e+03,6.440876246577407e+03,5.882352941176471e-01,3585938
6.443027335708270e+03,6.441262629825917e+03,5.882352941176471e-01,3585939
6.443402030042418e+03,6.441637324160065e+03,5.882352941176471e-01,3585940
6.444671426037635e+03,6.442906720155282e+03,5.882352941176471e-01,3585941
6.446580770723831e+03,6.444816064841478e+03,5.882352941176471e-01,3585942
6.451505491524126e+03,6.446211373877068e+03,1.764705882352941e+00,3585943
6.454388442858001e+03,6.452623736975648e+03,5.882352941176471e-01,3585945
6.455394413503315e+03,6.451865001738610e+03,1.176470588235294e+00,3585944
6.458205438036211e+03,6.452911320389152e+03,1.764705882352941e+00,3585946
6.460080849776608e+03,6.454786732129549e+03,1.764705882352941e+00,3585947
6.460688531150374e+03,6.454992491814671e+03,1.764705882352941e+00,3585948
6.464457372540976e+03,6.459163254893917e+03,1.764705882352941e+00,3585949
6.466460699696369e+03,6.461166582049310e+03,1.764705882352941e+00,3585950
6.467277922329119e+03,6.461983804682060e+03,1.764705882352941e+00,3585951
6.471057370001323e+03,6.469292664118970e+03,5.882352941176471e-01,3585952
6.473848471150286e+03,6.472083765267933e+03,5.882352941176471e-01,3585954
6.474744705281811e+03,6.471215293517105e+03,1.176470588235294e+00,3585953
6.479544573436386e+03,6.476015161671680e+03,1.176470588235294e+00,3585955
6.479596862234069e+03,6.476067450469363e+03,1.176470588235294e+00,3585956
6.481143242619060e+03,6.477613830854355e+03,1.176470588235294e+00,3585957
6.484413983556246e+03,6.482649277673893e+03,5.882352941176471e-01,3585959
6.484838691083444e+03,6.478771156882845e+03,1.764705882352941e+00,3585958
6.489227820928831e+03,6.485698409164125e+03,1.176470588235294e+00,3585960
6.489845795157337e+03,6.488081089274984e+03,5.882352941176471e-01,3585961
6.491791536944156e+03,6.490026831061803e+03,5.882352941176471e-01,3585962
6.492686138947533e+03,6.490921433065181e+03,5.882352941176471e-01,3585964
6.493556242826509e+03,6.491221749202355e+03,5.882352941176471e-01,3585965
6.494134341007942e+03,6.490604929243237e+03,1.176470588235294e+00,3585963
6.497980256594592e+03,6.491741865084591e+03,1.764705882352941e+00,3585966
6.500978299232538e+03,6.495684181585479e+03,1.764705882352941e+00,3585967
6.501077271320570e+03,6.499312565438217e+03,5.882352941176471e-01,3585969
6.501119624856334e+03,6.495825507209275e+03,1.764705882352941e+00,3585968
6.502743005114891e+03,6.499536699686743e+03,5.882352941176471e-01,3585970
6.506371388967629e+03,6.500264536191748e+03,1.764705882352941e+00,3585971
6.506813330405226e+03,6.501519212758167e+03,1.764705882352941e+00,3585972
6.508037122761950e+03,6.502742480677365e+03,1.764705882352941e+00,3585973
6.508136094849982e+03,6.503804960911281e+03,5.882352941176471e-01,3585974
6.508578036287579e+03,6.503957870834492e+03,5.882352941176471e-01,3585975
6.509801828644303e+03,6.504674419127641e+03,5.882352941176471e-01,3585976
6.509900800732334e+03,6.505010538042853e+03,5.882352941176471e-01,3585977
6.510342742169932e+03,6.506133612294228e+03,5.882352941176471e-01,3585978
6.511566534526656e+03,6.508152925131567e+03,5.882352941176471e-01,3585979
6.512082859833069e+03,6.510318153950716e+03,5.882352941176471e-01,3585980
6.513047740453099e+03,6.511283034570746e+03,5.882352941176471e-01,3585981
6.515653589923584e+03,6.513888884041231e+03,5.882352941176471e-01,3585982
6.518711601079958e+03,6.515182189315252e+03,1.176470588235294e+00,3585983
6.518765949211469e+03,6.517001243329116e+03,5.882352941176471e-01,3585984
6.521368266206269e+03,6.519603560323916e+03,5.882352941176471e-01,3585985
6.522277625719670e+03,6.520512919837317e+03,5.882352941176471e-01,3585986
6.524944124650611e+03,6.523179418768258e+03,5.882352941176471e-01,3585988
6.526708830532964e+03,6.524083669355503e+03,5.882352941176471e-01,3585990
6.528033378467490e+03,6.522739260820431e+03,1.764705882352941e+00,3585987
6.529028541375265e+03,6.523734423728206e+03,1.764705882352941e+00,3585989
6.537108491423125e+03,6.531814373776066e+03,1.764705882352941e+00,3585991
6.538092811758238e+03,6.536328105875885e+03,5.882352941176471e-01,3585993
6.540121276263292e+03,6.534827158616233e+03,1.764705882352941e+00,3585992
6.546979513375495e+03,6.545214807493142e+03,5.882352941176471e-01,3585995
6.547334034282565e+03,6.545569328400212e+03,5.882352941176471e-01,3585996
6.548572922880119e+03,6.543278805233060e+03,1.764705882352941e+00,3585994
6.548744219257848e+03,6.546343234091181e+03,5.882352941176471e-01,3585997
6.549202395606694e+03,6.547437689724342e+03,5.882352941176471e-01,3585998
6.553359035889958e+03,6.551594330007605e+03,5.882352941176471e-01,3585999
6.557070801507498e+03,6.555306095625145e+03,5.882352941176471e-01,3586001
6.559641046555072e+03,6.554346928908014e+03,1.764705882352941e+00,3586000
6.561156431677741e+03,6.559391725795388e+03,5.882352941176471e-01,3586002
6.563150576548627e+03,6.561385870666274e+03,5.882352941176471e-01,3586004
6.564453788850381e+03,6.560924377085675e+03,1.176470588235294e+00,3586003
6.567705121025023e+03,6.562411003377964e+03,1.764705882352941e+00,3586005
6.568444694195686e+03,6.562900983564767e+03,1.764705882352941e+00,3586006
6.569747906497440e+03,6.564124087799369e+03,1.764705882352941e+00,3586007
6.571512612379793e+03,6.569361695630475e+03,5.882352941176471e-01,3586010
6.572999238672082e+03,6.564243909620522e+03,1.764705882352941e+00,3586008
6.573738811842744e+03,6.566083488175374e+03,1.764705882352941e+00,3586009
6.576601744114020e+03,6.573072332349314e+03,1.176470588235294e+00,3586011
6.578606999980547e+03,6.576842294098194e+03,5.882352941176471e-01,3586012
6.578948670204265e+03,6.577183964321912e+03,5.882352941176471e-01,3586013
6.583123182229603e+03,6.581358476347250e+03,5.882352941176471e-01,3586015
6.584886734064654e+03,6.579592616417595e+03,1.764705882352941e+00,3586014
6.584887888111956e+03,6.583008054000798e+03,5.882352941176471e-01,3586017
6.586651439947007e+03,6.583377738107594e+03,5.882352941176471e-01,3586018
6.587976863381318e+03,6.582682745734259e+03,1.764705882352941e+00,3586016
6.588416145829360e+03,6.584001838331905e+03,5.882352941176471e-01,3586020
6.588417299876662e+03,6.583771314664738e+03,1.176470588235294e+00,3586019
6.589741569263671e+03,6.584537367602137e+03,5.882352941176471e-01,3586021
6.590180851711713e+03,6.585523315559883e+03,5.882352941176471e-01,3586022
6.591677097624026e+03,6.589912391741673e+03,5.882352941176471e-01,3586024
6.591946711641367e+03,6.587103638044808e+03,1.176470588235294e+00,3586023
6.592284786518844e+03,6.590520080636491e+03,5.882352941176471e-01,3586025
6.593456946960461e+03,6.591692241078108e+03,5.882352941176471e-01,3586026
6.593861586710462e+03,6.592096880828109e+03,5.882352941176471e-01,3586027
6.595634619711436e+03,6.593869913829083e+03,5.882352941176471e-01,3586028
6.596282779665890e+03,6.594518073783537e+03,5.882352941176471e-01,3586029
6.598840930735576e+03,6.597076224853223e+03,5.882352941176471e-01,3586031
6.599871576354339e+03,6.596342164589633e+03,1.176470588235294e+00,3586030
6.603172207428885e+03,6.599642795664179e+03,1.176470588235294e+00,3586033
6.604875267287716e+03,6.599581149640657e+03,1.764705882352941e+00,3586032
6.605569365637609e+03,6.603804659755256e+03,5.882352941176471e-01,3586034
6.614784590460298e+03,6.609490472813239e+03,1.764705882352941e+00,3586035
6.615538585409432e+03,6.613773879527079e+03,5.882352941176471e-01,3586037
6.617759629323086e+03,6.612465511676027e+03,1.764705882352941e+00,3586036
6.620638255724393e+03,6.618873549842040e+03,5.882352941176471e-01,3586038
6.623240275476105e+03,6.619710863711399e+03,1.176470588235294e+00,3586039
6.625910445437793e+03,6.620616327790734e+03,1.764705882352941e+00,3586040
6.626395163106048e+03,6.621101045458989e+03,1.764705882352941e+00,3586041
6.628534393123164e+03,6.621166958256967e+03,1.764705882352941e+00,3586042
6.629924574870754e+03,6.624461957832535e+03,1.176470588235294e+00,3586044
6.630299099005517e+03,6.624868621157719e+03,5.882352941176471e-01,3586045
6.631204563084851e+03,6.623774837337271e+03,1.764705882352941e+00,3586043
6.631689280753107e+03,6.626296108923999e+03,5.882352941176471e-01,3586046
6.632063804887870e+03,6.627280234036594e+03,5.882352941176471e-01,3586047
6.632969268967204e+03,6.630697473608581e+03,5.882352941176471e-01,3586048
6.635813094227443e+03,6.632283682462737e+03,1.176470588235294e+00,3586049
6.636797460997173e+03,6.635032755114820e+03,5.882352941176471e-01,3586050
6.639307984029624e+03,6.637543278147271e+03,5.882352941176471e-01,3586052
6.640922279785397e+03,6.639157573903044e+03,5.882352941176471e-01,3586053
6.641070156712819e+03,6.635776039065760e+03,1.764705882352941e+00,3586051
6.641312923791073e+03,6.639548217908720e+03,5.882352941176471e-01,3586054
6.644427444796190e+03,6.642662738913837e+03,5.882352941176471e-01,3586057
6.646192150678543e+03,6.643994007040082e+03,5.882352941176471e-01,3586058
6.646216397432456e+03,6.640818981925872e+03,1.764705882352941e+00,3586055
6.646835095735720e+03,6.641540978088661e+03,1.764705882352941e+00,3586056
6.647981103314809e+03,6.644449054263978e+03,5.882352941176471e-01,3586060
6.651486268325601e+03,6.644129111098474e+03,1.764705882352941e+00,3586059
6.652129213382779e+03,6.645381058987423e+03,1.764705882352941e+00,3586061
6.653250974207954e+03,6.648270735261320e+03,5.882352941176471e-01,3586063
6.653275220961868e+03,6.647371071678575e+03,1.764705882352941e+00,3586062
6.653893919265132e+03,6.650184298795302e+03,5.882352941176471e-01,3586064
6.655015680090307e+03,6.650868408712914e+03,5.882352941176471e-01,3586065
6.657423331029837e+03,6.652046104225702e+03,1.176470588235294e+00,3586067
6.658569338608926e+03,6.651806449437079e+03,1.764705882352941e+00,3586066
6.659188036912190e+03,6.654703401443880e+03,5.882352941176471e-01,3586069
6.660309797737366e+03,6.653504905843025e+03,1.764705882352941e+00,3586068
6.660334044491279e+03,6.656981282045327e+03,5.882352941176471e-01,3586070
6.662213003568488e+03,6.660448297686135e+03,5.882352941176471e-01,3586071
6.663716231128094e+03,6.661951525245741e+03,5.882352941176471e-01,3586073
6.666438636735597e+03,6.661144519088538e+03,1.764705882352941e+00,3586072
6.667941210146537e+03,6.664411798381831e+03,1.176470588235294e+00,3586074
6.670947430350729e+03,6.669182724468376e+03,5.882352941176471e-01,3586076
6.674234888389597e+03,6.668940770742538e+03,1.764705882352941e+00,3586075
6.674476842115435e+03,6.669792834001224e+03,1.176470588235294e+00,3586078
6.674945644363820e+03,6.669651526716761e+03,1.764705882352941e+00,3586077
6.675999594271950e+03,6.671102324878813e+03,5.882352941176471e-01,3586079
6.679529006036656e+03,6.674325168224928e+03,1.176470588235294e+00,3586082
6.679770959762494e+03,6.671630595386062e+03,1.764705882352941e+00,3586080
6.680239762010878e+03,6.672317157943796e+03,1.764705882352941e+00,3586081
6.681293711919009e+03,6.675060007732176e+03,5.882352941176471e-01,3586083
6.683769173775584e+03,6.677316215990558e+03,1.176470588235294e+00,3586085
6.685065077409553e+03,6.676878003157254e+03,1.764705882352941e+00,3586084
6.685533879657937e+03,6.679461104425357e+03,5.882352941176471e-01,3586087
6.686587829566068e+03,6.678699612542095e+03,1.764705882352941e+00,3586086
6.687298585540290e+03,6.682641869623137e+03,5.882352941176471e-01,3586089
6.688352535448421e+03,6.683203424610151e+03,5.882352941176471e-01,3586090
6.689063291422643e+03,6.683935650365957e+03,5.882352941176471e-01,3586091
6.690117241330774e+03,6.685383745579617e+03,5.882352941176471e-01,3586092
6.690359195056612e+03,6.680313274138460e+03,1.764705882352941e+00,3586088
6.691881947213127e+03,6.687354542432283e+03,5.882352941176471e-01,3586094
6.692123900938965e+03,6.689994554808852e+03,5.882352941176471e-01,3586095
6.693888606821318e+03,6.691906634837320e+03,5.882352941176471e-01,3586097
6.694357409069702e+03,6.686076054744151e+03,1.764705882352941e+00,3586093
6.695411358977833e+03,6.690517132554242e+03,1.176470588235294e+00,3586096
6.695653312703671e+03,6.693749476255794e+03,5.882352941176471e-01,3586098
6.699013925770106e+03,6.697249219887753e+03,5.882352941176471e-01,3586101
6.700138591070529e+03,6.694844473423471e+03,1.764705882352941e+00,3586099
6.700848881389103e+03,6.695554763742044e+03,1.764705882352941e+00,3586100
6.704308043417165e+03,6.698778523252615e+03,1.764705882352941e+00,3586102
6.705432708717588e+03,6.699117377621802e+03,1.764705882352941e+00,3586103
6.706072749299518e+03,6.700243798581721e+03,5.882352941176471e-01,3586105
6.706142999036161e+03,6.699346619644829e+03,1.764705882352941e+00,3586104
6.707197414599941e+03,6.701339817723901e+03,5.882352941176471e-01,3586106
6.707837455181871e+03,6.703795068123036e+03,5.882352941176471e-01,3586107
6.711236648191590e+03,6.707707236426884e+03,1.176470588235294e+00,3586108
6.713058535795907e+03,6.711293829913554e+03,5.882352941176471e-01,3586110
6.716351912009722e+03,6.711057794362664e+03,1.764705882352941e+00,3586109
6.717282027574201e+03,6.711987909927142e+03,1.764705882352941e+00,3586111
6.719375036086486e+03,6.717610330204133e+03,5.882352941176471e-01,3586112
6.722311763053338e+03,6.720547057170985e+03,5.882352941176471e-01,3586113
6.724036947021766e+03,6.722272241139413e+03,5.882352941176471e-01,3586114
6.725871672885449e+03,6.722342261120743e+03,1.176470588235294e+00,3586115
6.729378425264887e+03,6.725849013500181e+03,1.176470588235294e+00,3586116
6.730006599901316e+03,6.728241894018963e+03,5.882352941176471e-01,3586117
6.730680642518082e+03,6.728915936635729e+03,5.882352941176471e-01,3586118
6.731147727418913e+03,6.729383021536560e+03,5.882352941176471e-01,3586119
6.731771305783669e+03,6.729432832455764e+03,5.882352941176471e-01,3586120
6.732445348400435e+03,6.730520036979833e+03,5.882352941176471e-01,3586121
6.736441845065972e+03,6.730545581718681e+03,1.764705882352941e+00,3586122
6.740807377606269e+03,6.735513259959210e+03,1.764705882352941e+00,3586123
6.741409951032001e+03,6.739645245149648e+03,5.882352941176471e-01,3586124
6.743208553942558e+03,6.741443848060205e+03,5.882352941176471e-01,3586125
6.747058140879942e+03,6.741764023232884e+03,1.764705882352941e+00,3586126
6.748822846762295e+03,6.746256145535455e+03,5.882352941176471e-01,3586129
6.749147796264453e+03,6.743853678617394e+03,1.764705882352941e+00,3586127
6.749506740800866e+03,6.744212623153807e+03,1.764705882352941e+00,3586128
6.753036152565572e+03,6.747334840200179e+03,1.176470588235294e+00,3586132
6.754116964409354e+03,6.746608114831151e+03,1.764705882352941e+00,3586130
6.754441913911512e+03,6.747147989237059e+03,1.764705882352941e+00,3586131
6.756206619793865e+03,6.751365206347377e+03,5.882352941176471e-01,3586135
6.757971325676217e+03,6.751797435313167e+03,5.882352941176471e-01,3586136
6.758330270212631e+03,6.750468673113796e+03,1.764705882352941e+00,3586133
6.759411082056413e+03,6.750538048546668e+03,1.764705882352941e+00,3586134
6.759736031558570e+03,6.752034243847685e+03,5.882352941176471e-01,3586137
6.760094976094984e+03,6.752042239745124e+03,5.882352941176471e-01,3586138
6.761175787938766e+03,6.752254837815424e+03,5.882352941176471e-01,3586139
6.761500737440923e+03,6.753585404092623e+03,5.882352941176471e-01,3586140
6.761859681977337e+03,6.753630762555612e+03,5.882352941176471e-01,3586141
6.762940493821119e+03,6.754008707606110e+03,5.882352941176471e-01,3586142
6.763265443323276e+03,6.755712878488909e+03,5.882352941176471e-01,3586143
6.764705199703472e+03,6.757400059707507e+03,5.882352941176471e-01,3586145
6.765030149205629e+03,6.758791710308582e+03,5.882352941176471e-01,3586146
6.766469905585825e+03,6.759121240696187e+03,5.882352941176471e-01,3586147
6.766794855087982e+03,6.759551011753497e+03,5.882352941176471e-01,3586148
6.767153799624395e+03,6.756316493109636e+03,1.764705882352941e+00,3586144
6.768559560970335e+03,6.760841561258496e+03,5.882352941176471e-01,3586150
6.768918505506748e+03,6.762833416693503e+03,5.882352941176471e-01,3586151
6.770324266852688e+03,6.762940154184557e+03,5.882352941176471e-01,3586152
6.770683211389101e+03,6.767089023173663e+03,5.882352941176471e-01,3586153
6.771764023232884e+03,6.760337966618546e+03,1.764705882352941e+00,3586149
6.772447917271454e+03,6.768048544099701e+03,5.882352941176471e-01,3586155
6.773853678617394e+03,6.767500550094568e+03,1.176470588235294e+00,3586154
6.777058140879942e+03,6.769384764649570e+03,1.764705882352941e+00,3586156
6.777742034918513e+03,6.769702780921727e+03,1.764705882352941e+00,3586157
6.779147796264453e+03,6.770321266723932e+03,1.764705882352941e+00,3586158
6.779506740800866e+03,6.776386717392131e+03,5.882352941176471e-01,3586160
6.780912502146806e+03,6.778849730388931e+03,5.882352941176471e-01,3586161
6.782352258527001e+03,6.776320670440640e+03,1.764705882352941e+00,3586159
6.782677208029159e+03,6.779870592635405e+03,5.882352941176471e-01,3586163
6.783127243750148e+03,6.779597831985442e+03,1.176470588235294e+00,3586162
6.784891949632501e+03,6.781588692256082e+03,5.882352941176471e-01,3586166
6.787646376174060e+03,6.780359695678597e+03,1.764705882352941e+00,3586164
6.787971325676217e+03,6.781500791888920e+03,1.764705882352941e+00,3586165
6.789411082056413e+03,6.784051849150974e+03,5.882352941176471e-01,3586168
6.790186067279559e+03,6.782085256188734e+03,1.764705882352941e+00,3586167
6.791950773161912e+03,6.788685516456057e+03,5.882352941176471e-01,3586171
6.793265443323276e+03,6.785748239211261e+03,1.764705882352941e+00,3586169
6.794705199703472e+03,6.787249450468374e+03,1.764705882352941e+00,3586170
6.796115845759572e+03,6.792586433994866e+03,1.176470588235294e+00,3586172
6.796794855087982e+03,6.792811749085305e+03,1.176470588235294e+00,3586173
6.801334425797725e+03,6.799569719915372e+03,5.882352941176471e-01,3586175
6.802053988221098e+03,6.800289282338745e+03,5.882352941176471e-01,3586176
6.803099131680078e+03,6.800337827686197e+03,5.882352941176471e-01,3586177
6.803818694103451e+03,6.801374703601275e+03,5.882352941176471e-01,3586178
6.804245190164674e+03,6.798951072517615e+03,1.764705882352941e+00,3586174
6.807898072197013e+03,6.806133366314660e+03,5.882352941176471e-01,3586180
6.810814216188766e+03,6.805520098541707e+03,1.764705882352941e+00,3586179
6.810942706031083e+03,6.807413294266377e+03,1.176470588235294e+00,3586181
6.812578922071119e+03,6.809710086506583e+03,5.882352941176471e-01,3586183
6.813192189844072e+03,6.807622085594952e+03,1.764705882352941e+00,3586182
6.814025255784276e+03,6.812260549901923e+03,5.882352941176471e-01,3586184
6.815555225372808e+03,6.813790519490455e+03,5.882352941176471e-01,3586186
6.818175767053170e+03,6.812881649406111e+03,1.764705882352941e+00,3586185
6.820055668762175e+03,6.818290962879822e+03,5.882352941176471e-01,3586187
6.829202978606915e+03,6.827438272724562e+03,5.882352941176471e-01,3586188
6.834507563116268e+03,6.832742857233915e+03,5.882352941176471e-01,3586189
6.838293638691043e+03,6.832999521043985e+03,1.764705882352941e+00,3586190
6.838347819205538e+03,6.836583113323185e+03,5.882352941176471e-01,3586191
6.841798550484752e+03,6.838269138720046e+03,1.176470588235294e+00,3586192
6.843304593480721e+03,6.841539887598368e+03,5.882352941176471e-01,3586194
6.843723195539994e+03,6.838429077892936e+03,1.764705882352941e+00,3586193
6.845069299363074e+03,6.841884827512367e+03,5.882352941176471e-01,3586196
6.847092668131811e+03,6.841786012048153e+03,1.764705882352941e+00,3586195
6.849017313187053e+03,6.842037169827429e+03,1.764705882352941e+00,3586197
6.851075570145031e+03,6.847546158380325e+03,1.176470588235294e+00,3586198
6.852840276027384e+03,6.849742895631961e+03,5.882352941176471e-01,3586201
6.853947768139040e+03,6.848653650491982e+03,1.764705882352941e+00,3586199
6.854311430834112e+03,6.848761375535383e+03,1.764705882352941e+00,3586200
6.854604981909737e+03,6.850484371068950e+03,5.882352941176471e-01,3586202
6.856076136716465e+03,6.851967461756776e+03,5.882352941176471e-01,3586204
6.856369687792090e+03,6.851990351263325e+03,5.882352941176471e-01,3586205
6.857477179903746e+03,6.851882779932049e+03,1.176470588235294e+00,3586203
6.857840842598818e+03,6.853772884132241e+03,5.882352941176471e-01,3586206
6.859241885786099e+03,6.854653437403903e+03,5.882352941176471e-01,3586208
6.859605548481171e+03,6.855566246866065e+03,5.882352941176471e-01,3586209
6.861006591668452e+03,6.856893225889173e+03,5.882352941176471e-01,3586210
6.861663805439149e+03,6.854364985210261e+03,1.764705882352941e+00,3586207
6.864899666128230e+03,6.858566163964289e+03,1.764705882352941e+00,3586211
6.864955629576233e+03,6.863190923693880e+03,5.882352941176471e-01,3586213
6.865474872935783e+03,6.861945461171078e+03,1.176470588235294e+00,3586212
6.866664372010583e+03,6.864626250546064e+03,5.882352941176471e-01,3586214
6.869996198688884e+03,6.868231492806531e+03,5.882352941176471e-01,3586215
6.871513117135859e+03,6.869748411253506e+03,5.882352941176471e-01,3586217
6.873277823018212e+03,6.871000978363209e+03,5.882352941176471e-01,3586219
6.873912984545425e+03,6.868618866898366e+03,1.764705882352941e+00,3586216
6.875566898108418e+03,6.870272780461359e+03,1.764705882352941e+00,3586218
6.875677690427778e+03,6.872096735720812e+03,5.882352941176471e-01,3586221
6.877491510884296e+03,6.875726805001943e+03,5.882352941176471e-01,3586223
6.878571940665271e+03,6.871624698139793e+03,1.764705882352941e+00,3586220
6.879256216766649e+03,6.875747368347076e+03,5.882352941176471e-01,3586224
6.880861015755477e+03,6.874895218785451e+03,1.764705882352941e+00,3586222
6.884446590611756e+03,6.882681884729403e+03,5.882352941176471e-01,3586225
6.886496327255522e+03,6.884731621373169e+03,5.882352941176471e-01,3586228
6.888261033137875e+03,6.886203924687197e+03,5.882352941176471e-01,3586229
6.888366855157671e+03,6.883072737510612e+03,1.764705882352941e+00,3586226
6.889543565109752e+03,6.884249447462694e+03,1.764705882352941e+00,3586227
6.890117625625102e+03,6.888352919742749e+03,5.882352941176471e-01,3586230
6.891418804503482e+03,6.889654098621129e+03,5.882352941176471e-01,3586231
6.892060427756657e+03,6.890295721874304e+03,5.882352941176471e-01,3586232
6.892559122891196e+03,6.890794417008843e+03,5.882352941176471e-01,3586233
6.893183510385835e+03,6.891287104449174e+03,5.882352941176471e-01,3586234
6.895354340050606e+03,6.893589634168253e+03,5.882352941176471e-01,3586236
6.895628962903226e+03,6.893864257020873e+03,5.882352941176471e-01,3586237
6.896068887389563e+03,6.892539475624857e+03,1.176470588235294e+00,3586235
6.897119045932959e+03,6.895025178319449e+03,5.882352941176471e-01,3586238
6.897833593271916e+03,6.896044041314392e+03,5.882352941176471e-01,3586240
6.899640460098510e+03,6.897875754216158e+03,5.882352941176471e-01,3586241
6.900923080550285e+03,6.895050355919262e+03,1.764705882352941e+00,3586239
6.903583294201023e+03,6.898289176553964e+03,1.764705882352941e+00,3586242
6.905592767935770e+03,6.903828062053417e+03,5.882352941176471e-01,3586243
6.907875954737743e+03,6.906111248855390e+03,5.882352941176471e-01,3586244
6.908520390199216e+03,6.906755684316863e+03,5.882352941176471e-01,3586245
6.909011862446681e+03,6.907247156564328e+03,5.882352941176471e-01,3586246
6.909714868239308e+03,6.907950162356955e+03,5.882352941176471e-01,3586247
6.912046343271938e+03,6.910281637389585e+03,5.882352941176471e-01,3586249
6.914980330453334e+03,6.909686212806275e+03,1.764705882352941e+00,3586248
6.915918423965248e+03,6.914153718082895e+03,5.882352941176471e-01,3586251
6.916745036335687e+03,6.914655351945181e+03,5.882352941176471e-01,3586252
6.917466770527837e+03,6.912172652880778e+03,1.764705882352941e+00,3586250
6.922028572713221e+03,6.920263866830868e+03,5.882352941176471e-01,3586253
6.922079665371320e+03,6.920314959488967e+03,5.882352941176471e-01,3586254
6.925584896197979e+03,6.923820190315626e+03,5.882352941176471e-01,3586256
6.927722046651636e+03,6.922427929004577e+03,1.764705882352941e+00,3586255
6.928814071083061e+03,6.925284659318355e+03,1.176470588235294e+00,3586257
6.930124532481334e+03,6.926595120716628e+03,1.176470588235294e+00,3586258
6.932618098230373e+03,6.930853392348020e+03,5.882352941176471e-01,3586260
6.934062476289409e+03,6.928768358642350e+03,1.764705882352941e+00,3586259
6.937890446427824e+03,6.936125740545471e+03,5.882352941176471e-01,3586261
6.938344913331839e+03,6.936580207449487e+03,5.882352941176471e-01,3586262
6.942251844582999e+03,6.940487138700646e+03,5.882352941176471e-01,3586264
6.942433980742671e+03,6.940669274860319e+03,5.882352941176471e-01,3586265
6.942673177886613e+03,6.937379060239554e+03,1.764705882352941e+00,3586263
6.944198686625024e+03,6.942397739338788e+03,5.882352941176471e-01,3586267
6.946350432158394e+03,6.944585726276041e+03,5.882352941176471e-01,3586269
6.947545962230058e+03,6.940850278681802e+03,1.764705882352941e+00,3586266
6.948366835018917e+03,6.943072717371858e+03,1.764705882352941e+00,3586268
6.950131540901270e+03,6.947656996984565e+03,5.882352941176471e-01,3586272
6.951075373994764e+03,6.945370706970846e+03,1.176470588235294e+00,3586271
6.951644549805453e+03,6.945319696418498e+03,1.764705882352941e+00,3586270
6.951896246783623e+03,6.948062397003877e+03,5.882352941176471e-01,3586273
6.952840079877116e+03,6.948212517087672e+03,5.882352941176471e-01,3586274
6.953409255687806e+03,6.948635751867316e+03,5.882352941176471e-01,3586275
6.955425658548328e+03,6.951275388070719e+03,1.176470588235294e+00,3586276
6.955464698201601e+03,6.953699992319248e+03,5.882352941176471e-01,3586277
6.955592911129808e+03,6.953828205247455e+03,5.882352941176471e-01,3586278
6.958818643387969e+03,6.957053937505616e+03,5.882352941176471e-01,3586279
6.960968608957761e+03,6.959203903075408e+03,5.882352941176471e-01,3586280
6.965668970786010e+03,6.963904264903657e+03,5.882352941176471e-01,3586281
6.965856280964504e+03,6.964091575082151e+03,5.882352941176471e-01,3586282
6.967802534330829e+03,6.964273122566123e+03,1.176470588235294e+00,3586283
6.968373018275637e+03,6.966608312393284e+03,5.882352941176471e-01,3586285
6.969567240213182e+03,6.967438023349317e+03,5.882352941176471e-01,3586286
6.970023978330944e+03,6.966494566566238e+03,1.176470588235294e+00,3586284
6.970137724157990e+03,6.967986767404298e+03,5.882352941176471e-01,3586287
6.974158493108862e+03,6.972393787226510e+03,5.882352941176471e-01,3586290
6.975411933601186e+03,6.970117815954127e+03,1.764705882352941e+00,3586288
6.976000729419875e+03,6.974236023537522e+03,5.882352941176471e-01,3586291
6.976922293439059e+03,6.971628175792000e+03,1.764705882352941e+00,3586289
6.977759716159857e+03,6.975995010277504e+03,5.882352941176471e-01,3586292
6.979996423605849e+03,6.978231717723496e+03,5.882352941176471e-01,3586293
6.980003007516954e+03,6.978238301634601e+03,5.882352941176471e-01,3586294
6.984057008128824e+03,6.978762890481765e+03,1.764705882352941e+00,3586295
6.989071600474724e+03,6.987306894592371e+03,5.882352941176471e-01,3586296
6.994124241958638e+03,6.990594830193932e+03,1.176470588235294e+00,3586298
6.994345672321975e+03,6.989051554674916e+03,1.764705882352941e+00,3586297
6.996079773446899e+03,6.990785655799840e+03,1.764705882352941e+00,3586299
6.996110378204328e+03,6.992649093210250e+03,5.882352941176471e-01,3586301
6.997653653723343e+03,6.991129975585141e+03,1.176470588235294e+00,3586300
6.997844479329252e+03,6.993112883116251e+03,5.882352941176471e-01,3586302
6.997875084086681e+03,6.994686974066386e+03,5.882352941176471e-01,3586303
7.002145917191710e+03,6.998616505427004e+03,1.176470588235294e+00,3586304
7.003910623074062e+03,7.001537517785755e+03,5.882352941176471e-01,3586307
7.003938415773050e+03,6.998644298125992e+03,1.764705882352941e+00,3586305
7.005675328956415e+03,7.001734039366170e+03,5.882352941176471e-01,3586308
7.005778220796183e+03,7.004013514913830e+03,5.882352941176471e-01,3586309
7.006114317672799e+03,7.000820200025740e+03,1.764705882352941e+00,3586306
7.007440034838768e+03,7.004081787075427e+03,5.882352941176471e-01,3586310
7.009204740721121e+03,7.005258038350212e+03,5.882352941176471e-01,3586313
7.010969446603474e+03,7.008698415876383e+03,5.882352941176471e-01,3586314
7.011072338443241e+03,7.004309245181536e+03,1.764705882352941e+00,3586311
7.011408435319857e+03,7.005220583720090e+03,1.764705882352941e+00,3586312
7.012734152485827e+03,7.009977727877053e+03,5.882352941176471e-01,3586315
7.015397880199095e+03,7.013633174316742e+03,5.882352941176471e-01,3586316
7.021497458654524e+03,7.019732752772171e+03,5.882352941176471e-01,3586317
7.021792033131362e+03,7.020027327249009e+03,5.882352941176471e-01,3586318
7.025853809320232e+03,7.022324397555526e+03,1.176470588235294e+00,3586320
7.026676722964849e+03,7.021382605317790e+03,1.764705882352941e+00,3586319
7.028868801057833e+03,7.027104095175480e+03,5.882352941176471e-01,3586321
7.033111888425243e+03,7.031347182542890e+03,5.882352941176471e-01,3586323
7.034023900054010e+03,7.030494488289304e+03,1.176470588235294e+00,3586322
7.034512641476490e+03,7.032747935594137e+03,5.882352941176471e-01,3586324
7.036069160413839e+03,7.034304454531486e+03,5.882352941176471e-01,3586325
7.038156580181785e+03,7.036391874299432e+03,5.882352941176471e-01,3586326
7.039254886145799e+03,7.037490180263447e+03,5.882352941176471e-01,3586327
7.042175760783445e+03,7.040411054901092e+03,5.882352941176471e-01,3586328
7.047236774138241e+03,7.045472068255888e+03,5.882352941176471e-01,3586330
7.048006633250449e+03,7.042712515603391e+03,1.764705882352941e+00,3586329
7.049500442771095e+03,7.045971031006390e+03,1.176470588235294e+00,3586331
7.052530891785300e+03,7.046163660041686e+03,1.764705882352941e+00,3586332
7.053300750897508e+03,7.047713104893263e+03,1.764705882352941e+00,3586333
7.054295597667653e+03,7.051617986265847e+03,5.882352941176471e-01,3586335
7.056301253029043e+03,7.051007135381984e+03,1.764705882352941e+00,3586334
7.058202213189127e+03,7.056437507306774e+03,5.882352941176471e-01,3586338
7.058594868544567e+03,7.052072484919880e+03,1.764705882352941e+00,3586336
7.058976993367986e+03,7.055447581603280e+03,1.176470588235294e+00,3586337
7.059966919071480e+03,7.057431152871674e+03,5.882352941176471e-01,3586339
7.060705960031181e+03,7.058941254148828e+03,5.882352941176471e-01,3586340
7.062056666624660e+03,7.060291960742307e+03,5.882352941176471e-01,3586341
7.066452769874493e+03,7.064688063992140e+03,5.882352941176471e-01,3586343
7.066804398110323e+03,7.063274986345617e+03,1.176470588235294e+00,3586342
7.068034266867084e+03,7.066269560984731e+03,5.882352941176471e-01,3586344
7.070275046210081e+03,7.068510340327728e+03,5.882352941176471e-01,3586345
7.071758146533352e+03,7.069993440650999e+03,5.882352941176471e-01,3586346
7.072583806620289e+03,7.070819100737936e+03,5.882352941176471e-01,3586347
7.077950607451319e+03,7.076185901568966e+03,5.882352941176471e-01,3586348
7.080442237188796e+03,7.078677531306443e+03,5.882352941176471e-01,3586349
7.083431701460061e+03,7.081666995577708e+03,5.882352941176471e-01,3586350
7.087317256780558e+03,7.082023139133500e+03,1.764705882352941e+00,3586351
7.087526906420934e+03,7.082232788773875e+03,1.764705882352941e+00,3586352
7.088725819107120e+03,7.083103214916478e+03,1.764705882352941e+00,3586353
7.089081962662911e+03,7.083496071918407e+03,5.882352941176471e-01,3586354
7.089291612303287e+03,7.084569571940372e+03,5.882352941176471e-01,3586355
7.090490524989473e+03,7.086960982050607e+03,5.882352941176471e-01,3586356
7.092255230871826e+03,7.089754308300784e+03,5.882352941176471e-01,3586359
7.094019936754179e+03,7.090044530044322e+03,5.882352941176471e-01,3586360
7.094376080309970e+03,7.088855985448528e+03,1.764705882352941e+00,3586357
7.094585729950345e+03,7.089056092735750e+03,1.764705882352941e+00,3586358
7.096140786192323e+03,7.091201091487181e+03,5.882352941176471e-01,3586362
7.096350435832698e+03,7.092512947273459e+03,5.882352941176471e-01,3586363
7.097549348518885e+03,7.090343642991869e+03,1.176470588235294e+00,3586361
7.098115141715051e+03,7.095441376338266e+03,5.882352941176471e-01,3586365
7.101078760283590e+03,7.096404636483607e+03,1.176470588235294e+00,3586366
7.101434903839382e+03,7.093047268302438e+03,1.764705882352941e+00,3586364
7.102843466165943e+03,7.097363911003055e+03,5.882352941176471e-01,3586368
7.103409259362110e+03,7.096911673620460e+03,1.764705882352941e+00,3586367
7.104608172048296e+03,7.101726266304481e+03,5.882352941176471e-01,3586370
7.106372877930649e+03,7.104098398008418e+03,5.882352941176471e-01,3586372
7.106729021486441e+03,7.098691651590197e+03,1.764705882352941e+00,3586369
7.106938671126816e+03,7.101853003888684e+03,1.176470588235294e+00,3586371
7.108137583813002e+03,7.104970482181119e+03,5.882352941176471e-01,3586373
7.108493727368794e+03,7.105741874871182e+03,5.882352941176471e-01,3586374
7.108703377009169e+03,7.106675021949822e+03,5.882352941176471e-01,3586375
7.109902289695355e+03,7.107966585130262e+03,5.882352941176471e-01,3586376
7.111372289793896e+03,7.109607583911543e+03,5.882352941176471e-01,3586377
7.113178875692359e+03,7.111414169810006e+03,5.882352941176471e-01,3586378
7.115636375321616e+03,7.113871669439263e+03,5.882352941176471e-01,3586379
7.116482113715850e+03,7.114717407833497e+03,5.882352941176471e-01,3586380
7.120423651772989e+03,7.115129534125930e+03,1.764705882352941e+00,3586381
7.120824107743165e+03,7.119059401860812e+03,5.882352941176471e-01,3586382
7.123607530981570e+03,7.120078119216864e+03,1.176470588235294e+00,3586383
7.126195842692997e+03,7.124431136810644e+03,5.882352941176471e-01,3586384
7.132387283683839e+03,7.127093166036780e+03,1.764705882352941e+00,3586385
7.134080418203290e+03,7.128786300556231e+03,1.764705882352941e+00,3586386
7.134518275742027e+03,7.132753569859674e+03,5.882352941176471e-01,3586387
7.136496324264674e+03,7.132966912499968e+03,1.176470588235294e+00,3586388
7.139374535850349e+03,7.133356079365920e+03,1.764705882352941e+00,3586389
7.140496326657320e+03,7.135202209010261e+03,1.764705882352941e+00,3586390
7.141139241732702e+03,7.136867678451678e+03,5.882352941176471e-01,3586392
7.141790441911733e+03,7.136051002581027e+03,1.764705882352941e+00,3586391
7.145790444304379e+03,7.138165669317886e+03,1.764705882352941e+00,3586393
7.147640660180908e+03,7.145875954298555e+03,5.882352941176471e-01,3586394
7.148376591029403e+03,7.146611885147050e+03,5.882352941176471e-01,3586395
7.151279501936028e+03,7.149514796053675e+03,5.882352941176471e-01,3586397
7.152449404090078e+03,7.147155286443019e+03,1.764705882352941e+00,3586396
7.152759371610651e+03,7.150994665728298e+03,5.882352941176471e-01,3586398
7.155790031551119e+03,7.154025325668766e+03,5.882352941176471e-01,3586399
7.157285229053756e+03,7.155520523171403e+03,5.882352941176471e-01,3586400
7.157499564370050e+03,7.155734858487697e+03,5.882352941176471e-01,3586401
7.159689050331505e+03,7.157924344449152e+03,5.882352941176471e-01,3586402
7.160431295515740e+03,7.158666589633388e+03,5.882352941176471e-01,3586403
7.162730879631180e+03,7.160966173748827e+03,5.882352941176471e-01,3586404
7.164458811980980e+03,7.162694106098627e+03,5.882352941176471e-01,3586405
7.165295999122234e+03,7.163531293239881e+03,5.882352941176471e-01,3586406
7.169444639272821e+03,7.167679933390468e+03,5.882352941176471e-01,3586408
7.171453343554792e+03,7.169688637672439e+03,5.882352941176471e-01,3586410
7.172190575907922e+03,7.166896458260863e+03,1.764705882352941e+00,3586407
7.173567428289777e+03,7.171802722407424e+03,5.882352941176471e-01,3586411
7.174493218080338e+03,7.169199100433280e+03,1.764705882352941e+00,3586409
7.176216838675453e+03,7.174452132793100e+03,5.882352941176471e-01,3586412
7.176401671537845e+03,7.174636965655492e+03,5.882352941176471e-01,3586413
7.178704081679691e+03,7.176939375797338e+03,5.882352941176471e-01,3586414
7.182006507617074e+03,7.180241801734721e+03,5.882352941176471e-01,3586415
7.182143294327103e+03,7.180378588444751e+03,5.882352941176471e-01,3586416
7.184777413989692e+03,7.183012708107340e+03,5.882352941176471e-01,3586417
7.188194045757852e+03,7.186429339875499e+03,5.882352941176471e-01,3586419
7.188721527933013e+03,7.186956822050660e+03,5.882352941176471e-01,3586420
7.191273335987140e+03,7.185979218340081e+03,1.764705882352941e+00,3586418
7.191723457522558e+03,7.187372097794335e+03,1.176470588235294e+00,3586421
7.194358550846667e+03,7.189064433199608e+03,1.764705882352941e+00,3586422
7.194802747751846e+03,7.190693447811680e+03,1.176470588235294e+00,3586423
7.195780481580227e+03,7.194015775697874e+03,5.882352941176471e-01,3586424
7.196490712171769e+03,7.194726006289416e+03,5.882352941176471e-01,3586425
7.198909637739026e+03,7.197144931856673e+03,5.882352941176471e-01,3586427
7.200901242740187e+03,7.195607125093128e+03,1.764705882352941e+00,3586426
7.201482298700069e+03,7.199717592817716e+03,5.882352941176471e-01,3586428
7.204083417634912e+03,7.202318711752560e+03,5.882352941176471e-01,3586431
7.205371061506121e+03,7.200076943859062e+03,1.764705882352941e+00,3586429
7.205848123517265e+03,7.203437853716144e+03,5.882352941176471e-01,3586432
7.207135767388474e+03,7.204700608872610e+03,5.882352941176471e-01,3586433
7.207167775914290e+03,7.201873658267232e+03,1.764705882352941e+00,3586430
7.209775226888672e+03,7.208010521006319e+03,5.882352941176471e-01,3586435
7.211166134406042e+03,7.209401428523689e+03,5.882352941176471e-01,3586436
7.212825797569105e+03,7.207531679922046e+03,1.764705882352941e+00,3586434
7.215243744061604e+03,7.213479038179251e+03,5.882352941176471e-01,3586439
7.216247573890691e+03,7.210953456243632e+03,1.764705882352941e+00,3586437
7.216644377368414e+03,7.211350259721355e+03,1.764705882352941e+00,3586438
7.217008449943957e+03,7.215216509666322e+03,5.882352941176471e-01,3586440
7.218409083250767e+03,7.215849496732853e+03,5.882352941176471e-01,3586442
7.218773155826310e+03,7.216084942609172e+03,5.882352941176471e-01,3586443
7.220173789133120e+03,7.217125344382675e+03,5.882352941176471e-01,3586444
7.220537861708663e+03,7.218015107946413e+03,5.882352941176471e-01,3586445
7.221541691537750e+03,7.215601937917517e+03,1.764705882352941e+00,3586441
7.222845523352520e+03,7.221080817470167e+03,5.882352941176471e-01,3586447
7.225467906780179e+03,7.218900623011926e+03,1.764705882352941e+00,3586446
7.229210380567288e+03,7.227445674684935e+03,5.882352941176471e-01,3586448
7.233525714974622e+03,7.231761009092269e+03,5.882352941176471e-01,3586451
7.233566091736701e+03,7.228271974089642e+03,1.764705882352941e+00,3586449
7.234163394891167e+03,7.228869277244108e+03,1.764705882352941e+00,3586450
7.244742671582020e+03,7.241213259817314e+03,1.176470588235294e+00,3586453
7.245590511182719e+03,7.240296393535660e+03,1.764705882352941e+00,3586452
7.245917335851198e+03,7.242387924086492e+03,1.176470588235294e+00,3586454
7.247355217065072e+03,7.244299322303279e+03,5.882352941176471e-01,3586456
7.247682041733551e+03,7.244383433262630e+03,5.882352941176471e-01,3586457
7.249119922947425e+03,7.245479207797991e+03,5.882352941176471e-01,3586458
7.249446747615904e+03,7.246498481420191e+03,5.882352941176471e-01,3586459
7.250036789229079e+03,7.242624417260659e+03,1.764705882352941e+00,3586455
7.250915474084634e+03,7.249150768202281e+03,5.882352941176471e-01,3586460
7.252732576578013e+03,7.250967870695660e+03,5.882352941176471e-01,3586461
7.253317997870082e+03,7.251553291987729e+03,5.882352941176471e-01,3586463
7.254497282460366e+03,7.252040946608074e+03,5.882352941176471e-01,3586464
7.254687058861244e+03,7.251157647096538e+03,1.176470588235294e+00,3586462
7.255290810036312e+03,7.253526104153959e+03,5.882352941176471e-01,3586465
7.256261988342719e+03,7.253786450659568e+03,5.882352941176471e-01,3586466
7.256566326247104e+03,7.254801620364751e+03,5.882352941176471e-01,3586467
7.259960667208931e+03,7.258195961326578e+03,5.882352941176471e-01,3586468
7.260694794877914e+03,7.258930088995561e+03,5.882352941176471e-01,3586469
7.264059906904828e+03,7.260530495140122e+03,1.176470588235294e+00,3586471
7.264676497318216e+03,7.259382379671157e+03,1.764705882352941e+00,3586470
7.265374588652992e+03,7.263609882770639e+03,5.882352941176471e-01,3586472
7.265824612787181e+03,7.263671840366994e+03,5.882352941176471e-01,3586473
7.266441203200569e+03,7.263785201759684e+03,5.882352941176471e-01,3586474
7.267718008657617e+03,7.265953302775264e+03,5.882352941176471e-01,3586475
7.269997412086906e+03,7.268232706204553e+03,5.882352941176471e-01,3586477
7.272867442865498e+03,7.271102736983145e+03,5.882352941176471e-01,3586478
7.273249221721822e+03,7.267955104074763e+03,1.764705882352941e+00,3586476
7.278195045805395e+03,7.276430339923042e+03,5.882352941176471e-01,3586480
7.279959751687748e+03,7.277518739824777e+03,5.882352941176471e-01,3586482
7.281431833629836e+03,7.276137715982777e+03,1.764705882352941e+00,3586479
7.281724457570101e+03,7.278657907483024e+03,5.882352941176471e-01,3586483
7.282754638894411e+03,7.277460521247352e+03,1.764705882352941e+00,3586481
7.283196539512189e+03,7.281152688608593e+03,5.882352941176471e-01,3586484
7.283489163452454e+03,7.281156560402908e+03,5.882352941176471e-01,3586485
7.286126808023078e+03,7.284362102140725e+03,5.882352941176471e-01,3586487
7.287763734409656e+03,7.285999028527303e+03,5.882352941176471e-01,3586488
7.288025058076669e+03,7.286260352194316e+03,5.882352941176471e-01,3586489
7.288583479261586e+03,7.283289361614527e+03,1.764705882352941e+00,3586486
7.289789763959021e+03,7.287300063702434e+03,5.882352941176471e-01,3586491
7.290348185143939e+03,7.287691981351345e+03,5.882352941176471e-01,3586492
7.291554469841374e+03,7.288137715799560e+03,5.882352941176471e-01,3586493
7.293057852056715e+03,7.287225408631475e+03,1.764705882352941e+00,3586490
7.293319175723727e+03,7.290211773423600e+03,5.882352941176471e-01,3586495
7.295642302790998e+03,7.289703673882442e+03,1.764705882352941e+00,3586494
7.298351969703774e+03,7.292833824282267e+03,1.764705882352941e+00,3586496
7.299486497741409e+03,7.297721791859056e+03,5.882352941176471e-01,3586498
7.301251203623762e+03,7.298980946291353e+03,5.882352941176471e-01,3586500
7.301732710842900e+03,7.296438593195841e+03,1.764705882352941e+00,3586497
7.301881381468480e+03,7.298273357008335e+03,1.176470588235294e+00,3586499
7.303656681529930e+03,7.301891975647578e+03,5.882352941176471e-01,3586501
7.307019367893214e+03,7.305254662010861e+03,5.882352941176471e-01,3586503
7.308784073775567e+03,7.306199065791213e+03,5.882352941176471e-01,3586505
7.308838032454128e+03,7.303543914807069e+03,1.764705882352941e+00,3586502
7.310548779657920e+03,7.307555645423747e+03,5.882352941176471e-01,3586506
7.311406418455858e+03,7.306112300808799e+03,1.764705882352941e+00,3586504
7.314132150101187e+03,7.307895891489899e+03,1.764705882352941e+00,3586507
7.315842897304979e+03,7.308129716260805e+03,1.764705882352941e+00,3586508
7.315896855983540e+03,7.311683779898834e+03,5.882352941176471e-01,3586510
7.316700536102917e+03,7.310369396007808e+03,1.764705882352941e+00,3586509
7.317661561865893e+03,7.314275204836599e+03,5.882352941176471e-01,3586512
7.319426267748246e+03,7.316760338092001e+03,5.882352941176471e-01,3586514
7.321137014952038e+03,7.314229189299669e+03,1.764705882352941e+00,3586511
7.321994653749976e+03,7.315571533570006e+03,1.764705882352941e+00,3586513
7.324188559453858e+03,7.322423853571505e+03,5.882352941176471e-01,3586517
7.324666426716743e+03,7.320283578946279e+03,1.176470588235294e+00,3586516
7.324720385395305e+03,7.318952084012150e+03,1.764705882352941e+00,3586515
7.326777673484297e+03,7.325012967601944e+03,5.882352941176471e-01,3586518
7.328995800537797e+03,7.327231094655444e+03,5.882352941176471e-01,3586519
7.329527200781516e+03,7.327762494899163e+03,5.882352941176471e-01,3586521
7.332510755865669e+03,7.330746049983317e+03,5.882352941176471e-01,3586522
7.332634713775926e+03,7.330870007893573e+03,5.882352941176471e-01,3586523
7.332965506702889e+03,7.327671389055830e+03,1.764705882352941e+00,3586520
7.334275461748022e+03,7.332324252601321e+03,5.882352941176471e-01,3586524
7.340123165247629e+03,7.334829047600570e+03,1.764705882352941e+00,3586525
7.340375533323749e+03,7.338610827441396e+03,5.882352941176471e-01,3586526
7.341110900259157e+03,7.339346194376804e+03,5.882352941176471e-01,3586527
7.342140239206102e+03,7.340105470963008e+03,5.882352941176471e-01,3586529
7.343904945088455e+03,7.342012719576082e+03,5.882352941176471e-01,3586531
7.345417282894688e+03,7.339530231802703e+03,1.764705882352941e+00,3586528
7.346405017906216e+03,7.340697270093365e+03,1.764705882352941e+00,3586530
7.346580053559380e+03,7.344815347677027e+03,5.882352941176471e-01,3586532
7.351245927956015e+03,7.349481222073662e+03,5.882352941176471e-01,3586534
7.351250004577141e+03,7.345955886930082e+03,1.764705882352941e+00,3586533
7.353526601239835e+03,7.351761895357482e+03,5.882352941176471e-01,3586536
7.353770321404369e+03,7.352005615522016e+03,5.882352941176471e-01,3586537
7.356574543814422e+03,7.351280426167364e+03,1.764705882352941e+00,3586535
7.356951296714682e+03,7.355186590832329e+03,5.882352941176471e-01,3586538
7.362882705616828e+03,7.361117999734475e+03,5.882352941176471e-01,3586539
7.364202270081442e+03,7.362437564199089e+03,5.882352941176471e-01,3586540
7.368069758437371e+03,7.366305052555018e+03,5.882352941176471e-01,3586541
7.369792075245834e+03,7.368027369363481e+03,5.882352941176471e-01,3586542
7.376234216418167e+03,7.370940098771108e+03,1.764705882352941e+00,3586543
7.377154413801291e+03,7.371860296154232e+03,1.764705882352941e+00,3586544
7.377267973775449e+03,7.371973856128390e+03,1.764705882352941e+00,3586545
7.378919119683644e+03,7.372904948143671e+03,5.882352941176471e-01,3586547
7.381528334065226e+03,7.372189407333173e+03,1.764705882352941e+00,3586546
7.382562091422508e+03,7.376523686341414e+03,1.764705882352941e+00,3586548
7.384213237330703e+03,7.377145237087972e+03,1.764705882352941e+00,3586549
7.384326797304861e+03,7.377611108688016e+03,5.882352941176471e-01,3586551
7.385977943213056e+03,7.377849460122531e+03,5.882352941176471e-01,3586552
7.386091503187213e+03,7.379204904281122e+03,5.882352941176471e-01,3586553
7.386822451712285e+03,7.377365677953156e+03,1.764705882352941e+00,3586550
7.387856209069566e+03,7.379391783067663e+03,5.882352941176471e-01,3586555
7.388587157594637e+03,7.379450735151333e+03,5.882352941176471e-01,3586556
7.390351863476990e+03,7.382213187759238e+03,5.882352941176471e-01,3586558
7.391272060860115e+03,7.379349247704894e+03,1.764705882352941e+00,3586554
7.392116569359343e+03,7.383121612921978e+03,5.882352941176471e-01,3586559
7.393036766742468e+03,7.384705429986062e+03,5.882352941176471e-01,3586560
7.393150326716625e+03,7.381625976817355e+03,1.764705882352941e+00,3586557
7.393881275241696e+03,7.384903904687087e+03,5.882352941176471e-01,3586561
7.394801472624821e+03,7.385395640078471e+03,5.882352941176471e-01,3586562
7.394915032598978e+03,7.386147156918559e+03,5.882352941176471e-01,3586563
7.395645981124049e+03,7.386663629507178e+03,5.882352941176471e-01,3586564
7.396566178507174e+03,7.387340090704312e+03,5.882352941176471e-01,3586565
7.396679738481331e+03,7.387428948788762e+03,5.882352941176471e-01,3586566
7.397410687006402e+03,7.389364939113033e+03,5.882352941176471e-01,3586567
7.398330884389526e+03,7.390404872951407e+03,5.882352941176471e-01,3586568
7.401973856128390e+03,7.392966435701462e+03,1.764705882352941e+00,3586569
7.402704804653461e+03,7.394773056872214e+03,1.764705882352941e+00,3586570
7.403625002036585e+03,7.395112377584088e+03,1.764705882352941e+00,3586571
7.404469510535814e+03,7.398952978221902e+03,5.882352941176471e-01,3586573
7.406234216418167e+03,7.401495220025860e+03,5.882352941176471e-01,3586575
7.407267973775449e+03,7.397459381627516e+03,1.764705882352941e+00,3586572
7.407998922300520e+03,7.401505926068833e+03,5.882352941176471e-01,3586576
7.408919119683644e+03,7.399123657499842e+03,1.764705882352941e+00,3586574
7.409032679657802e+03,7.402658479026502e+03,5.882352941176471e-01,3586577
7.409763628182873e+03,7.407720895119714e+03,5.882352941176471e-01,3586578
7.412360146958288e+03,7.410595441075935e+03,5.882352941176471e-01,3586580
7.413440800121151e+03,7.411676094238798e+03,5.882352941176471e-01,3586581
7.415574430839532e+03,7.410280313192474e+03,1.764705882352941e+00,3586579
7.417339136721885e+03,7.414679644771362e+03,5.882352941176471e-01,3586584
7.418621777266099e+03,7.413327659619041e+03,1.764705882352941e+00,3586582
7.419103842604238e+03,7.415617759805819e+03,5.882352941176471e-01,3586585
7.419543948430378e+03,7.414249830783319e+03,1.764705882352941e+00,3586583
7.420386483148452e+03,7.415692616390576e+03,5.882352941176471e-01,3586586
7.421308654312731e+03,7.419063049619274e+03,5.882352941176471e-01,3586588
7.422151189030805e+03,7.419127833044587e+03,5.882352941176471e-01,3586589
7.424397960251297e+03,7.416693148618037e+03,1.764705882352941e+00,3586587
7.425140749223123e+03,7.423376043340770e+03,5.882352941176471e-01,3586590
7.425760626615562e+03,7.423995920733209e+03,5.882352941176471e-01,3586591
7.428970750346031e+03,7.427206044463678e+03,5.882352941176471e-01,3586592
7.429472049716747e+03,7.427707343834394e+03,5.882352941176471e-01,3586593
7.433991696217903e+03,7.432226990335550e+03,5.882352941176471e-01,3586594
7.434120723169518e+03,7.432356017287165e+03,5.882352941176471e-01,3586595
7.440892209994208e+03,7.435598092347149e+03,1.764705882352941e+00,3586596
7.441090967795797e+03,7.439326261913444e+03,5.882352941176471e-01,3586597
7.446246913483491e+03,7.444482207601138e+03,5.882352941176471e-01,3586600
7.447010648141904e+03,7.443481236377198e+03,1.176470588235294e+00,3586599
7.447848784485406e+03,7.442554666838347e+03,1.764705882352941e+00,3586598
7.449613490367759e+03,7.446913344985236e+03,5.882352941176471e-01,3586603
7.451541031130550e+03,7.445947436846781e+03,1.764705882352941e+00,3586601
7.452304765788963e+03,7.446538414101186e+03,1.764705882352941e+00,3586602
7.454069471671316e+03,7.449093343646893e+03,5.882352941176471e-01,3586606
7.454907608014818e+03,7.447041616949157e+03,1.764705882352941e+00,3586604
7.456835148777609e+03,7.447555430324818e+03,1.764705882352941e+00,3586605
7.459363589318375e+03,7.449708201676770e+03,1.764705882352941e+00,3586607
7.460201725661877e+03,7.451324081661596e+03,1.764705882352941e+00,3586608
7.461128295200728e+03,7.452446287735450e+03,5.882352941176471e-01,3586610
7.461966431544230e+03,7.453095116334090e+03,5.882352941176471e-01,3586611
7.462129266424668e+03,7.451658403998147e+03,1.764705882352941e+00,3586609
7.463731137426583e+03,7.458082937268866e+03,5.882352941176471e-01,3586613
7.464657706965434e+03,7.457858408056439e+03,1.176470588235294e+00,3586612
7.464807830451633e+03,7.463043124569280e+03,5.882352941176471e-01,3586614
7.467260549191289e+03,7.463470217807986e+03,1.176470588235294e+00,3586615
7.469951824612493e+03,7.463702631356939e+03,1.764705882352941e+00,3586616
7.470928457824270e+03,7.469163751941918e+03,5.882352941176471e-01,3586618
7.471914009370341e+03,7.470149303487988e+03,5.882352941176471e-01,3586619
7.472369397329775e+03,7.468839985565069e+03,1.176470588235294e+00,3586617
7.474855329857172e+03,7.473090623974819e+03,5.882352941176471e-01,3586620
7.480012368785875e+03,7.476482957021169e+03,1.176470588235294e+00,3586621
7.484121440491065e+03,7.478827322844006e+03,1.764705882352941e+00,3586622
7.488312194134834e+03,7.484782782370128e+03,1.176470588235294e+00,3586623
7.489047500329889e+03,7.485518088565184e+03,1.176470588235294e+00,3586625
7.490076900017187e+03,7.485857088016771e+03,5.882352941176471e-01,3586626
7.490745633871384e+03,7.485451516224325e+03,1.764705882352941e+00,3586624
7.490812206212242e+03,7.486871296138735e+03,5.882352941176471e-01,3586627
7.491841605899540e+03,7.487079774123733e+03,5.882352941176471e-01,3586628
7.496039751518443e+03,7.489938566780173e+03,1.764705882352941e+00,3586629
7.497154829558498e+03,7.491860711911439e+03,1.764705882352941e+00,3586630
7.497505422240780e+03,7.495740716358427e+03,5.882352941176471e-01,3586631
7.504886616934558e+03,7.503121911052205e+03,5.882352941176471e-01,3586634
7.505054024988851e+03,7.499759907341792e+03,1.764705882352941e+00,3586632
7.505117815570305e+03,7.499823697923247e+03,1.764705882352941e+00,3586633
7.506651322816910e+03,7.503548368706464e+03,5.882352941176471e-01,3586635
7.506818730871204e+03,7.503870415372551e+03,5.882352941176471e-01,3586636
7.509751498814380e+03,7.507986792932027e+03,5.882352941176471e-01,3586639
7.511135174944985e+03,7.505841057297926e+03,1.764705882352941e+00,3586637
7.511516204696733e+03,7.508592664941559e+03,5.882352941176471e-01,3586640
7.511945440463969e+03,7.506162652960758e+03,1.764705882352941e+00,3586638
7.513280910579086e+03,7.509593421690243e+03,5.882352941176471e-01,3586642
7.516429292592043e+03,7.509361878442267e+03,1.764705882352941e+00,3586641
7.516674524657055e+03,7.514909818774702e+03,5.882352941176471e-01,3586644
7.518019863786980e+03,7.512725746139921e+03,1.764705882352941e+00,3586643
7.520652909413518e+03,7.518888203531165e+03,5.882352941176471e-01,3586646
7.522869022173343e+03,7.517574904526284e+03,1.764705882352941e+00,3586645
7.527867706630599e+03,7.526103000748246e+03,5.882352941176471e-01,3586648
7.530985876160624e+03,7.525691758513565e+03,1.764705882352941e+00,3586647
7.533117954712657e+03,7.531353248830304e+03,5.882352941176471e-01,3586650
7.533136705932450e+03,7.531372000050097e+03,5.882352941176471e-01,3586651
7.534212940039077e+03,7.528918822392018e+03,1.764705882352941e+00,3586649
7.535771326344530e+03,7.534006620462177e+03,5.882352941176471e-01,3586653
7.538412072359716e+03,7.532885764934974e+03,1.764705882352941e+00,3586652
7.539061085501609e+03,7.537296379619256e+03,5.882352941176471e-01,3586654
7.540194499747336e+03,7.538429793864983e+03,5.882352941176471e-01,3586655
7.541520536549861e+03,7.539755830667508e+03,5.882352941176471e-01,3586656
7.541628958899386e+03,7.539864253017033e+03,5.882352941176471e-01,3586657
7.543285242432214e+03,7.540797192698915e+03,5.882352941176471e-01,3586659
7.545488617394395e+03,7.539971759856717e+03,1.764705882352941e+00,3586658
7.547711016045174e+03,7.544181604280468e+03,1.176470588235294e+00,3586660
7.548857608081324e+03,7.545328196316618e+03,1.176470588235294e+00,3586661
7.550024768276883e+03,7.548260062394530e+03,5.882352941176471e-01,3586662
7.554140903745399e+03,7.550611491980693e+03,1.176470588235294e+00,3586663
7.558152540326262e+03,7.556387834443909e+03,5.882352941176471e-01,3586664
7.559010799687507e+03,7.557246093805154e+03,5.882352941176471e-01,3586665
7.559780466798756e+03,7.558015760916403e+03,5.882352941176471e-01,3586666
7.560043270634367e+03,7.558278564752014e+03,5.882352941176471e-01,3586667
7.562941017743649e+03,7.561176311861296e+03,5.882352941176471e-01,3586669
7.562945478531678e+03,7.561180772649325e+03,5.882352941176471e-01,3586670
7.564306954530346e+03,7.559012836883287e+03,1.764705882352941e+00,3586668
7.564748538596735e+03,7.562983832714382e+03,5.882352941176471e-01,3586671
7.570150013744038e+03,7.568385307861685e+03,5.882352941176471e-01,3586673
7.570648872634059e+03,7.568884166751706e+03,5.882352941176471e-01,3586674
7.571014120655279e+03,7.565720003008220e+03,1.764705882352941e+00,3586672
7.571914719626390e+03,7.568988881105876e+03,5.882352941176471e-01,3586675
7.574995093667718e+03,7.573230387785365e+03,5.882352941176471e-01,3586678
7.575957868762855e+03,7.570663751115796e+03,1.764705882352941e+00,3586676
7.576504138746788e+03,7.571210021099729e+03,1.764705882352941e+00,3586677
7.577944896538564e+03,7.576180190656211e+03,5.882352941176471e-01,3586679
7.578553421083573e+03,7.576788715201220e+03,5.882352941176471e-01,3586680
7.580534055655347e+03,7.577004643890641e+03,1.176470588235294e+00,3586681
7.582025355268764e+03,7.580260649386411e+03,5.882352941176471e-01,3586683
7.582298761537700e+03,7.580512399794780e+03,5.882352941176471e-01,3586684
7.583676200955438e+03,7.578382083308379e+03,1.764705882352941e+00,3586682
7.584427736675705e+03,7.582663030793352e+03,5.882352941176471e-01,3586686
7.585440906837791e+03,7.583446916956444e+03,5.882352941176471e-01,3586687
7.587566506353283e+03,7.585801800470931e+03,5.882352941176471e-01,3586689
7.587944619279546e+03,7.582650501632487e+03,1.764705882352941e+00,3586685
7.590283975400068e+03,7.584989857753009e+03,1.764705882352941e+00,3586688
7.592860624000342e+03,7.587290631172263e+03,1.764705882352941e+00,3586690
7.593238736926605e+03,7.587700027544373e+03,1.764705882352941e+00,3586691
7.594625329882695e+03,7.592766686155035e+03,5.882352941176471e-01,3586693
7.595003442808958e+03,7.592980185617651e+03,5.882352941176471e-01,3586694
7.596390035765048e+03,7.593404337821531e+03,5.882352941176471e-01,3586695
7.596806836607334e+03,7.591512718960275e+03,1.764705882352941e+00,3586692
7.600297560456017e+03,7.593790645170526e+03,1.764705882352941e+00,3586696
7.603235056651507e+03,7.601470350769154e+03,5.882352941176471e-01,3586699
7.603981073663099e+03,7.598686956016040e+03,1.764705882352941e+00,3586697
7.605862776497761e+03,7.600568658850702e+03,1.764705882352941e+00,3586698
7.606777165527904e+03,7.605012459645551e+03,5.882352941176471e-01,3586701
7.609646856975434e+03,7.604352739328375e+03,1.764705882352941e+00,3586700
7.611011543187136e+03,7.607482131422430e+03,1.176470588235294e+00,3586702
7.611749640501622e+03,7.609984934619269e+03,5.882352941176471e-01,3586704
7.613514346383975e+03,7.611216648507404e+03,5.882352941176471e-01,3586706
7.614687630683156e+03,7.609393513036097e+03,1.764705882352941e+00,3586703
7.616305660834194e+03,7.610524798876786e+03,1.764705882352941e+00,3586705
7.616452336565508e+03,7.611363884758423e+03,5.882352941176471e-01,3586708
7.617043758148681e+03,7.611264351437362e+03,1.176470588235294e+00,3586707
7.618217042447861e+03,7.613176689363456e+03,5.882352941176471e-01,3586710
7.618808464031034e+03,7.616445902547368e+03,5.882352941176471e-01,3586711
7.619835072598900e+03,7.612027203168250e+03,1.176470588235294e+00,3586709
7.621599778481253e+03,7.619148912315712e+03,5.882352941176471e-01,3586714
7.623364484363606e+03,7.621326385851662e+03,5.882352941176471e-01,3586715
7.623511160094920e+03,7.616469109560775e+03,1.764705882352941e+00,3586712
7.624102581678093e+03,7.618769856575942e+03,1.764705882352941e+00,3586713
7.626893896128312e+03,7.622557300898767e+03,1.176470588235294e+00,3586716
7.628658602010665e+03,7.625271485262542e+03,5.882352941176471e-01,3586719
7.628857901212998e+03,7.623563783565939e+03,1.764705882352941e+00,3586717
7.630170328990831e+03,7.624876211343772e+03,1.764705882352941e+00,3586718
7.630423307893018e+03,7.626937447993798e+03,5.882352941176471e-01,3586720
7.630622607095351e+03,7.628391343509195e+03,5.882352941176471e-01,3586721
7.632188013775371e+03,7.630264495818141e+03,5.882352941176471e-01,3586723
7.633699740755537e+03,7.628507129158521e+03,1.176470588235294e+00,3586722
7.634019786845983e+03,7.632255080963630e+03,5.882352941176471e-01,3586724
7.635897835778708e+03,7.634133129896355e+03,5.882352941176471e-01,3586725
7.637041326278741e+03,7.635276620396388e+03,5.882352941176471e-01,3586726
7.638032953476042e+03,7.636268247593689e+03,5.882352941176471e-01,3586727
7.641228932226424e+03,7.639464226344071e+03,5.882352941176471e-01,3586728
7.644048435816153e+03,7.642283729933800e+03,5.882352941176471e-01,3586729
7.644835912239408e+03,7.643071206357055e+03,5.882352941176471e-01,3586730
7.648409764118321e+03,7.643115646471263e+03,1.764705882352941e+00,3586731
7.653172899892919e+03,7.649643488128213e+03,1.176470588235294e+00,3586732
7.655261927157601e+03,7.653497221275248e+03,5.882352941176471e-01,3586735
7.655456520413664e+03,7.650162402766605e+03,1.764705882352941e+00,3586733
7.657026633039954e+03,7.653663202500594e+03,5.882352941176471e-01,3586736
7.657221226296017e+03,7.655338365746511e+03,5.882352941176471e-01,3586737
7.658181656154670e+03,7.652887538507612e+03,1.764705882352941e+00,3586734
7.662320750687013e+03,7.656141369939532e+03,1.764705882352941e+00,3586738
7.662363843712282e+03,7.658834431947576e+03,1.176470588235294e+00,3586739
7.665174131571911e+03,7.663409425689558e+03,5.882352941176471e-01,3586741
7.667525554167865e+03,7.663996142403159e+03,1.176470588235294e+00,3586742
7.667748801316171e+03,7.662454683669112e+03,1.764705882352941e+00,3586740
7.668522556038951e+03,7.666757850156598e+03,5.882352941176471e-01,3586743
7.670630099929575e+03,7.668865394047222e+03,5.882352941176471e-01,3586746
7.671595651451229e+03,7.668066239686523e+03,1.176470588235294e+00,3586745
7.672640962293564e+03,7.670876256411211e+03,5.882352941176471e-01,3586747
7.672819671814924e+03,7.667384872162327e+03,1.764705882352941e+00,3586744
7.673825007196281e+03,7.672060301313928e+03,5.882352941176471e-01,3586748
7.674657083565076e+03,7.672892377682724e+03,5.882352941176471e-01,3586749
7.677429020597853e+03,7.675664314715500e+03,5.882352941176471e-01,3586752
7.678259127574702e+03,7.672965009927644e+03,1.764705882352941e+00,3586750
7.679119124843340e+03,7.673491062288661e+03,1.764705882352941e+00,3586751
7.679193726480206e+03,7.675951204541476e+03,5.882352941176471e-01,3586753
7.681294172040148e+03,7.679529466157795e+03,5.882352941176471e-01,3586754
7.681605594036008e+03,7.679840888153655e+03,5.882352941176471e-01,3586755
7.681641424733700e+03,7.679876718851347e+03,5.882352941176471e-01,3586756
7.683058877922501e+03,7.681076629965245e+03,5.882352941176471e-01,3586757
7.688568310366165e+03,7.686803604483812e+03,5.882352941176471e-01,3586758
7.691078741711263e+03,7.689314035828910e+03,5.882352941176471e-01,3586760
7.692282479785338e+03,7.690517773902985e+03,5.882352941176471e-01,3586761
7.693441388690424e+03,7.688147271043365e+03,1.764705882352941e+00,3586759
7.694547804245295e+03,7.692783098362942e+03,5.882352941176471e-01,3586762
7.698083231671154e+03,7.692789114024095e+03,1.764705882352941e+00,3586763
7.698113322053864e+03,7.696348616171511e+03,5.882352941176471e-01,3586765
7.699847121171800e+03,7.694553003524741e+03,1.764705882352941e+00,3586764
7.700089201489787e+03,7.698324495607434e+03,5.882352941176471e-01,3586766
7.700592780771074e+03,7.698828074888721e+03,5.882352941176471e-01,3586767
7.701853907372140e+03,7.699629681789316e+03,5.882352941176471e-01,3586769
7.704122192535780e+03,7.700282003164565e+03,1.176470588235294e+00,3586770
7.705141238818858e+03,7.699266995298406e+03,1.764705882352941e+00,3586768
7.705886898418132e+03,7.702645671863066e+03,5.882352941176471e-01,3586772
7.707148025019199e+03,7.701340184530479e+03,1.764705882352941e+00,3586771
7.707651604300485e+03,7.705741942237834e+03,5.882352941176471e-01,3586774
7.708912730901552e+03,7.705786046864591e+03,5.882352941176471e-01,3586775
7.710894405126643e+03,7.705600287479584e+03,1.764705882352941e+00,3586773
7.712094931246430e+03,7.710330225364078e+03,5.882352941176471e-01,3586776
7.713468653179758e+03,7.711703947297405e+03,5.882352941176471e-01,3586778
7.715458079874440e+03,7.713693373992087e+03,5.882352941176471e-01,3586779
7.716949060770728e+03,7.711654943123670e+03,1.764705882352941e+00,3586777
7.718408016202608e+03,7.714878604437902e+03,1.176470588235294e+00,3586780
7.719100232292045e+03,7.715570820527339e+03,1.176470588235294e+00,3586781
7.719258406524490e+03,7.717493700642137e+03,5.882352941176471e-01,3586782
7.721649558610484e+03,7.719884852728131e+03,5.882352941176471e-01,3586783
7.721848783557678e+03,7.720084077675325e+03,5.882352941176471e-01,3586784
7.724126220943480e+03,7.722361515061127e+03,5.882352941176471e-01,3586786
7.726353582424208e+03,7.724588876541855e+03,5.882352941176471e-01,3586787
7.727259953258002e+03,7.725495247375649e+03,5.882352941176471e-01,3586788
7.727525176005102e+03,7.722231058358043e+03,1.764705882352941e+00,3586785
7.728118288306560e+03,7.725859543872521e+03,5.882352941176471e-01,3586789
7.729024659140355e+03,7.726436516425622e+03,5.882352941176471e-01,3586790
7.730425529171041e+03,7.728660823288688e+03,5.882352941176471e-01,3586792
7.731054587769808e+03,7.727496102140429e+03,1.176470588235294e+00,3586791
7.732190235053394e+03,7.730207302589103e+03,5.882352941176471e-01,3586794
7.732819293652161e+03,7.730289585898673e+03,5.882352941176471e-01,3586795
7.733421835494067e+03,7.729892423729361e+03,1.176470588235294e+00,3586793
7.735186541376420e+03,7.733395414684254e+03,5.882352941176471e-01,3586798
7.737484352700453e+03,7.730594763167719e+03,1.764705882352941e+00,3586796
7.738113411299219e+03,7.731884298034520e+03,1.764705882352941e+00,3586797
7.740480659023479e+03,7.734723509240241e+03,1.764705882352941e+00,3586799
7.741013764465158e+03,7.736097852549303e+03,1.176470588235294e+00,3586800
7.743407528946278e+03,7.737190441860416e+03,1.764705882352941e+00,3586801
7.745818385501824e+03,7.740524267854765e+03,1.764705882352941e+00,3586802
7.746510938733919e+03,7.741216821086860e+03,1.764705882352941e+00,3586803
7.746936940710984e+03,7.743302241006261e+03,1.176470588235294e+00,3586804
7.753070711536360e+03,7.751306005654007e+03,5.882352941176471e-01,3586806
7.754810789412305e+03,7.749516671765246e+03,1.764705882352941e+00,3586805
7.756575495294658e+03,7.754407702304363e+03,5.882352941176471e-01,3586809
7.757087582979600e+03,7.751793465332541e+03,1.764705882352941e+00,3586807
7.758340201177011e+03,7.755642376806768e+03,5.882352941176471e-01,3586810
7.758852288861953e+03,7.755747580452569e+03,5.882352941176471e-01,3586811
7.758858588114627e+03,7.753564470467568e+03,1.764705882352941e+00,3586808
7.763634318824070e+03,7.755955610577868e+03,1.764705882352941e+00,3586812
7.764146406509011e+03,7.757255600501822e+03,1.764705882352941e+00,3586813
7.764152705761686e+03,7.757274957070991e+03,1.764705882352941e+00,3586814
7.767937133803392e+03,7.764407722038686e+03,1.176470588235294e+00,3586815
7.771087031112093e+03,7.767557619347387e+03,1.176470588235294e+00,3586817
7.772775850754618e+03,7.767481733107559e+03,1.764705882352941e+00,3586816
7.775043008655997e+03,7.769748891008938e+03,1.764705882352941e+00,3586818
7.775282129745628e+03,7.773517423863275e+03,5.882352941176471e-01,3586819
7.775330860315819e+03,7.773566154433466e+03,5.882352941176471e-01,3586820
7.777046835627981e+03,7.774184452598014e+03,5.882352941176471e-01,3586822
7.777095566198172e+03,7.775265824594787e+03,5.882352941176471e-01,3586823
7.780271530295019e+03,7.778506824412666e+03,5.882352941176471e-01,3586824
7.780337126303056e+03,7.773868872219029e+03,1.764705882352941e+00,3586821
7.782061439389145e+03,7.780296733506792e+03,5.882352941176471e-01,3586825
7.782970642447733e+03,7.781205936565380e+03,5.882352941176471e-01,3586827
7.783826145271497e+03,7.781366177492721e+03,5.882352941176471e-01,3586828
7.786056182862084e+03,7.780762065215025e+03,1.764705882352941e+00,3586826
7.787820888744437e+03,7.785842521019052e+03,5.882352941176471e-01,3586831
7.788405342266423e+03,7.783111224619364e+03,1.764705882352941e+00,3586829
7.790636226556261e+03,7.785342108909202e+03,1.764705882352941e+00,3586830
7.794254432457345e+03,7.788960314810286e+03,1.764705882352941e+00,3586832
7.795132853977263e+03,7.793368148094910e+03,5.882352941176471e-01,3586834
7.796725478159539e+03,7.793196066394833e+03,1.176470588235294e+00,3586833
7.797891604161679e+03,7.796126898279326e+03,5.882352941176471e-01,3586836
7.798490184041892e+03,7.796475239011241e+03,5.882352941176471e-01,3586837
7.799656310044032e+03,7.796721357824327e+03,5.882352941176471e-01,3586838
7.799671529355324e+03,7.794377411708265e+03,1.764705882352941e+00,3586835
7.800254889924245e+03,7.797419772494847e+03,5.882352941176471e-01,3586839
7.801436235237677e+03,7.798891492739594e+03,5.882352941176471e-01,3586841
7.802019595806598e+03,7.800027857920949e+03,5.882352941176471e-01,3586842
7.803200941120030e+03,7.800712849606157e+03,5.882352941176471e-01,3586843
7.804950427691091e+03,7.798307050201012e+03,1.764705882352941e+00,3586840
7.807465824405590e+03,7.805701118523237e+03,5.882352941176471e-01,3586844
7.808099027685761e+03,7.806334321803408e+03,5.882352941176471e-01,3586846
7.809807475959858e+03,7.808042770077505e+03,5.882352941176471e-01,3586847
7.811406206232638e+03,7.806112088585580e+03,1.764705882352941e+00,3586845
7.812446107541201e+03,7.810681401658848e+03,5.882352941176471e-01,3586849
7.814210813423554e+03,7.812099012562982e+03,5.882352941176471e-01,3586851
7.815499182599113e+03,7.810205064952054e+03,1.764705882352941e+00,3586848
7.815975519305907e+03,7.812124505841839e+03,5.882352941176471e-01,3586852
7.816700323879697e+03,7.810965024137968e+03,1.764705882352941e+00,3586850
7.819245419022750e+03,7.817480713140397e+03,5.882352941176471e-01,3586854
7.820054364419008e+03,7.818289658536655e+03,5.882352941176471e-01,3586855
7.820793300246171e+03,7.812891372423156e+03,1.764705882352941e+00,3586853
7.822650606743005e+03,7.820885900860652e+03,5.882352941176471e-01,3586858
7.823736625408702e+03,7.820207213643996e+03,1.176470588235294e+00,3586856
7.824303863651808e+03,7.820774451887102e+03,1.176470588235294e+00,3586857
7.824415312625358e+03,7.820909587628958e+03,5.882352941176471e-01,3586859
7.826068569534161e+03,7.824252428140110e+03,5.882352941176471e-01,3586861
7.826180018507711e+03,7.824273440293628e+03,5.882352941176471e-01,3586862
7.827833275416514e+03,7.824503007612363e+03,5.882352941176471e-01,3586863
7.829030743055761e+03,7.821514030354528e+03,1.764705882352941e+00,3586860
7.834144192701041e+03,7.832379486818688e+03,5.882352941176471e-01,3586865
7.835657173201915e+03,7.830363055554856e+03,1.764705882352941e+00,3586864
7.835908898583394e+03,7.833710934551136e+03,5.882352941176471e-01,3586867
7.837421879084268e+03,7.835225401341507e+03,5.882352941176471e-01,3586868
7.838695425696613e+03,7.833401308049554e+03,1.764705882352941e+00,3586866
7.842604055949433e+03,7.837309938302375e+03,1.764705882352941e+00,3586869
7.844368761831786e+03,7.841781203444262e+03,5.882352941176471e-01,3586872
7.845521775171709e+03,7.840227657524651e+03,1.764705882352941e+00,3586870
7.846900802042498e+03,7.841606684395439e+03,1.764705882352941e+00,3586871
7.848754659262359e+03,7.845225247497653e+03,1.176470588235294e+00,3586873
7.851787447817066e+03,7.850022741934713e+03,5.882352941176471e-01,3586875
7.854741681160195e+03,7.849447563513136e+03,1.764705882352941e+00,3586874
7.860185400906963e+03,7.858420695024610e+03,5.882352941176471e-01,3586876
7.864711065115977e+03,7.862946359233624e+03,5.882352941176471e-01,3586879
7.865137658652491e+03,7.859843541005432e+03,1.764705882352941e+00,3586877
7.866302029633173e+03,7.861007911986114e+03,1.764705882352941e+00,3586878
7.870005182763036e+03,7.864530947527876e+03,1.764705882352941e+00,3586880
7.871397631178436e+03,7.869632925296083e+03,5.882352941176471e-01,3586882
7.874273197568788e+03,7.868979079921729e+03,1.764705882352941e+00,3586881
7.878181489041635e+03,7.876416783159282e+03,5.882352941176471e-01,3586885
7.878841290244566e+03,7.873547172597507e+03,1.764705882352941e+00,3586883
7.879946194923988e+03,7.876605646469116e+03,5.882352941176471e-01,3586886
7.880169799650968e+03,7.874875682003909e+03,1.764705882352941e+00,3586884
7.880677238461349e+03,7.878912532578996e+03,5.882352941176471e-01,3586887
7.885486776984600e+03,7.883722071102247e+03,5.882352941176471e-01,3586890
7.885895557487375e+03,7.880601439840316e+03,1.764705882352941e+00,3586888
7.886070115390680e+03,7.880775997743621e+03,1.764705882352941e+00,3586889
7.887251482866953e+03,7.884254120700760e+03,5.882352941176471e-01,3586891
7.888964326887590e+03,7.887199621005237e+03,5.882352941176471e-01,3586893
7.889583105758071e+03,7.887818399875718e+03,5.882352941176471e-01,3586894
7.889973424207129e+03,7.886444012442423e+03,1.176470588235294e+00,3586892
7.892238064735955e+03,7.890473358853602e+03,5.882352941176471e-01,3586897
7.894062403652746e+03,7.892297697770393e+03,5.882352941176471e-01,3586898
7.894258444534649e+03,7.888290062860400e+03,1.764705882352941e+00,3586895
7.894877223405130e+03,7.888946391146709e+03,1.764705882352941e+00,3586896
7.897152648122077e+03,7.895387942239724e+03,5.882352941176471e-01,3586900
7.898690255375622e+03,7.896925549493269e+03,5.882352941176471e-01,3586901
7.899356521299805e+03,7.892334297331308e+03,1.764705882352941e+00,3586899
7.900454961257975e+03,7.898165319076634e+03,5.882352941176471e-01,3586903
7.901121227182158e+03,7.898657001421322e+03,5.882352941176471e-01,3586904
7.902219667140328e+03,7.900088476148903e+03,5.882352941176471e-01,3586905
7.903018625426057e+03,7.901253919543704e+03,5.882352941176471e-01,3586906
7.903141554718751e+03,7.897847437071692e+03,1.764705882352941e+00,3586902
7.903984373022681e+03,7.901513976584738e+03,5.882352941176471e-01,3586907
7.904783331308410e+03,7.901956267877315e+03,5.882352941176471e-01,3586908
7.904906260601104e+03,7.902276991587141e+03,5.882352941176471e-01,3586909
7.906977266229536e+03,7.905212560347183e+03,5.882352941176471e-01,3586910
7.907910021593076e+03,7.906145315710723e+03,5.882352941176471e-01,3586911
7.908096646136908e+03,7.906331940254555e+03,5.882352941176471e-01,3586912
7.910189157814925e+03,7.908424451932572e+03,5.882352941176471e-01,3586913
7.912934755962386e+03,7.911170050080033e+03,5.882352941176471e-01,3586914
7.914038078923462e+03,7.912273373041109e+03,5.882352941176471e-01,3586915
7.914699461844739e+03,7.912517552258486e+03,5.882352941176471e-01,3586917
7.917570459237439e+03,7.912276341590380e+03,1.764705882352941e+00,3586916
7.918317507498066e+03,7.916552801615713e+03,5.882352941176471e-01,3586918
7.919257527649782e+03,7.917492821767429e+03,5.882352941176471e-01,3586919
7.921400635348848e+03,7.919635929466496e+03,5.882352941176471e-01,3586921
7.921737670556666e+03,7.919972964674313e+03,5.882352941176471e-01,3586922
7.923502376439019e+03,7.920187745158891e+03,5.882352941176471e-01,3586924
7.924403117110219e+03,7.919108999463160e+03,1.764705882352941e+00,3586920
7.925267082321372e+03,7.922393709467453e+03,5.882352941176471e-01,3586925
7.926167822992572e+03,7.922996640365561e+03,5.882352941176471e-01,3586926
7.926694752995907e+03,7.920170321160042e+03,1.764705882352941e+00,3586923
7.927932528874925e+03,7.923632069349742e+03,5.882352941176471e-01,3586928
7.929697234757278e+03,7.925159251898372e+03,5.882352941176471e-01,3586930
7.930224164760613e+03,7.924278148147605e+03,1.176470588235294e+00,3586929
7.930561199968431e+03,7.923080694861450e+03,1.764705882352941e+00,3586927
7.931461940639631e+03,7.925197430905529e+03,5.882352941176471e-01,3586931
7.932325905850784e+03,7.929246771045184e+03,5.882352941176471e-01,3586933
7.934090611733137e+03,7.930122328392477e+03,5.882352941176471e-01,3586935
7.935518282407672e+03,7.927682817312117e+03,1.764705882352941e+00,3586932
7.935855317615490e+03,7.930207139777606e+03,5.882352941176471e-01,3586936
7.936756058286690e+03,7.929831469890196e+03,1.764705882352941e+00,3586934
7.937282988290025e+03,7.933110903239053e+03,5.882352941176471e-01,3586937
7.938520764169043e+03,7.934285372771845e+03,5.882352941176471e-01,3586939
7.939047694172378e+03,7.935112204905675e+03,5.882352941176471e-01,3586940
7.940812400054731e+03,7.937901740043654e+03,5.882352941176471e-01,3586942
7.941149435262549e+03,7.933648757417258e+03,1.764705882352941e+00,3586938
7.942914141144902e+03,7.940552795748858e+03,5.882352941176471e-01,3586944
7.943814881816101e+03,7.935200039679957e+03,1.764705882352941e+00,3586941
7.944341811819437e+03,7.940108033531452e+03,1.176470588235294e+00,3586943
7.945684716764995e+03,7.943920010882642e+03,5.882352941176471e-01,3586946
7.948208258791960e+03,7.941318863632827e+03,1.764705882352941e+00,3586945
7.950571523132645e+03,7.948806817250292e+03,5.882352941176471e-01,3586947
7.954369764070063e+03,7.952605058187710e+03,5.882352941176471e-01,3586949
7.954790131579506e+03,7.953025425697153e+03,5.882352941176471e-01,3586950
7.956175096021677e+03,7.950880978374618e+03,1.764705882352941e+00,3586948
7.959663881717121e+03,7.953599024320164e+03,1.764705882352941e+00,3586951
7.959704507786383e+03,7.955189927589167e+03,1.176470588235294e+00,3586953
7.960084249226565e+03,7.954219104401453e+03,1.764705882352941e+00,3586952
7.961428587599474e+03,7.957051281804265e+03,5.882352941176471e-01,3586954
7.961469213668736e+03,7.957921533237658e+03,5.882352941176471e-01,3586955
7.963226167036710e+03,7.961461461154357e+03,5.882352941176471e-01,3586957
7.965378366873623e+03,7.959437288585251e+03,1.764705882352941e+00,3586956
7.967143072755976e+03,7.964739758453358e+03,5.882352941176471e-01,3586960
7.968903866601690e+03,7.963609748954631e+03,1.764705882352941e+00,3586958
7.968907778638329e+03,7.965875818344624e+03,5.882352941176471e-01,3586961
7.969449356086920e+03,7.964155238439861e+03,1.764705882352941e+00,3586959
7.970668572484043e+03,7.966694344176855e+03,5.882352941176471e-01,3586962
7.971460981362101e+03,7.969696275479748e+03,5.882352941176471e-01,3586963
7.977356327184172e+03,7.975591621301819e+03,5.882352941176471e-01,3586965
7.977421732856884e+03,7.975657026974531e+03,5.882352941176471e-01,3586966
7.977729516396073e+03,7.972435398749014e+03,1.764705882352941e+00,3586964
7.979121033066525e+03,7.975788207567808e+03,5.882352941176471e-01,3586967
7.979186438739237e+03,7.975812014275493e+03,5.882352941176471e-01,3586968
7.979494222278426e+03,7.976263135240015e+03,5.882352941176471e-01,3586969
7.980951144621590e+03,7.979092473985353e+03,5.882352941176471e-01,3586971
7.981258928160779e+03,7.979097292345386e+03,5.882352941176471e-01,3586972
7.983868891287023e+03,7.982104185404670e+03,5.882352941176471e-01,3586973
7.984034290631872e+03,7.982269584749520e+03,5.882352941176471e-01,3586974
7.984415150713584e+03,7.977790700755725e+03,1.764705882352941e+00,3586970
7.985633597169376e+03,7.982545870662305e+03,5.882352941176471e-01,3586975
7.985798996514225e+03,7.983865945051510e+03,5.882352941176471e-01,3586976
7.986179856595937e+03,7.983972704836500e+03,5.882352941176471e-01,3586977
7.987398303051729e+03,7.985160855530509e+03,5.882352941176471e-01,3586978
7.987563702396578e+03,7.985657512419467e+03,5.882352941176471e-01,3586979
7.988681464813088e+03,7.986916758930735e+03,5.882352941176471e-01,3586980
7.995262674728199e+03,7.989968557081140e+03,1.764705882352941e+00,3586981
7.996256135102328e+03,7.990962017455269e+03,1.764705882352941e+00,3586982
7.996771327396524e+03,7.991477209749465e+03,1.764705882352941e+00,3586983
7.997027380610552e+03,7.991970316866565e+03,5.882352941176471e-01,3586984
7.998020840984681e+03,7.992696866314450e+03,5.882352941176471e-01,3586985
7.998792086492905e+03,7.995482383895617e+03,5.882352941176471e-01,3586987
7.999785546867034e+03,7.996996384187931e+03,5.882352941176471e-01,3586988
8.001806470320225e+03,8.000041764437872e+03,5.882352941176471e-01,3586990
8.002065445043582e+03,7.994575003996029e+03,1.764705882352941e+00,3586986
8.003571176202578e+03,8.001136085798240e+03,5.882352941176471e-01,3586991
8.003830150925935e+03,8.001645509386201e+03,5.882352941176471e-01,3586992
8.004086204139963e+03,7.997147566995272e+03,1.764705882352941e+00,3586989
8.007351509452497e+03,8.005586803570144e+03,5.882352941176471e-01,3586994
8.008336818792496e+03,8.006572112910143e+03,5.882352941176471e-01,3586995
8.009526487210389e+03,8.004232369563330e+03,1.764705882352941e+00,3586993
8.012344628896918e+03,8.010579923014565e+03,5.882352941176471e-01,3586996
8.012581754019909e+03,8.010817048137557e+03,5.882352941176471e-01,3586997
8.012852865548891e+03,8.011088159666538e+03,5.882352941176471e-01,3586998
8.014109334779271e+03,8.011266093036394e+03,5.882352941176471e-01,3586999
8.014346459902262e+03,8.011343843485474e+03,5.882352941176471e-01,3587000
8.019900666253559e+03,8.014606548606501e+03,1.764705882352941e+00,3587001
8.024748926584525e+03,8.022984220702172e+03,5.882352941176471e-01,3587003
8.024775687876435e+03,8.023010981994082e+03,5.882352941176471e-01,3587004
8.025073936704349e+03,8.019779819057290e+03,1.764705882352941e+00,3587002
8.028208711881096e+03,8.026444005998743e+03,5.882352941176471e-01,3587006
8.030463478427637e+03,8.025169360780578e+03,1.764705882352941e+00,3587005
8.032888043265428e+03,8.027593925618369e+03,1.764705882352941e+00,3587007
8.038493665505895e+03,8.036728959623542e+03,5.882352941176471e-01,3587009
8.040137192061856e+03,8.034843074414797e+03,1.764705882352941e+00,3587008
8.046276682678295e+03,8.044511976795942e+03,5.882352941176471e-01,3587010
8.050894382259008e+03,8.045600264611949e+03,1.764705882352941e+00,3587011
8.051277870523741e+03,8.047748458759036e+03,1.176470588235294e+00,3587013
8.052542029632110e+03,8.047247911985051e+03,1.764705882352941e+00,3587012
8.056188499906067e+03,8.047991558765094e+03,1.764705882352941e+00,3587014
8.058939491418847e+03,8.053645373771788e+03,1.764705882352941e+00,3587015
8.062159619689322e+03,8.060394913806969e+03,5.882352941176471e-01,3587016
8.064115099017520e+03,8.062350393135167e+03,5.882352941176471e-01,3587018
8.065753904920816e+03,8.060459787273757e+03,1.764705882352941e+00,3587017
8.065879804899873e+03,8.062662012241306e+03,5.882352941176471e-01,3587020
8.066153295361148e+03,8.062623883596442e+03,1.176470588235294e+00,3587019
8.067644510782226e+03,8.063276351292055e+03,5.882352941176471e-01,3587022
8.069283316685521e+03,8.062791098387942e+03,1.176470588235294e+00,3587021
8.069409216664579e+03,8.067079714906609e+03,5.882352941176471e-01,3587024
8.071048022567874e+03,8.067302818458266e+03,5.882352941176471e-01,3587025
8.071173922546932e+03,8.067835393394343e+03,5.882352941176471e-01,3587026
8.071447413008206e+03,8.065582777184190e+03,1.764705882352941e+00,3587023
8.074255654054576e+03,8.072490948172223e+03,5.882352941176471e-01,3587029
8.076342140214933e+03,8.069152977506850e+03,1.764705882352941e+00,3587027
8.076790957678628e+03,8.071496840031569e+03,1.764705882352941e+00,3587028
8.079311870855569e+03,8.077547164973216e+03,5.882352941176471e-01,3587032
8.079654694643096e+03,8.074360576996037e+03,1.764705882352941e+00,3587030
8.079871551979639e+03,8.076161324795166e+03,1.176470588235294e+00,3587031
8.081419400525449e+03,8.077885729377552e+03,5.882352941176471e-01,3587034
8.083122976357281e+03,8.081358270474928e+03,5.882352941176471e-01,3587035
8.084605988502628e+03,8.077867715309981e+03,1.764705882352941e+00,3587033
8.087686752848619e+03,8.084157341083913e+03,1.176470588235294e+00,3587036
8.088744164589574e+03,8.086979458707221e+03,5.882352941176471e-01,3587038
8.089977323602055e+03,8.088212617719702e+03,5.882352941176471e-01,3587039
8.090478839234651e+03,8.085184721587592e+03,1.764705882352941e+00,3587037
8.090517068733578e+03,8.088752362851225e+03,5.882352941176471e-01,3587040
8.091742029484408e+03,8.089818140984914e+03,5.882352941176471e-01,3587041
8.096002116589478e+03,8.090707998942419e+03,1.764705882352941e+00,3587042
8.097045871881255e+03,8.091751754234196e+03,1.764705882352941e+00,3587043
8.097766822471831e+03,8.095106996659530e+03,5.882352941176471e-01,3587045
8.098810577763608e+03,8.095921319728143e+03,5.882352941176471e-01,3587046
8.099531528354184e+03,8.096177007293206e+03,5.882352941176471e-01,3587047
8.100212144728277e+03,8.094918027081218e+03,1.764705882352941e+00,3587044
8.100575283645961e+03,8.097292785554639e+03,5.882352941176471e-01,3587048
8.102198636469037e+03,8.100433930586684e+03,5.882352941176471e-01,3587050
8.104825646001243e+03,8.097513259689142e+03,1.764705882352941e+00,3587049
8.105470180908266e+03,8.103705475025913e+03,5.882352941176471e-01,3587052
8.107535695899902e+03,8.102241578252844e+03,1.764705882352941e+00,3587051
8.107900475945466e+03,8.106135770063113e+03,5.882352941176471e-01,3587053
8.107993471551263e+03,8.106228765668910e+03,5.882352941176471e-01,3587054
8.109364080636151e+03,8.107599374753798e+03,5.882352941176471e-01,3587055
8.110862384153428e+03,8.109097678271075e+03,5.882352941176471e-01,3587056
8.112192106390307e+03,8.110427400507954e+03,5.882352941176471e-01,3587057
8.112410578172082e+03,8.110645872289729e+03,5.882352941176471e-01,3587058
8.114997986069331e+03,8.113233280186978e+03,5.882352941176471e-01,3587060
8.115317398343825e+03,8.113552692461472e+03,5.882352941176471e-01,3587061
8.116889834179656e+03,8.111595716532597e+03,1.764705882352941e+00,3587059
8.117502166911486e+03,8.115737461029133e+03,5.882352941176471e-01,3587062
8.117742768784451e+03,8.115978062902098e+03,5.882352941176471e-01,3587063
8.119368410936942e+03,8.117603705054589e+03,5.882352941176471e-01,3587065
8.120872881956489e+03,8.119108176074136e+03,5.882352941176471e-01,3587066
8.122336891989741e+03,8.117042774342682e+03,1.764705882352941e+00,3587064
8.124488731221047e+03,8.122724025338694e+03,5.882352941176471e-01,3587068
8.127643166507880e+03,8.122349048860821e+03,1.764705882352941e+00,3587067
8.129407872390233e+03,8.127403621295972e+03,5.882352941176471e-01,3587071
8.130252480923339e+03,8.126723069158633e+03,1.176470588235294e+00,3587070
8.131822705717526e+03,8.126528588070467e+03,1.764705882352941e+00,3587069
8.134701990037292e+03,8.129029952434907e+03,1.764705882352941e+00,3587072
8.135715623565887e+03,8.130421505918829e+03,1.764705882352941e+00,3587073
8.136466695919645e+03,8.132406964998806e+03,5.882352941176471e-01,3587075
8.137116823364584e+03,8.131525652909754e+03,1.764705882352941e+00,3587074
8.139245035330593e+03,8.134533470480513e+03,1.176470588235294e+00,3587076
8.140216435978485e+03,8.136687024213779e+03,1.176470588235294e+00,3587077
8.141981141860838e+03,8.139553281896977e+03,5.882352941176471e-01,3587080
8.143829654411356e+03,8.138535536764297e+03,1.764705882352941e+00,3587078
8.144814751362400e+03,8.139520633715341e+03,1.764705882352941e+00,3587079
8.145431704765766e+03,8.143666998883413e+03,5.882352941176471e-01,3587081
8.147192474890682e+03,8.145427769008329e+03,5.882352941176471e-01,3587082
8.149028392259090e+03,8.147263686376737e+03,5.882352941176471e-01,3587083
8.150267452383900e+03,8.148502746501547e+03,5.882352941176471e-01,3587084
8.151516671053044e+03,8.149751965170691e+03,5.882352941176471e-01,3587085
8.155249250168249e+03,8.149955132521190e+03,1.764705882352941e+00,3587086
8.155561570030959e+03,8.150211597527076e+03,1.764705882352941e+00,3587087
8.156810788700102e+03,8.151460078733175e+03,1.764705882352941e+00,3587088
8.157013956050602e+03,8.151822599592584e+03,5.882352941176471e-01,3587089
8.157326275913312e+03,8.153682976684285e+03,5.882352941176471e-01,3587090
8.158778661932955e+03,8.155466463760013e+03,5.882352941176471e-01,3587092
8.162104906347161e+03,8.153975733478676e+03,1.764705882352941e+00,3587091
8.162308073697661e+03,8.155818818739066e+03,1.176470588235294e+00,3587094
8.162620393560371e+03,8.155621143570968e+03,1.764705882352941e+00,3587093
8.163869612229514e+03,8.155861198964719e+03,5.882352941176471e-01,3587095
8.164072779580014e+03,8.156744018001933e+03,5.882352941176471e-01,3587096
8.165634318111867e+03,8.159710878620618e+03,5.882352941176471e-01,3587098
8.165837485462367e+03,8.160682308498916e+03,5.882352941176471e-01,3587099
8.167399023994220e+03,8.163190798395717e+03,5.882352941176471e-01,3587100
8.167602191344720e+03,8.165048826662878e+03,5.882352941176471e-01,3587101
8.167914511207430e+03,8.159542895378052e+03,1.764705882352941e+00,3587097
8.169163729876573e+03,8.166133104700776e+03,5.882352941176471e-01,3587102
8.172207180935294e+03,8.170442475052941e+03,5.882352941176471e-01,3587103
8.172952024686606e+03,8.171187318804253e+03,5.882352941176471e-01,3587104
8.173651255215514e+03,8.171886549333161e+03,5.882352941176471e-01,3587105
8.176834469349031e+03,8.175069763466678e+03,5.882352941176471e-01,3587106
8.177022120218841e+03,8.175257414336488e+03,5.882352941176471e-01,3587107
8.178578847446612e+03,8.176814141564260e+03,5.882352941176471e-01,3587108
8.182800113727284e+03,8.181035407844931e+03,5.882352941176471e-01,3587111
8.184564819609637e+03,8.182370034932190e+03,5.882352941176471e-01,3587112
8.184649386714082e+03,8.179355269067023e+03,1.764705882352941e+00,3587109
8.185441265689812e+03,8.180147148042753e+03,1.764705882352941e+00,3587110
8.188416945515283e+03,8.186652239632930e+03,5.882352941176471e-01,3587114
8.188960797562939e+03,8.187196091680586e+03,5.882352941176471e-01,3587115
8.190083244293325e+03,8.184789126646266e+03,1.764705882352941e+00,3587113
8.194001174575487e+03,8.192236468693135e+03,5.882352941176471e-01,3587117
8.195233840109101e+03,8.193469134226748e+03,5.882352941176471e-01,3587118
8.196840708589427e+03,8.191546590942368e+03,1.764705882352941e+00,3587116
8.198321808451408e+03,8.194792396686703e+03,1.176470588235294e+00,3587119
8.200527957756159e+03,8.195092242502954e+03,1.764705882352941e+00,3587120
8.200662853538379e+03,8.198898147656027e+03,5.882352941176471e-01,3587121
8.202105864413183e+03,8.200341158530830e+03,5.882352941176471e-01,3587122
8.207699794092879e+03,8.205935088210526e+03,5.882352941176471e-01,3587125
8.209405307810817e+03,8.205875896046111e+03,1.176470588235294e+00,3587124
8.210501896365665e+03,8.205207778718606e+03,1.764705882352941e+00,3587123
8.213872349562367e+03,8.212107643680014e+03,5.882352941176471e-01,3587127
8.214509558183759e+03,8.209215440536701e+03,1.764705882352941e+00,3587126
8.216353941786146e+03,8.214589235903793e+03,5.882352941176471e-01,3587128
8.219196965879368e+03,8.217432259997015e+03,5.882352941176471e-01,3587130
8.221098607970150e+03,8.215804490323091e+03,1.764705882352941e+00,3587129
8.221571170213355e+03,8.219806464331002e+03,5.882352941176471e-01,3587131
8.221860493890061e+03,8.220095788007708e+03,5.882352941176471e-01,3587132
8.225217591026235e+03,8.223452885143882e+03,5.882352941176471e-01,3587134
8.226982296908588e+03,8.224816808952310e+03,5.882352941176471e-01,3587136
8.227321713410107e+03,8.222027595763048e+03,1.764705882352941e+00,3587133
8.229110769616527e+03,8.223816651969469e+03,1.764705882352941e+00,3587135
8.229848239458057e+03,8.228083533575704e+03,5.882352941176471e-01,3587138
8.230511708673294e+03,8.226446315183002e+03,1.176470588235294e+00,3587137
8.230875475498880e+03,8.228525746925307e+03,5.882352941176471e-01,3587139
8.234401182405117e+03,8.232636476522764e+03,5.882352941176471e-01,3587141
8.234441394590429e+03,8.232676688708076e+03,5.882352941176471e-01,3587142
8.235142357105116e+03,8.228877867635720e+03,1.764705882352941e+00,3587140
8.236290263933889e+03,8.234525558051536e+03,5.882352941176471e-01,3587144
8.237930594169823e+03,8.233169815221731e+03,1.176470588235294e+00,3587143
8.238725581771789e+03,8.236960875889436e+03,5.882352941176471e-01,3587146
8.241050006643883e+03,8.235755888996824e+03,1.764705882352941e+00,3587145
8.242814712526236e+03,8.238631591373585e+03,5.882352941176471e-01,3587149
8.243224711816882e+03,8.237029410191409e+03,1.764705882352941e+00,3587147
8.244019699418848e+03,8.237889947408936e+03,1.764705882352941e+00,3587148
8.244579418408589e+03,8.238784902101342e+03,5.882352941176471e-01,3587150
8.244989417699235e+03,8.238939300338855e+03,5.882352941176471e-01,3587151
8.245784405301201e+03,8.240297262098846e+03,5.882352941176471e-01,3587152
8.246344124290942e+03,8.241405313581801e+03,5.882352941176471e-01,3587153
8.246754123581588e+03,8.243689182364787e+03,5.882352941176471e-01,3587154
8.249033241491905e+03,8.247268535609552e+03,5.882352941176471e-01,3587156
8.249951801823817e+03,8.248187095941465e+03,5.882352941176471e-01,3587157
8.251079522605799e+03,8.245785404958740e+03,1.764705882352941e+00,3587155
8.253744479214080e+03,8.250215067449374e+03,1.176470588235294e+00,3587158
8.258438053805121e+03,8.256673347922768e+03,5.882352941176471e-01,3587161
8.258669462402809e+03,8.253375344755750e+03,1.764705882352941e+00,3587159
8.258766906370843e+03,8.255237494606137e+03,1.176470588235294e+00,3587160
8.260202759687474e+03,8.257440964837195e+03,5.882352941176471e-01,3587162
8.260445921901424e+03,8.258681216019071e+03,5.882352941176471e-01,3587163
8.261036811067799e+03,8.259272105185446e+03,5.882352941176471e-01,3587164
8.261967465569826e+03,8.259364739042258e+03,5.882352941176471e-01,3587165
8.264311311662562e+03,8.260781899897856e+03,1.176470588235294e+00,3587166
8.265016192413481e+03,8.263251486531128e+03,5.882352941176471e-01,3587167
8.265767989367120e+03,8.264003283484767e+03,5.882352941176471e-01,3587168
8.266544245938336e+03,8.264779540055983e+03,5.882352941176471e-01,3587169
8.266792321181068e+03,8.265027615298715e+03,5.882352941176471e-01,3587170
8.268308951820689e+03,8.265773040236720e+03,5.882352941176471e-01,3587172
8.270073657703042e+03,8.266955779848922e+03,5.882352941176471e-01,3587174
8.271062107014179e+03,8.265394547745200e+03,1.764705882352941e+00,3587171
8.271838363585395e+03,8.267470647967675e+03,5.882352941176471e-01,3587175
8.272086438828127e+03,8.266171321535336e+03,1.764705882352941e+00,3587173
8.272826812896532e+03,8.267598912231404e+03,5.882352941176471e-01,3587176
8.275367775350101e+03,8.269209784715159e+03,1.176470588235294e+00,3587177
8.277380556475185e+03,8.270135818210271e+03,1.764705882352941e+00,3587178
8.278120930543591e+03,8.270616624944712e+03,1.764705882352941e+00,3587179
8.279145262357538e+03,8.275385696041379e+03,5.882352941176471e-01,3587181
8.279885636425944e+03,8.277761424838367e+03,5.882352941176471e-01,3587182
8.280661892997160e+03,8.271362016044308e+03,1.764705882352941e+00,3587180
8.281650342308297e+03,8.278940347365451e+03,5.882352941176471e-01,3587184
8.282426598879513e+03,8.280139176352750e+03,5.882352941176471e-01,3587185
8.282674674122244e+03,8.278737997555984e+03,1.176470588235294e+00,3587183
8.286204085886950e+03,8.280947377651876e+03,1.176470588235294e+00,3587188
8.286944459955355e+03,8.280209282396354e+03,1.764705882352941e+00,3587186
8.287720716526571e+03,8.280682276451360e+03,1.764705882352941e+00,3587187
8.288709165837708e+03,8.285190800206031e+03,5.882352941176471e-01,3587190
8.289485422408924e+03,8.286846281023158e+03,5.882352941176471e-01,3587191
8.291498203534009e+03,8.282589942676142e+03,1.764705882352941e+00,3587189
8.298245604200966e+03,8.292951486553908e+03,1.764705882352941e+00,3587192
8.300010310083319e+03,8.296439825288666e+03,5.882352941176471e-01,3587195
8.300764772677704e+03,8.295470655030645e+03,1.764705882352941e+00,3587193
8.301424124635794e+03,8.296130006988735e+03,1.764705882352941e+00,3587194
8.305080878133784e+03,8.303316172251431e+03,5.882352941176471e-01,3587197
8.305304427730378e+03,8.297210214897737e+03,1.764705882352941e+00,3587196
8.309973227500410e+03,8.308208521618057e+03,5.882352941176471e-01,3587198
8.310042615780537e+03,8.308277909898185e+03,5.882352941176471e-01,3587199
8.311607704747666e+03,8.309842998865313e+03,5.882352941176471e-01,3587200
8.313853391688725e+03,8.312088685806372e+03,5.882352941176471e-01,3587201
8.314251230138380e+03,8.312486524256027e+03,5.882352941176471e-01,3587202
8.318587981931382e+03,8.316823276049029e+03,5.882352941176471e-01,3587204
8.318809300883160e+03,8.313515183236101e+03,1.764705882352941e+00,3587203
8.320753651582776e+03,8.318988945700423e+03,5.882352941176471e-01,3587206
8.321327291798109e+03,8.319562585915756e+03,5.882352941176471e-01,3587207
8.323673639836282e+03,8.318379522189223e+03,1.764705882352941e+00,3587205
8.327976421857831e+03,8.322682304210772e+03,1.764705882352941e+00,3587208
8.330930167379904e+03,8.325636049732845e+03,1.764705882352941e+00,3587209
8.332061813734300e+03,8.328532401969595e+03,1.176470588235294e+00,3587210
8.332694873262257e+03,8.330533991190577e+03,5.882352941176471e-01,3587212
8.335506054080903e+03,8.330211936433844e+03,1.764705882352941e+00,3587211
8.336949896659150e+03,8.335185190776797e+03,5.882352941176471e-01,3587214
8.336957569173552e+03,8.333428157408846e+03,1.176470588235294e+00,3587213
8.337772667437171e+03,8.336007961554818e+03,5.882352941176471e-01,3587215
8.338714602541503e+03,8.336503931037937e+03,5.882352941176471e-01,3587216
8.345017707289791e+03,8.341488295525085e+03,1.176470588235294e+00,3587218
8.346155454471502e+03,8.340861336824443e+03,1.764705882352941e+00,3587217
8.348268324350783e+03,8.342974206703724e+03,1.764705882352941e+00,3587219
8.348481508530527e+03,8.346716802648174e+03,5.882352941176471e-01,3587221
8.350630545875944e+03,8.348865839993591e+03,5.882352941176471e-01,3587223
8.351343898794520e+03,8.346049781147461e+03,1.764705882352941e+00,3587220
8.353562441997842e+03,8.347079375158727e+03,1.764705882352941e+00,3587222
8.354426968880203e+03,8.350897557115497e+03,1.176470588235294e+00,3587224
8.356999013268526e+03,8.355234307386173e+03,5.882352941176471e-01,3587225
8.358763719150879e+03,8.356905816420664e+03,5.882352941176471e-01,3587228
8.360315236587845e+03,8.356785824823139e+03,1.176470588235294e+00,3587227
8.360528425033232e+03,8.357385596521215e+03,5.882352941176471e-01,3587229
8.361243385206902e+03,8.355949267559843e+03,1.764705882352941e+00,3587226
8.362079942470198e+03,8.357803572005107e+03,5.882352941176471e-01,3587230
8.362293130915585e+03,8.360064760649018e+03,5.882352941176471e-01,3587231
8.363595638345687e+03,8.361830932463334e+03,5.882352941176471e-01,3587232
8.369750106680981e+03,8.367985400798628e+03,5.882352941176471e-01,3587235
8.372367194657095e+03,8.367073077010036e+03,1.764705882352941e+00,3587233
8.373068435991827e+03,8.367774318344768e+03,1.764705882352941e+00,3587234
8.375044224328040e+03,8.368359969156173e+03,1.764705882352941e+00,3587236
8.377661312304154e+03,8.368713946124243e+03,1.764705882352941e+00,3587237
8.378362553638886e+03,8.370014851886144e+03,1.764705882352941e+00,3587238
8.379426018186507e+03,8.371446038906291e+03,5.882352941176471e-01,3587240
8.380338341975098e+03,8.370995631330162e+03,1.764705882352941e+00,3587239
8.381190724068860e+03,8.372114905955821e+03,5.882352941176471e-01,3587242
8.382103047857451e+03,8.372755011919303e+03,5.882352941176471e-01,3587243
8.382955429951213e+03,8.374849495186649e+03,5.882352941176471e-01,3587244
8.383656671285945e+03,8.372053264647970e+03,1.764705882352941e+00,3587241
8.383867753739804e+03,8.375202444936210e+03,5.882352941176471e-01,3587245
8.385421377168298e+03,8.378813276868032e+03,5.882352941176471e-01,3587247
8.386484841715918e+03,8.375893229489880e+03,1.176470588235294e+00,3587246
8.387186083050651e+03,8.380182242765114e+03,5.882352941176471e-01,3587249
8.389161871386863e+03,8.379943968173458e+03,1.764705882352941e+00,3587248
8.390926577269216e+03,8.388156544938559e+03,5.882352941176471e-01,3587252
8.391778959362977e+03,8.382911062053283e+03,1.764705882352941e+00,3587250
8.392480200697710e+03,8.384681670745185e+03,1.764705882352941e+00,3587251
8.392691283151569e+03,8.389362690765637e+03,5.882352941176471e-01,3587253
8.393543665245330e+03,8.390772172759116e+03,5.882352941176471e-01,3587254
8.394950867267284e+03,8.393186161384931e+03,5.882352941176471e-01,3587255
8.395834467421904e+03,8.394069761539551e+03,5.882352941176471e-01,3587257
8.396726292279937e+03,8.393196880515231e+03,1.176470588235294e+00,3587256
8.397846001520620e+03,8.396081295638267e+03,5.882352941176471e-01,3587258
8.398722358037761e+03,8.396957652155408e+03,5.882352941176471e-01,3587259
8.401086718824388e+03,8.399322012942035e+03,5.882352941176471e-01,3587262
8.402747272089164e+03,8.399217860324458e+03,1.176470588235294e+00,3587261
8.404186182469253e+03,8.398892064822194e+03,1.764705882352941e+00,3587260
8.405920647636923e+03,8.404155941754570e+03,5.882352941176471e-01,3587263
8.407760362645101e+03,8.405995656762748e+03,5.882352941176471e-01,3587264
8.412321548586899e+03,8.408792136822193e+03,1.176470588235294e+00,3587265
8.412577482084879e+03,8.410812776202526e+03,5.882352941176471e-01,3587266
8.417320430272133e+03,8.412026312625074e+03,1.764705882352941e+00,3587267
8.418321358779920e+03,8.413027241132861e+03,1.764705882352941e+00,3587268
8.418773241817821e+03,8.413479124170762e+03,1.764705882352941e+00,3587269
8.420086064662273e+03,8.415674252380860e+03,5.882352941176471e-01,3587271
8.422614547919192e+03,8.413933806605818e+03,1.764705882352941e+00,3587270
8.422824914745928e+03,8.421060208863575e+03,5.882352941176471e-01,3587272
8.426893710486900e+03,8.423364298722194e+03,1.176470588235294e+00,3587273
8.427907009932277e+03,8.426142304049924e+03,5.882352941176471e-01,3587274
8.429671715814630e+03,8.427632400952119e+03,5.882352941176471e-01,3587277
8.431484580932639e+03,8.426190463285580e+03,1.764705882352941e+00,3587275
8.432775759909063e+03,8.427481642262004e+03,1.764705882352941e+00,3587276
8.434965833461689e+03,8.429252961068959e+03,1.764705882352941e+00,3587278
8.436735397680177e+03,8.434970691797824e+03,5.882352941176471e-01,3587280
8.437306345165661e+03,8.435541639283308e+03,5.882352941176471e-01,3587281
8.438970408814906e+03,8.433676291167847e+03,1.764705882352941e+00,3587279
8.439071051048014e+03,8.436871521860697e+03,5.882352941176471e-01,3587283
8.440264809444883e+03,8.436694747863104e+03,1.176470588235294e+00,3587282
8.440735114697259e+03,8.437435981138741e+03,5.882352941176471e-01,3587284
8.440835756930367e+03,8.437688004523963e+03,5.882352941176471e-01,3587285
8.442029515327236e+03,8.438778935225900e+03,5.882352941176471e-01,3587286
8.442499820579612e+03,8.439176869432514e+03,5.882352941176471e-01,3587287
8.442600462812720e+03,8.439896971513975e+03,5.882352941176471e-01,3587288
8.444264526461965e+03,8.440200403881004e+03,5.882352941176471e-01,3587290
8.445558927091942e+03,8.440053273592965e+03,1.176470588235294e+00,3587289
8.453209766091920e+03,8.447915648444861e+03,1.764705882352941e+00,3587291
8.453797986803589e+03,8.448503869156530e+03,1.764705882352941e+00,3587292
8.453969551530744e+03,8.448675433883685e+03,1.764705882352941e+00,3587293
8.456919409262801e+03,8.455154703380448e+03,5.882352941176471e-01,3587295
8.458378312408519e+03,8.454848900643813e+03,1.176470588235294e+00,3587294
8.460143018290872e+03,8.456855872045397e+03,5.882352941176471e-01,3587298
8.460597363869796e+03,8.455303246222738e+03,1.764705882352941e+00,3587296
8.462213526909860e+03,8.456827143031067e+03,1.764705882352941e+00,3587297
8.462362069752149e+03,8.458333701362763e+03,5.882352941176471e-01,3587300
8.464126775634502e+03,8.461158158251229e+03,5.882352941176471e-01,3587302
8.465437135937931e+03,8.457536179516375e+03,1.764705882352941e+00,3587299
8.467507644556919e+03,8.459119747544231e+03,1.764705882352941e+00,3587301
8.472953911315444e+03,8.471189205433091e+03,5.882352941176471e-01,3587303
8.473305540571792e+03,8.471540834689439e+03,5.882352941176471e-01,3587304
8.473512119443015e+03,8.471747413560662e+03,5.882352941176471e-01,3587305
8.475070246454144e+03,8.473008616165634e+03,5.882352941176471e-01,3587307
8.476483323080150e+03,8.472246057988136e+03,1.176470588235294e+00,3587306
8.478599658218850e+03,8.474991891716869e+03,1.176470588235294e+00,3587309
8.479995556876784e+03,8.474701439229725e+03,1.764705882352941e+00,3587308
8.480364364101203e+03,8.478340948491240e+03,5.882352941176471e-01,3587311
8.481760262759137e+03,8.478632071192364e+03,5.882352941176471e-01,3587312
8.482650686111950e+03,8.477356568464891e+03,1.764705882352941e+00,3587310
8.484802008117937e+03,8.483037302235584e+03,5.882352941176471e-01,3587315
8.485658481748262e+03,8.479038766567361e+03,1.764705882352941e+00,3587313
8.487054380406196e+03,8.480802840950738e+03,1.764705882352941e+00,3587314
8.487292945293026e+03,8.485528239410674e+03,5.882352941176471e-01,3587316
8.490825608116879e+03,8.489060902234526e+03,5.882352941176471e-01,3587317
8.492978021502382e+03,8.489448609737676e+03,1.176470588235294e+00,3587318
8.494530619301487e+03,8.492765913419134e+03,5.882352941176471e-01,3587320
8.494742727384735e+03,8.492967621983415e+03,5.882352941176471e-01,3587321
8.496324355291714e+03,8.491030237644655e+03,1.764705882352941e+00,3587319
8.496507433267087e+03,8.494628523843522e+03,5.882352941176471e-01,3587323
8.498060031066193e+03,8.494081451946250e+03,1.176470588235294e+00,3587322
8.498089061174067e+03,8.495390385180958e+03,5.882352941176471e-01,3587324
8.501589442830899e+03,8.497488405048805e+03,1.176470588235294e+00,3587326
8.502765513417901e+03,8.497471395770842e+03,1.764705882352941e+00,3587325
8.503354148713252e+03,8.498408177040302e+03,5.882352941176471e-01,3587328
8.503383178821126e+03,8.497617728367399e+03,1.764705882352941e+00,3587327
8.504530219300254e+03,8.499732635569700e+03,5.882352941176471e-01,3587329
8.505118854595605e+03,8.500602772208162e+03,5.882352941176471e-01,3587330
8.505373648854373e+03,8.503608942972020e+03,5.882352941176471e-01,3587331
8.507197366458602e+03,8.505432660576249e+03,5.882352941176471e-01,3587333
8.509854311638566e+03,8.504560193991508e+03,1.764705882352941e+00,3587332
8.511177728919397e+03,8.505883611272338e+03,1.764705882352941e+00,3587334
8.511619017520919e+03,8.509114460411666e+03,5.882352941176471e-01,3587336
8.512942434801750e+03,8.509682827330950e+03,5.882352941176471e-01,3587337
8.513383723403272e+03,8.510008325445668e+03,5.882352941176471e-01,3587338
8.514241910780245e+03,8.508947793133186e+03,1.764705882352941e+00,3587335
8.515148429285625e+03,8.511248072781276e+03,5.882352941176471e-01,3587340
8.516006616662598e+03,8.512221338609534e+03,5.882352941176471e-01,3587341
8.516913135167978e+03,8.513433875081620e+03,5.882352941176471e-01,3587342
8.517771322544951e+03,8.513677129635189e+03,5.882352941176471e-01,3587343
8.518236552448809e+03,8.511195172922389e+03,1.764705882352941e+00,3587339
8.518677841050331e+03,8.514002669836972e+03,5.882352941176471e-01,3587344
8.520001258331162e+03,8.516039612613259e+03,5.882352941176471e-01,3587346
8.521300734309657e+03,8.515853894411382e+03,1.176470588235294e+00,3587345
8.523065440192010e+03,8.518804127418238e+03,5.882352941176471e-01,3587349
8.523971958697390e+03,8.516964879859777e+03,1.764705882352941e+00,3587347
8.524830146074363e+03,8.520190845320772e+03,5.882352941176471e-01,3587350
8.525295375978221e+03,8.518269530626778e+03,1.764705882352941e+00,3587348
8.526594851956716e+03,8.522875863979012e+03,5.882352941176471e-01,3587352
8.527501370462096e+03,8.521807547763425e+03,1.176470588235294e+00,3587351
8.527857977914609e+03,8.526093272032256e+03,5.882352941176471e-01,3587353
8.528743406320704e+03,8.526978700438351e+03,5.882352941176471e-01,3587354
8.529266076344449e+03,8.527125903572978e+03,5.882352941176471e-01,3587355
8.530730708104462e+03,8.528966002222109e+03,5.882352941176471e-01,3587357
8.533325900725455e+03,8.531561194843102e+03,5.882352941176471e-01,3587359
8.533729859004383e+03,8.528435741357325e+03,1.764705882352941e+00,3587356
8.534560193991508e+03,8.529192579984687e+03,1.764705882352941e+00,3587358
8.535494564886736e+03,8.533419943127585e+03,5.882352941176471e-01,3587361
8.536855312490161e+03,8.532493185340363e+03,1.176470588235294e+00,3587360
8.538339851782353e+03,8.536575145900000e+03,5.882352941176471e-01,3587363
8.539574757538207e+03,8.537810051655854e+03,5.882352941176471e-01,3587364
8.539854311638566e+03,8.534431940588926e+03,1.764705882352941e+00,3587362
8.540911010688673e+03,8.539146304806320e+03,5.882352941176471e-01,3587365
8.542648472718758e+03,8.540883766836405e+03,5.882352941176471e-01,3587366
8.543511139735315e+03,8.541746433852962e+03,5.882352941176471e-01,3587367
8.545028352744428e+03,8.543263646862075e+03,5.882352941176471e-01,3587368
8.550403153545791e+03,8.546873741781085e+03,1.176470588235294e+00,3587369
8.554277226456726e+03,8.552512520574373e+03,5.882352941176471e-01,3587371
8.556041932339079e+03,8.554002639292452e+03,5.882352941176471e-01,3587373
8.556692563495691e+03,8.551398445848632e+03,1.764705882352941e+00,3587370
8.557309217864341e+03,8.553779806099635e+03,1.176470588235294e+00,3587372
8.559848441149054e+03,8.558083735266701e+03,5.882352941176471e-01,3587374
8.563025615770066e+03,8.561260909887713e+03,5.882352941176471e-01,3587377
8.563875227415424e+03,8.560345815650718e+03,1.176470588235294e+00,3587376
8.564790321652419e+03,8.562772687142033e+03,5.882352941176471e-01,3587378
8.565352911408512e+03,8.560058793761453e+03,1.764705882352941e+00,3587375
8.569169345062483e+03,8.562888421718614e+03,1.764705882352941e+00,3587379
8.570084439299478e+03,8.563749039233615e+03,1.764705882352941e+00,3587380
8.571135190624034e+03,8.565841072976975e+03,1.764705882352941e+00,3587381
8.572899896506387e+03,8.569799507724263e+03,5.882352941176471e-01,3587384
8.574463462709542e+03,8.567061848478787e+03,1.764705882352941e+00,3587382
8.574664602388740e+03,8.572676143471727e+03,5.882352941176471e-01,3587385
8.575378556946537e+03,8.568064927741175e+03,1.764705882352941e+00,3587383
8.576629800854356e+03,8.574865094972003e+03,5.882352941176471e-01,3587386
8.577411088795435e+03,8.575646382913082e+03,5.882352941176471e-01,3587388
8.578394506736709e+03,8.575947748104364e+03,5.882352941176471e-01,3587389
8.580838387169918e+03,8.575544269522859e+03,1.764705882352941e+00,3587387
8.582279283902651e+03,8.580514578020299e+03,5.882352941176471e-01,3587391
8.582705206442493e+03,8.577093607883958e+03,1.764705882352941e+00,3587390
8.584043989785004e+03,8.581314095606293e+03,5.882352941176471e-01,3587393
8.586404301510136e+03,8.581110183863077e+03,1.764705882352941e+00,3587392
8.589082418779706e+03,8.583788301132647e+03,1.764705882352941e+00,3587394
8.594493117668002e+03,8.592728411785649e+03,5.882352941176471e-01,3587395
8.595330515853907e+03,8.593565809971554e+03,5.882352941176471e-01,3587397
8.598528297853696e+03,8.593234180206637e+03,1.764705882352941e+00,3587396
8.598690542276965e+03,8.596925836394612e+03,5.882352941176471e-01,3587399
8.600125991195805e+03,8.594831873548747e+03,1.764705882352941e+00,3587398
8.600455248159318e+03,8.597905171640653e+03,5.882352941176471e-01,3587401
8.602066046817785e+03,8.600301340935432e+03,5.882352941176471e-01,3587402
8.603822415500755e+03,8.597175109253403e+03,1.764705882352941e+00,3587400
8.604504817858571e+03,8.602740111976218e+03,5.882352941176471e-01,3587403
8.606362146535278e+03,8.604597440652925e+03,5.882352941176471e-01,3587404
8.611060291239506e+03,8.605766173592447e+03,1.764705882352941e+00,3587405
8.614143895629539e+03,8.612379189747186e+03,5.882352941176471e-01,3587408
8.615780501021628e+03,8.610486383374570e+03,1.764705882352941e+00,3587406
8.616249075420296e+03,8.610954957773237e+03,1.764705882352941e+00,3587407
8.617545206903981e+03,8.614198482696989e+03,5.882352941176471e-01,3587410
8.619309912786334e+03,8.614878139820876e+03,5.882352941176471e-01,3587412
8.619438013276598e+03,8.612984885467650e+03,1.764705882352941e+00,3587409
8.619778487185002e+03,8.614853460461372e+03,1.176470588235294e+00,3587411
8.621074618668687e+03,8.615795644946890e+03,5.882352941176471e-01,3587413
8.621202719158951e+03,8.615921820207402e+03,5.882352941176471e-01,3587414
8.621543193067355e+03,8.617447792021851e+03,5.882352941176471e-01,3587415
8.622839324551040e+03,8.618818004887008e+03,5.882352941176471e-01,3587416
8.622967425041304e+03,8.620414265556527e+03,5.882352941176471e-01,3587417
8.624604030433393e+03,8.622042352420017e+03,5.882352941176471e-01,3587419
8.624732130923657e+03,8.622788876679118e+03,5.882352941176471e-01,3587420
8.626368736315746e+03,8.623659065820138e+03,5.882352941176471e-01,3587421
8.626837310714414e+03,8.621099509944351e+03,1.764705882352941e+00,3587418
8.627229837392052e+03,8.625465131509699e+03,5.882352941176471e-01,3587422
8.628133442198099e+03,8.625580256375228e+03,5.882352941176471e-01,3587423
8.628602016596767e+03,8.626729779834199e+03,5.882352941176471e-01,3587424
8.631303169729743e+03,8.629538463847390e+03,5.882352941176471e-01,3587426
8.633302952929156e+03,8.631538247046803e+03,5.882352941176471e-01,3587427
8.633601365270617e+03,8.631836659388264e+03,5.882352941176471e-01,3587428
8.634450926938620e+03,8.629156809291561e+03,1.764705882352941e+00,3587425
8.635067658811509e+03,8.632737953293359e+03,5.882352941176471e-01,3587429
8.637305880129404e+03,8.635541174247051e+03,5.882352941176471e-01,3587430
8.637618918537873e+03,8.635854212655520e+03,5.882352941176471e-01,3587431
8.639338672648667e+03,8.637573966766314e+03,5.882352941176471e-01,3587433
8.641620750927864e+03,8.639856045045511e+03,5.882352941176471e-01,3587435
8.641919249107969e+03,8.636625131460910e+03,1.764705882352941e+00,3587432
8.642913036184932e+03,8.637585358255691e+03,1.764705882352941e+00,3587434
8.643385456810217e+03,8.640444901455155e+03,5.882352941176471e-01,3587436
8.645779307892470e+03,8.644014602010117e+03,5.882352941176471e-01,3587438
8.647544013774823e+03,8.645281425038625e+03,5.882352941176471e-01,3587440
8.648344323608064e+03,8.643050205961005e+03,1.764705882352941e+00,3587437
8.649549323231512e+03,8.644255205584453e+03,1.764705882352941e+00,3587439
8.650109029490417e+03,8.645793983328838e+03,5.882352941176471e-01,3587442
8.651873735372770e+03,8.649215598923031e+03,5.882352941176471e-01,3587444
8.652838131421882e+03,8.645454701817375e+03,1.764705882352941e+00,3587441
8.653078734996218e+03,8.647249195196672e+03,1.176470588235294e+00,3587443
8.653638441255123e+03,8.650023804726324e+03,5.882352941176471e-01,3587445
8.654602837304235e+03,8.650188408162080e+03,5.882352941176471e-01,3587446
8.654843440878571e+03,8.651191270474929e+03,5.882352941176471e-01,3587447
8.655403147137476e+03,8.651430838145406e+03,5.882352941176471e-01,3587448
8.656367543186588e+03,8.651602475246840e+03,5.882352941176471e-01,3587449
8.656608146760924e+03,8.653347301549424e+03,5.882352941176471e-01,3587450
8.657167853019829e+03,8.653856379580643e+03,5.882352941176471e-01,3587451
8.658132249068941e+03,8.655321849813939e+03,5.882352941176471e-01,3587452
8.658372852643277e+03,8.656280784812448e+03,5.882352941176471e-01,3587453
8.661792219761495e+03,8.660027513879142e+03,5.882352941176471e-01,3587454
8.664733389559778e+03,8.662968683677425e+03,5.882352941176471e-01,3587455
8.666676577247048e+03,8.664911871364695e+03,5.882352941176471e-01,3587456
8.668331065282746e+03,8.666566359400393e+03,5.882352941176471e-01,3587457
8.671666743539479e+03,8.668137331774774e+03,1.176470588235294e+00,3587458
8.676343161138221e+03,8.672813749373515e+03,1.176470588235294e+00,3587459
8.677373051554504e+03,8.675608345672151e+03,5.882352941176471e-01,3587460
8.678049585935903e+03,8.676284880053550e+03,5.882352941176471e-01,3587461
8.679111487999542e+03,8.677346782117189e+03,5.882352941176471e-01,3587462
8.679784566151811e+03,8.678019860269458e+03,5.882352941176471e-01,3587463
8.681937894557886e+03,8.680173188675533e+03,5.882352941176471e-01,3587465
8.685265470112950e+03,8.683500764230597e+03,5.882352941176471e-01,3587467
8.685275541634145e+03,8.679981423987086e+03,1.764705882352941e+00,3587464
8.687322037352993e+03,8.682027919705934e+03,1.764705882352941e+00,3587466
8.689086743235346e+03,8.685987383176890e+03,5.882352941176471e-01,3587470
8.689132321886633e+03,8.685602910121927e+03,1.176470588235294e+00,3587469
8.690683799110754e+03,8.685389681463695e+03,1.764705882352941e+00,3587468
8.690897027768986e+03,8.686948751522267e+03,5.882352941176471e-01,3587472
8.692448504993107e+03,8.690408084474056e+03,5.882352941176471e-01,3587473
8.692616155000051e+03,8.686703444733958e+03,1.176470588235294e+00,3587471
8.698695517702525e+03,8.693401400055466e+03,1.764705882352941e+00,3587474
8.700460223584878e+03,8.696096639098106e+03,5.882352941176471e-01,3587477
8.700831408133795e+03,8.695537290486736e+03,1.764705882352941e+00,3587475
8.701085108235113e+03,8.695790990588054e+03,1.764705882352941e+00,3587476
8.702596114016148e+03,8.697339374037320e+03,5.882352941176471e-01,3587479
8.702849814117466e+03,8.698530937180922e+03,5.882352941176471e-01,3587480
8.705754341231937e+03,8.697222973825458e+03,1.764705882352941e+00,3587478
8.706125525780854e+03,8.700546421934652e+03,1.176470588235294e+00,3587481
8.706379225882172e+03,8.701001562560291e+03,1.176470588235294e+00,3587482
8.707519047114290e+03,8.702815361040718e+03,5.882352941176471e-01,3587483
8.708143931764525e+03,8.703203031013620e+03,5.882352941176471e-01,3587485
8.709283752996643e+03,8.703753498543826e+03,5.882352941176471e-01,3587486
8.711419643427913e+03,8.703076181649369e+03,1.764705882352941e+00,3587484
8.711673343529230e+03,8.707107455610646e+03,1.176470588235294e+00,3587487
8.712813164761348e+03,8.707327366759363e+03,1.176470588235294e+00,3587488
8.713184349310266e+03,8.708249274220820e+03,5.882352941176471e-01,3587489
8.713438049411583e+03,8.708339720815606e+03,5.882352941176471e-01,3587490
8.714577870643701e+03,8.709538477090533e+03,5.882352941176471e-01,3587491
8.714949055192619e+03,8.710609186868113e+03,5.882352941176471e-01,3587492
8.715202755293936e+03,8.710691913789903e+03,5.882352941176471e-01,3587493
8.717226693308174e+03,8.715461987425821e+03,5.882352941176471e-01,3587495
8.717301423196659e+03,8.715536717314306e+03,5.882352941176471e-01,3587496
8.719881677026266e+03,8.714587559379207e+03,1.764705882352941e+00,3587494
8.720756105072880e+03,8.716160308949599e+03,1.176470588235294e+00,3587497
8.721646382908619e+03,8.718034055427924e+03,5.882352941176471e-01,3587499
8.722520810955233e+03,8.718313848943424e+03,5.882352941176471e-01,3587500
8.723289845192469e+03,8.717995727545411e+03,1.764705882352941e+00,3587498
8.723411088790972e+03,8.718683610162783e+03,5.882352941176471e-01,3587501
8.724285516837585e+03,8.719196198271146e+03,5.882352941176471e-01,3587502
8.725054551074822e+03,8.719367261005633e+03,5.882352941176471e-01,3587503
8.725175794673325e+03,8.720949602848585e+03,5.882352941176471e-01,3587504
8.726050222719938e+03,8.720982799399441e+03,5.882352941176471e-01,3587505
8.726819256957175e+03,8.722464726845018e+03,5.882352941176471e-01,3587506
8.726940500555678e+03,8.722668211714693e+03,5.882352941176471e-01,3587507
8.727814928602291e+03,8.722804416036143e+03,5.882352941176471e-01,3587508
8.728583962839528e+03,8.725681381384033e+03,5.882352941176471e-01,3587509
8.729579634484644e+03,8.726308084035682e+03,5.882352941176471e-01,3587511
8.731694916669653e+03,8.729930210787300e+03,5.882352941176471e-01,3587513
8.732234618202736e+03,8.725981041946239e+03,1.764705882352941e+00,3587510
8.733878080486587e+03,8.728174896919577e+03,1.764705882352941e+00,3587512
8.735686297703994e+03,8.733921591821641e+03,5.882352941176471e-01,3587514
8.740570650417125e+03,8.738805944534772e+03,5.882352941176471e-01,3587516
8.741438351824881e+03,8.736144234177823e+03,1.764705882352941e+00,3587515
8.742109910859878e+03,8.740345204977525e+03,5.882352941176471e-01,3587517
8.749255844990131e+03,8.747491139107778e+03,5.882352941176471e-01,3587518
8.749771878197509e+03,8.748007172315156e+03,5.882352941176471e-01,3587519
8.750446956336388e+03,8.748682250454035e+03,5.882352941176471e-01,3587520
8.753166792825857e+03,8.749637381061151e+03,1.176470588235294e+00,3587521
8.759657138204665e+03,8.757892432322312e+03,5.882352941176471e-01,3587522
8.765369725126118e+03,8.760075607479059e+03,1.764705882352941e+00,3587523
8.767850489515354e+03,8.766085783633001e+03,5.882352941176471e-01,3587524
8.770101101788743e+03,8.768336395906390e+03,5.882352941176471e-01,3587525
8.777022777270031e+03,8.771728659622972e+03,1.764705882352941e+00,3587526
8.777323365120048e+03,8.775558659237695e+03,5.882352941176471e-01,3587527
8.780503451195293e+03,8.778738745312940e+03,5.882352941176471e-01,3587529
8.782657763467178e+03,8.780893057584825e+03,5.882352941176471e-01,3587530
8.783370867030234e+03,8.778076749383175e+03,1.764705882352941e+00,3587528
8.783772179273112e+03,8.782007473390759e+03,5.882352941176471e-01,3587531
8.786187175231884e+03,8.782594169876750e+03,1.176470588235294e+00,3587532
8.789441197499614e+03,8.787676491617261e+03,5.882352941176471e-01,3587534
8.790444877440809e+03,8.785150759793750e+03,1.764705882352941e+00,3587533
8.791234788173572e+03,8.787705376408866e+03,1.176470588235294e+00,3587535
8.794735315146673e+03,8.789069108355662e+03,1.764705882352941e+00,3587536
8.796535100921085e+03,8.793005689156379e+03,1.176470588235294e+00,3587537
8.804959937052880e+03,8.803195231170527e+03,5.882352941176471e-01,3587539
8.806034128694429e+03,8.804269422812076e+03,5.882352941176471e-01,3587540
8.806451542470468e+03,8.801157424823409e+03,1.764705882352941e+00,3587538
8.809581019657132e+03,8.807816313774779e+03,5.882352941176471e-01,3587541
8.810678085337151e+03,8.808913379454798e+03,5.882352941176471e-01,3587542
8.812301274724488e+03,8.810536568842135e+03,5.882352941176471e-01,3587543
8.812370737636283e+03,8.810606031753930e+03,5.882352941176471e-01,3587544
8.813290551632805e+03,8.811525845750452e+03,5.882352941176471e-01,3587545
8.814151782475079e+03,8.812387076592726e+03,5.882352941176471e-01,3587547
8.815055257515158e+03,8.812416025804223e+03,5.882352941176471e-01,3587548
8.817595392371547e+03,8.811908163277494e+03,1.764705882352941e+00,3587546
8.818760115816608e+03,8.816995409934255e+03,5.882352941176471e-01,3587549
8.820824392670905e+03,8.819059686788552e+03,5.882352941176471e-01,3587550
8.821125809989143e+03,8.819361104106790e+03,5.882352941176471e-01,3587551
8.821318758420433e+03,8.819554052538080e+03,5.882352941176471e-01,3587552
8.828414795724069e+03,8.824885383959363e+03,1.176470588235294e+00,3587553
8.831049276235208e+03,8.829284570352855e+03,5.882352941176471e-01,3587554
8.831735790960176e+03,8.829971085077823e+03,5.882352941176471e-01,3587555
8.832989309680512e+03,8.831224603798159e+03,5.882352941176471e-01,3587557
8.833708856674625e+03,8.831944150792273e+03,5.882352941176471e-01,3587558
8.833784169648239e+03,8.830254757883533e+03,1.176470588235294e+00,3587556
8.834754015562865e+03,8.832902579184016e+03,5.882352941176471e-01,3587559
8.835548875530592e+03,8.833515267249729e+03,5.882352941176471e-01,3587561
8.836518721445218e+03,8.834339482916046e+03,5.882352941176471e-01,3587562
8.837238268439331e+03,8.833457397429646e+03,1.176470588235294e+00,3587560
8.838283427327571e+03,8.835125937820047e+03,5.882352941176471e-01,3587564
8.840842993177651e+03,8.834917207576326e+03,1.764705882352941e+00,3587563
8.843542237187235e+03,8.838248119540176e+03,1.764705882352941e+00,3587565
8.844170113457916e+03,8.838875995810857e+03,1.764705882352941e+00,3587566
8.845306943069588e+03,8.840645733489486e+03,5.882352941176471e-01,3587568
8.845934819340269e+03,8.840968512214445e+03,5.882352941176471e-01,3587569
8.846137110824709e+03,8.840240141475160e+03,1.764705882352941e+00,3587567
8.847901816707062e+03,8.842766038431483e+03,5.882352941176471e-01,3587572
8.849666522589415e+03,8.844655543982828e+03,5.882352941176471e-01,3587573
8.850601060716647e+03,8.842081176442517e+03,1.764705882352941e+00,3587570
8.851228936987328e+03,8.842668306234253e+03,1.764705882352941e+00,3587571
8.851431228471768e+03,8.848101704368251e+03,5.882352941176471e-01,3587574
8.852365766598999e+03,8.849558363395436e+03,5.882352941176471e-01,3587575
8.852993642869681e+03,8.850081393742989e+03,5.882352941176471e-01,3587576
8.856120021576139e+03,8.854355315693786e+03,5.882352941176471e-01,3587579
8.856725346118827e+03,8.850670990549715e+03,1.764705882352941e+00,3587577
8.858490052001180e+03,8.856074130013928e+03,5.882352941176471e-01,3587581
8.858898640855806e+03,8.853604523208747e+03,1.764705882352941e+00,3587578
8.859649433340845e+03,8.855280282582522e+03,1.176470588235294e+00,3587580
8.860254757883533e+03,8.857725233118625e+03,5.882352941176471e-01,3587582
8.862486957277817e+03,8.860722251395464e+03,5.882352941176471e-01,3587584
8.864192758502864e+03,8.858635351905406e+03,1.764705882352941e+00,3587583
8.864818231660416e+03,8.861288819895710e+03,1.176470588235294e+00,3587585
8.865957464385217e+03,8.862158572031234e+03,5.882352941176471e-01,3587587
8.866016369042523e+03,8.861994374814392e+03,1.176470588235294e+00,3587586
8.866582937542769e+03,8.862450231981818e+03,5.882352941176471e-01,3587588
8.867722170267570e+03,8.863924056966172e+03,5.882352941176471e-01,3587589
8.872565568056293e+03,8.870800862173940e+03,5.882352941176471e-01,3587591
8.873503570247149e+03,8.871738864364796e+03,5.882352941176471e-01,3587592
8.875635142232192e+03,8.870341024585133e+03,1.764705882352941e+00,3587590
8.876094979820999e+03,8.872101071168861e+03,1.176470588235294e+00,3587593
8.878797687894208e+03,8.872471560238576e+03,1.764705882352941e+00,3587594
8.880562393776561e+03,8.878514330047563e+03,5.882352941176471e-01,3587597
8.880929259879251e+03,8.872782493447778e+03,1.764705882352941e+00,3587595
8.881389097468057e+03,8.874848153540330e+03,1.764705882352941e+00,3587596
8.882693965761604e+03,8.879160313857007e+03,5.882352941176471e-01,3587599
8.883153803350410e+03,8.880465274151183e+03,5.882352941176471e-01,3587600
8.885856511423620e+03,8.878972289539071e+03,1.764705882352941e+00,3587598
8.888747225863583e+03,8.886982519981230e+03,5.882352941176471e-01,3587603
8.890438897992186e+03,8.886909486227480e+03,1.176470588235294e+00,3587602
8.890479876276201e+03,8.885185758629143e+03,1.764705882352941e+00,3587601
8.892203603874539e+03,8.887867768821495e+03,5.882352941176471e-01,3587605
8.894041343510642e+03,8.887027815572723e+03,1.764705882352941e+00,3587604
8.897112159057967e+03,8.895347453175614e+03,5.882352941176471e-01,3587606
8.899456573405431e+03,8.897691867523078e+03,5.882352941176471e-01,3587607
8.900256336017939e+03,8.898491630135586e+03,5.882352941176471e-01,3587608
8.905394999148830e+03,8.903630293266477e+03,5.882352941176471e-01,3587611
8.905860793204932e+03,8.902331381440226e+03,1.176470588235294e+00,3587610
8.906148074707060e+03,8.900853957060001e+03,1.764705882352941e+00,3587609
8.907159705031183e+03,8.904513670145498e+03,5.882352941176471e-01,3587612
8.909136746765186e+03,8.907372040882833e+03,5.882352941176471e-01,3587613
8.919401533654082e+03,8.917636827771729e+03,5.882352941176471e-01,3587614
8.921562823312472e+03,8.919798117430119e+03,5.882352941176471e-01,3587616
8.922056581070436e+03,8.920291875188083e+03,5.882352941176471e-01,3587617
8.923327529194825e+03,8.920313748014756e+03,5.882352941176471e-01,3587618
8.923821286952789e+03,8.920872266988856e+03,5.882352941176471e-01,3587619
8.923956545383754e+03,8.918662427736695e+03,1.764705882352941e+00,3587615
8.925092235077178e+03,8.922433080588452e+03,5.882352941176471e-01,3587620
8.928817325279994e+03,8.925287913515288e+03,1.176470588235294e+00,3587621
8.931356628133132e+03,8.926062510486073e+03,1.764705882352941e+00,3587622
8.932747599395421e+03,8.927453481748362e+03,1.764705882352941e+00,3587623
8.934512305277774e+03,8.930918299843827e+03,5.882352941176471e-01,3587626
8.935116865509265e+03,8.929822747862206e+03,1.764705882352941e+00,3587624
8.936277011160127e+03,8.931957202659008e+03,5.882352941176471e-01,3587627
8.936650745780191e+03,8.930414122038065e+03,1.764705882352941e+00,3587625
8.938041717042480e+03,8.932142222978028e+03,5.882352941176471e-01,3587629
8.938415451662544e+03,8.934762700245400e+03,5.882352941176471e-01,3587630
8.940180157544897e+03,8.938243092383513e+03,5.882352941176471e-01,3587632
8.940410983156324e+03,8.932015279794314e+03,1.764705882352941e+00,3587628
8.941571128807186e+03,8.936846139285380e+03,1.176470588235294e+00,3587631
8.941944863427250e+03,8.938388391996149e+03,5.882352941176471e-01,3587633
8.944765637393491e+03,8.943000931511138e+03,5.882352941176471e-01,3587634
8.945606323768914e+03,8.943841617886561e+03,5.882352941176471e-01,3587635
8.948878341545742e+03,8.947113635663389e+03,5.882352941176471e-01,3587637
8.950853679993621e+03,8.945559562346562e+03,1.764705882352941e+00,3587636
8.952154533239269e+03,8.950389827356916e+03,5.882352941176471e-01,3587638
8.959766782567561e+03,8.958002076685208e+03,5.882352941176471e-01,3587639
8.960086455823673e+03,8.958321749941320e+03,5.882352941176471e-01,3587640
8.964286833996956e+03,8.962522128114603e+03,5.882352941176471e-01,3587641
8.967702094239758e+03,8.965937388357405e+03,5.882352941176471e-01,3587642
8.969443934368387e+03,8.967679228486034e+03,5.882352941176471e-01,3587643
8.970219668090973e+03,8.968454962208620e+03,5.882352941176471e-01,3587644
8.975462106506241e+03,8.973697400623888e+03,5.882352941176471e-01,3587647
8.975805196189262e+03,8.970511078542204e+03,1.764705882352941e+00,3587645
8.977110121262248e+03,8.971816003615190e+03,1.764705882352941e+00,3587646
8.977569902071615e+03,8.974632399138140e+03,5.882352941176471e-01,3587649
8.979334607953968e+03,8.977028930778916e+03,5.882352941176471e-01,3587651
8.980756224153300e+03,8.974316806496258e+03,1.764705882352941e+00,3587648
8.982404238909307e+03,8.975220088958434e+03,1.764705882352941e+00,3587650
8.982520930035653e+03,8.978284757889477e+03,5.882352941176471e-01,3587653
8.982864019718674e+03,8.977408284800619e+03,1.176470588235294e+00,3587652
8.984168944791660e+03,8.979457595705776e+03,5.882352941176471e-01,3587654
8.987815047682711e+03,8.980894806668557e+03,1.764705882352941e+00,3587655
8.988158137365733e+03,8.982659609739355e+03,1.764705882352941e+00,3587656
8.989463062438719e+03,8.982902095089720e+03,1.764705882352941e+00,3587657
8.989579753565064e+03,8.983373171702991e+03,5.882352941176471e-01,3587658
8.989922843248086e+03,8.984345629527805e+03,5.882352941176471e-01,3587659
8.991227768321072e+03,8.985047756491733e+03,5.882352941176471e-01,3587660
8.991344459447417e+03,8.985508403611608e+03,5.882352941176471e-01,3587661
8.991687549130439e+03,8.988705283335513e+03,5.882352941176471e-01,3587662
8.993109165329770e+03,8.989098005872797e+03,5.882352941176471e-01,3587664
8.994873871212123e+03,8.989356036329125e+03,5.882352941176471e-01,3587666
8.996521885968131e+03,8.989051919298794e+03,1.764705882352941e+00,3587663
8.996638577094476e+03,8.989541875189835e+03,5.882352941176471e-01,3587667
8.996981666777498e+03,8.989284722945730e+03,1.764705882352941e+00,3587665
9.000051297732837e+03,8.990520868245467e+03,1.176470588235294e+00,3587668
9.001932694741535e+03,8.991306219419965e+03,1.764705882352941e+00,3587669
9.002275784424557e+03,8.992773994235950e+03,1.764705882352941e+00,3587670
9.003697400623888e+03,8.992946593039593e+03,5.882352941176471e-01,3587672
9.004040490306909e+03,8.993406479143701e+03,5.882352941176471e-01,3587673
9.005345415379895e+03,8.992899488633641e+03,1.764705882352941e+00,3587671
9.005462106506241e+03,8.995182633802979e+03,5.882352941176471e-01,3587674
9.005805196189262e+03,8.996506843339106e+03,5.882352941176471e-01,3587675
9.007110121262248e+03,8.996908860469983e+03,5.882352941176471e-01,3587676
9.007569902071615e+03,9.000443679856724e+03,5.882352941176471e-01,3587678
9.009334607953968e+03,9.002778776997480e+03,5.882352941176471e-01,3587680
9.010756224153300e+03,8.999586117686732e+03,1.764705882352941e+00,3587677
9.011099313836321e+03,9.002914100817285e+03,5.882352941176471e-01,3587681
9.012404238909307e+03,9.001177458906842e+03,1.764705882352941e+00,3587679
9.012520930035653e+03,9.002954715465952e+03,5.882352941176471e-01,3587682
9.012864019718674e+03,9.003790386672778e+03,5.882352941176471e-01,3587683
9.014168944791660e+03,9.004114675732970e+03,5.882352941176471e-01,3587684
9.014285635918006e+03,9.004807333517933e+03,5.882352941176471e-01,3587685
9.016050341800358e+03,9.006076342733496e+03,5.882352941176471e-01,3587688
9.016393431483380e+03,9.005469132705010e+03,1.176470588235294e+00,3587686
9.017815047682711e+03,9.006628636292476e+03,5.882352941176471e-01,3587689
9.018158137365733e+03,9.007487862160011e+03,5.882352941176471e-01,3587690
9.019463062438719e+03,9.006067399087774e+03,1.764705882352941e+00,3587687
9.019922843248086e+03,9.010510255554687e+03,5.882352941176471e-01,3587692
9.021227768321072e+03,9.011138101118066e+03,5.882352941176471e-01,3587693
9.022992474203425e+03,9.012983855845224e+03,5.882352941176471e-01,3587695
9.023109165329770e+03,9.009887006018261e+03,1.764705882352941e+00,3587691
9.023452255012792e+03,9.011328862935138e+03,1.176470588235294e+00,3587694
9.024757180085778e+03,9.013766449980209e+03,5.882352941176471e-01,3587696
9.025216960895145e+03,9.015876567890881e+03,5.882352941176471e-01,3587698
9.026521885968131e+03,9.016316111120186e+03,5.882352941176471e-01,3587699
9.026638577094476e+03,9.015318072094566e+03,1.176470588235294e+00,3587697
9.028286591850484e+03,9.020885445647329e+03,5.882352941176471e-01,3587701
9.028403282976829e+03,9.020964899659768e+03,5.882352941176471e-01,3587702
9.030511078542204e+03,9.019625973863960e+03,1.764705882352941e+00,3587700
9.031816003615190e+03,9.023885204434606e+03,1.176470588235294e+00,3587703
9.032666818676323e+03,9.030902112793970e+03,5.882352941176471e-01,3587704
9.037280931916385e+03,9.035516226034032e+03,5.882352941176471e-01,3587705
9.038307624159537e+03,9.036542918277184e+03,5.882352941176471e-01,3587706
9.038398966508993e+03,9.036634260626640e+03,5.882352941176471e-01,3587707
9.039831302287550e+03,9.038066596405198e+03,5.882352941176471e-01,3587708
9.042169058242123e+03,9.040404352359770e+03,5.882352941176471e-01,3587710
9.043427818062850e+03,9.041663112180498e+03,5.882352941176471e-01,3587711
9.043601741806596e+03,9.038141827765335e+03,1.764705882352941e+00,3587709
9.045763211571696e+03,9.043998505689344e+03,5.882352941176471e-01,3587712
9.048412892048061e+03,9.044883480283355e+03,1.176470588235294e+00,3587714
9.048820874408886e+03,9.047056168526533e+03,5.882352941176471e-01,3587715
9.049642290863700e+03,9.044348173216641e+03,1.764705882352941e+00,3587713
9.050302342439977e+03,9.048537636557625e+03,5.882352941176471e-01,3587716
9.051257307970533e+03,9.049492602088180e+03,5.882352941176471e-01,3587717
9.057736755659201e+03,9.055972049776848e+03,5.882352941176471e-01,3587719
9.059362204134663e+03,9.057597498252310e+03,5.882352941176471e-01,3587720
9.059399825885910e+03,9.054105708238851e+03,1.764705882352941e+00,3587718
9.060329286882511e+03,9.058564581000158e+03,5.882352941176471e-01,3587721
9.061126910017016e+03,9.059071663611484e+03,5.882352941176471e-01,3587722
9.065146962365982e+03,9.063382256483629e+03,5.882352941176471e-01,3587723
9.071957579050889e+03,9.070192873168536e+03,5.882352941176471e-01,3587724
9.072069736061977e+03,9.070305030179624e+03,5.882352941176471e-01,3587725
9.072216096324329e+03,9.070451390441976e+03,5.882352941176471e-01,3587726
9.073722284933241e+03,9.071064562826359e+03,5.882352941176471e-01,3587727
9.073834441944329e+03,9.071263258280194e+03,5.882352941176471e-01,3587728
9.078115165012599e+03,9.072821047365540e+03,1.764705882352941e+00,3587729
9.080556148290871e+03,9.078791442408518e+03,5.882352941176471e-01,3587730
9.085132559432846e+03,9.079838441785787e+03,1.764705882352941e+00,3587731
9.085443822405199e+03,9.080149704758140e+03,1.764705882352941e+00,3587732
9.085850265937930e+03,9.080182340106778e+03,1.764705882352941e+00,3587733
9.087208528287552e+03,9.083632268721395e+03,5.882352941176471e-01,3587735
9.087754482554364e+03,9.085989776672011e+03,5.882352941176471e-01,3587736
9.088661971197552e+03,9.081296031446044e+03,1.176470588235294e+00,3587734
9.089698107653179e+03,9.087933401770826e+03,5.882352941176471e-01,3587737
9.090316057331114e+03,9.088551351448761e+03,5.882352941176471e-01,3587738
9.092195756872245e+03,9.088666345107539e+03,1.176470588235294e+00,3587739
9.094992225300238e+03,9.088838617951913e+03,1.764705882352941e+00,3587740
9.095610174978172e+03,9.090145398466733e+03,1.764705882352941e+00,3587741
9.095725168636950e+03,9.090268650413970e+03,1.176470588235294e+00,3587742
9.096756931182591e+03,9.090997154086835e+03,5.882352941176471e-01,3587743
9.097374880860525e+03,9.091348771829202e+03,5.882352941176471e-01,3587744
9.097489874519303e+03,9.092484874565974e+03,5.882352941176471e-01,3587745
9.098521637064944e+03,9.094782690085158e+03,5.882352941176471e-01,3587746
9.100353783427063e+03,9.098589077544710e+03,5.882352941176471e-01,3587747
9.100591866012998e+03,9.098827160130645e+03,5.882352941176471e-01,3587748
9.101038560813128e+03,9.099273854930775e+03,5.882352941176471e-01,3587749
9.103063152501402e+03,9.101298446619049e+03,5.882352941176471e-01,3587750
9.103924695908310e+03,9.102159990025957e+03,5.882352941176471e-01,3587752
9.105105090546003e+03,9.103340384663650e+03,5.882352941176471e-01,3587753
9.106869796428356e+03,9.104820530278167e+03,5.882352941176471e-01,3587755
9.107150348475992e+03,9.101856230828933e+03,1.764705882352941e+00,3587751
9.107454107673016e+03,9.103671360736721e+03,1.176470588235294e+00,3587754
9.108634502310709e+03,9.106701455007957e+03,5.882352941176471e-01,3587756
9.110691918290184e+03,9.107162506525478e+03,1.176470588235294e+00,3587757
9.112299710783519e+03,9.110535004901166e+03,5.882352941176471e-01,3587759
9.112456624172537e+03,9.110561579811674e+03,5.882352941176471e-01,3587760
9.113420290422727e+03,9.108126172775668e+03,1.764705882352941e+00,3587758
9.114064416665872e+03,9.112046081700974e+03,5.882352941176471e-01,3587761
9.115264856809968e+03,9.113500150927616e+03,5.882352941176471e-01,3587763
9.117593828430578e+03,9.114007855794513e+03,1.176470588235294e+00,3587764
9.118545999738194e+03,9.113251882091136e+03,1.764705882352941e+00,3587762
9.118794268574674e+03,9.114412843097738e+03,1.176470588235294e+00,3587765
9.119358534312931e+03,9.116077133164952e+03,5.882352941176471e-01,3587766
9.120310705620547e+03,9.116217989514386e+03,5.882352941176471e-01,3587767
9.120558974457027e+03,9.116412175788350e+03,5.882352941176471e-01,3587768
9.122075411502900e+03,9.119152756444794e+03,5.882352941176471e-01,3587770
9.124212857928704e+03,9.122448152046351e+03,5.882352941176471e-01,3587772
9.124652651959990e+03,9.116420533304640e+03,1.764705882352941e+00,3587769
9.125922092425566e+03,9.120627974778507e+03,1.764705882352941e+00,3587771
9.125977563811057e+03,9.123055407162463e+03,5.882352941176471e-01,3587773
9.128003641137435e+03,9.126238935255082e+03,5.882352941176471e-01,3587775
9.128341638737756e+03,9.126576932855403e+03,5.882352941176471e-01,3587776
9.129946769607048e+03,9.124571324344047e+03,1.764705882352941e+00,3587774
9.132696476827724e+03,9.130931770945371e+03,5.882352941176471e-01,3587779
9.133297758784494e+03,9.126769331827130e+03,1.764705882352941e+00,3587777
9.133652616428044e+03,9.128358498780985e+03,1.764705882352941e+00,3587778
9.134461182710077e+03,9.131061686471368e+03,5.882352941176471e-01,3587780
9.136487880808094e+03,9.134723174925741e+03,5.882352941176471e-01,3587783
9.138591876431552e+03,9.131971633968036e+03,1.764705882352941e+00,3587781
9.138967189730195e+03,9.133673072083137e+03,1.764705882352941e+00,3587782
9.140850850260901e+03,9.137321438496195e+03,1.176470588235294e+00,3587784
9.142121288196258e+03,9.137523521431008e+03,1.176470588235294e+00,3587785
9.142615556143254e+03,9.139476654046627e+03,5.882352941176471e-01,3587787
9.144261307377254e+03,9.138075487344888e+03,1.764705882352941e+00,3587786
9.144380262025607e+03,9.141843891622341e+03,5.882352941176471e-01,3587789
9.146026013259607e+03,9.142501076362659e+03,5.882352941176471e-01,3587790
9.146144967907959e+03,9.142819617202332e+03,5.882352941176471e-01,3587791
9.147415405843317e+03,9.141168674657935e+03,1.764705882352941e+00,3587788
9.147790719141960e+03,9.144188488003085e+03,5.882352941176471e-01,3587792
9.147909673790312e+03,9.145839478485014e+03,5.882352941176471e-01,3587793
9.149555425024313e+03,9.147396967582440e+03,5.882352941176471e-01,3587795
9.151320130906666e+03,9.149396074939268e+03,5.882352941176471e-01,3587797
9.152709523490376e+03,9.146707815297950e+03,1.764705882352941e+00,3587794
9.153431121793799e+03,9.148137004146740e+03,1.764705882352941e+00,3587796
9.155195827676152e+03,9.153393868512946e+03,5.882352941176471e-01,3587800
9.156960533558505e+03,9.153790204704915e+03,5.882352941176471e-01,3587801
9.157036891898721e+03,9.151742774251663e+03,1.764705882352941e+00,3587798
9.158003641137435e+03,9.152689906903243e+03,1.764705882352941e+00,3587799
9.158801597781074e+03,9.154965911044674e+03,5.882352941176471e-01,3587803
9.159768347019788e+03,9.156761480794618e+03,5.882352941176471e-01,3587804
9.162154405043925e+03,9.160389699161572e+03,5.882352941176471e-01,3587806
9.162254651205564e+03,9.154490670878280e+03,1.764705882352941e+00,3587802
9.163919110926278e+03,9.160395761465153e+03,5.882352941176471e-01,3587807
9.164095715428133e+03,9.157259314379068e+03,1.764705882352941e+00,3587805
9.166247121079345e+03,9.164482415196992e+03,5.882352941176471e-01,3587810
9.167548768852623e+03,9.161562445891604e+03,1.764705882352941e+00,3587808
9.168011826961698e+03,9.165237188018322e+03,5.882352941176471e-01,3587811
9.169213228573337e+03,9.163505962814268e+03,1.764705882352941e+00,3587809
9.169776532844051e+03,9.165741800295092e+03,5.882352941176471e-01,3587813
9.170977934455690e+03,9.166564399666843e+03,5.882352941176471e-01,3587814
9.172842886499682e+03,9.165564169845418e+03,1.764705882352941e+00,3587812
9.175070650491110e+03,9.168101762837189e+03,1.764705882352941e+00,3587815
9.176272052102748e+03,9.168833249312703e+03,1.764705882352941e+00,3587816
9.178785701119957e+03,9.177020995237604e+03,5.882352941176471e-01,3587819
9.180550407002310e+03,9.177617715541279e+03,5.882352941176471e-01,3587820
9.181003831090228e+03,9.175709713443169e+03,1.764705882352941e+00,3587817
9.181513598732141e+03,9.176219481085082e+03,1.764705882352941e+00,3587818
9.183353085656161e+03,9.181588379773808e+03,5.882352941176471e-01,3587821
9.184031905797181e+03,9.182267199914828e+03,5.882352941176471e-01,3587823
9.185117791538514e+03,9.182713850695535e+03,5.882352941176471e-01,3587824
9.187132261761546e+03,9.181838144114487e+03,1.764705882352941e+00,3587822
9.188647203303220e+03,9.184340975761273e+03,1.176470588235294e+00,3587826
9.189326023444240e+03,9.182843704807661e+03,1.764705882352941e+00,3587825
9.190419739528769e+03,9.188655033646416e+03,5.882352941176471e-01,3587827
9.193624046663646e+03,9.191859340781293e+03,5.882352941176471e-01,3587829
9.195563567253600e+03,9.190269449606541e+03,1.764705882352941e+00,3587828
9.195980570869722e+03,9.194215864987369e+03,5.882352941176471e-01,3587831
9.198263192492399e+03,9.196498486610046e+03,5.882352941176471e-01,3587833
9.199502503868822e+03,9.194208386221763e+03,1.764705882352941e+00,3587830
9.201314842277187e+03,9.196020724630128e+03,1.764705882352941e+00,3587832
9.201435388517914e+03,9.199670682635561e+03,5.882352941176471e-01,3587834
9.203085016270914e+03,9.201320310388561e+03,5.882352941176471e-01,3587835
9.203481607723621e+03,9.201716901841268e+03,5.882352941176471e-01,3587836
9.205814391273219e+03,9.202284979508513e+03,1.176470588235294e+00,3587837
9.206672592159585e+03,9.204907886277232e+03,5.882352941176471e-01,3587839
9.208379133917972e+03,9.203071828155166e+03,1.764705882352941e+00,3587838
9.209343803037925e+03,9.205298055021691e+03,1.176470588235294e+00,3587840
9.211966709806644e+03,9.205330970350438e+03,1.764705882352941e+00,3587841
9.213673251565031e+03,9.205444966274320e+03,1.764705882352941e+00,3587842
9.214637920684983e+03,9.205781507995699e+03,1.764705882352941e+00,3587843
9.216402626567336e+03,9.207799331921944e+03,5.882352941176471e-01,3587846
9.217260827453702e+03,9.206824410815266e+03,1.764705882352941e+00,3587844
9.218167332449689e+03,9.208843525396834e+03,5.882352941176471e-01,3587847
9.218967369212090e+03,9.207132278125638e+03,1.764705882352941e+00,3587845
9.219025533336055e+03,9.209583529021775e+03,5.882352941176471e-01,3587848
9.219932038332042e+03,9.210151021737948e+03,5.882352941176471e-01,3587849
9.220732075094443e+03,9.211907511893640e+03,5.882352941176471e-01,3587850
9.224319650983114e+03,9.211913786517252e+03,1.764705882352941e+00,3587851
9.225226155979101e+03,9.212030883044701e+03,1.764705882352941e+00,3587852
9.226026192741502e+03,9.213354815602351e+03,1.764705882352941e+00,3587853
9.226084356865467e+03,9.213736977645463e+03,5.882352941176471e-01,3587854
9.226990861861454e+03,9.216767947742383e+03,5.882352941176471e-01,3587855
9.227790898623855e+03,9.219309555069951e+03,5.882352941176471e-01,3587856
9.227849062747820e+03,9.220161280155648e+03,5.882352941176471e-01,3587857
9.228755567743807e+03,9.220170588577720e+03,5.882352941176471e-01,3587858
9.229555604506208e+03,9.222157365659463e+03,5.882352941176471e-01,3587859
9.229613768630173e+03,9.223927540447308e+03,5.882352941176471e-01,3587860
9.230520273626160e+03,9.223949722989101e+03,5.882352941176471e-01,3587861
9.234849722153266e+03,9.224391228101510e+03,1.764705882352941e+00,3587862
9.234907886277232e+03,9.225298853706757e+03,1.764705882352941e+00,3587863
9.235814391273219e+03,9.226509515346026e+03,1.764705882352941e+00,3587864
9.236672592159585e+03,9.227488984483830e+03,5.882352941176471e-01,3587866
9.240143839800325e+03,9.227077108410200e+03,1.764705882352941e+00,3587865
9.240202003924291e+03,9.236054422694793e+03,1.176470588235294e+00,3587868
9.241108508920278e+03,9.228554777915727e+03,1.764705882352941e+00,3587867
9.241908545682678e+03,9.236120655219461e+03,5.882352941176471e-01,3587869
9.241966709806644e+03,9.236220125113228e+03,5.882352941176471e-01,3587870
9.243673251565031e+03,9.236921367943543e+03,5.882352941176471e-01,3587872
9.245437957447384e+03,9.240848876748258e+03,5.882352941176471e-01,3587874
9.246402626567336e+03,9.236714261891153e+03,1.764705882352941e+00,3587871
9.247202663329737e+03,9.241163114870430e+03,5.882352941176471e-01,3587875
9.247260827453702e+03,9.238953899915306e+03,1.764705882352941e+00,3587873
9.248967369212090e+03,9.244931238212477e+03,5.882352941176471e-01,3587877
9.249025533336055e+03,9.246824159623813e+03,5.882352941176471e-01,3587878
9.249932038332042e+03,9.244720389797896e+03,1.176470588235294e+00,3587876
9.251396569839525e+03,9.249631863957172e+03,5.882352941176471e-01,3587880
9.253909917019269e+03,9.252145211136916e+03,5.882352941176471e-01,3587881
9.254261486859149e+03,9.247588229073692e+03,1.764705882352941e+00,3587879
9.255197756351901e+03,9.253433050469549e+03,5.882352941176471e-01,3587882
9.258253246322764e+03,9.256488540440411e+03,5.882352941176471e-01,3587884
9.259070230460033e+03,9.257305524577680e+03,5.882352941176471e-01,3587885
9.259594456529250e+03,9.254300338882191e+03,1.764705882352941e+00,3587883
9.260017952205117e+03,9.257418835731301e+03,5.882352941176471e-01,3587886
9.264364348107091e+03,9.257641905686863e+03,1.764705882352941e+00,3587887
9.264647597035860e+03,9.261118185271155e+03,1.176470588235294e+00,3587889
9.265407803462216e+03,9.260113685815157e+03,1.764705882352941e+00,3587888
9.268177008800566e+03,9.262301339974255e+03,1.176470588235294e+00,3587891
9.269658465754150e+03,9.261404745402626e+03,1.764705882352941e+00,3587890
9.269941714682919e+03,9.262755985218539e+03,5.882352941176471e-01,3587893
9.270701921109274e+03,9.262324132983153e+03,1.764705882352941e+00,3587892
9.272466626991627e+03,9.264917594763778e+03,5.882352941176471e-01,3587896
9.273187877518856e+03,9.262794997138178e+03,1.176470588235294e+00,3587894
9.274952583401209e+03,9.266338867654461e+03,5.882352941176471e-01,3587898
9.275235832329978e+03,9.264489832229982e+03,1.764705882352941e+00,3587895
9.275996038756333e+03,9.265759473724262e+03,1.176470588235294e+00,3587897
9.277760744638686e+03,9.266939860625026e+03,5.882352941176471e-01,3587901
9.280246701048268e+03,9.266547212457378e+03,1.764705882352941e+00,3587899
9.280529949977037e+03,9.266800151199210e+03,1.764705882352941e+00,3587900
9.281290156403392e+03,9.267344258463177e+03,1.176470588235294e+00,3587902
9.282011406930621e+03,9.267716148409160e+03,5.882352941176471e-01,3587903
9.282294655859390e+03,9.268126458907643e+03,5.882352941176471e-01,3587904
9.283054862285745e+03,9.268219123058218e+03,5.882352941176471e-01,3587905
9.284819568168098e+03,9.271965826038823e+03,5.882352941176471e-01,3587908
9.287305524577680e+03,9.268568385519916e+03,1.764705882352941e+00,3587906
9.287588773506449e+03,9.268963713766028e+03,1.764705882352941e+00,3587907
9.289070230460033e+03,9.273850847831531e+03,5.882352941176471e-01,3587910
9.289353479388802e+03,9.276042503434110e+03,5.882352941176471e-01,3587911
9.290113685815157e+03,9.273405177253531e+03,1.764705882352941e+00,3587909
9.290834936342386e+03,9.276051489087594e+03,5.882352941176471e-01,3587912
9.291118185271155e+03,9.278786345444269e+03,5.882352941176471e-01,3587913
9.291878391697510e+03,9.281979644134892e+03,5.882352941176471e-01,3587914
9.294647597035860e+03,9.283636731435790e+03,1.176470588235294e+00,3587916
9.295407803462216e+03,9.284244254888724e+03,1.176470588235294e+00,3587917
9.296129053989444e+03,9.282978735915637e+03,1.764705882352941e+00,3587915
9.297172509344568e+03,9.285335036071655e+03,5.882352941176471e-01,3587919
9.297893759871797e+03,9.286038955646275e+03,5.882352941176471e-01,3587920
9.298177008800566e+03,9.284750533249617e+03,1.176470588235294e+00,3587918
9.298937215226921e+03,9.286781221430486e+03,5.882352941176471e-01,3587921
9.299941714682919e+03,9.289395974953604e+03,5.882352941176471e-01,3587923
9.302466626991627e+03,9.291036394781481e+03,1.176470588235294e+00,3587924
9.303187877518856e+03,9.287633713504031e+03,1.764705882352941e+00,3587922
9.303471126447625e+03,9.292327072117317e+03,1.176470588235294e+00,3587925
9.304231332873980e+03,9.293049398732352e+03,5.882352941176471e-01,3587926
9.304952583401209e+03,9.295818516551614e+03,5.882352941176471e-01,3587927
9.305996038756333e+03,9.299278725600650e+03,5.882352941176471e-01,3587929
9.306717289283562e+03,9.300585622452291e+03,5.882352941176471e-01,3587930
9.308481995165915e+03,9.303631020912015e+03,5.882352941176471e-01,3587932
9.308765244094684e+03,9.296013586770674e+03,1.764705882352941e+00,3587928
9.311290156403392e+03,9.301685924863503e+03,1.764705882352941e+00,3587931
9.313054862285745e+03,9.304866793137673e+03,5.882352941176471e-01,3587935
9.313776112812974e+03,9.304629936217715e+03,1.764705882352941e+00,3587933
9.314059361741743e+03,9.304644245489157e+03,1.764705882352941e+00,3587934
9.314819568168098e+03,9.306576180547501e+03,5.882352941176471e-01,3587936
9.315540818695327e+03,9.307512382123566e+03,5.882352941176471e-01,3587937
9.317305524577680e+03,9.310228557765197e+03,5.882352941176471e-01,3587940
9.319070230460033e+03,9.312538108662201e+03,5.882352941176471e-01,3587941
9.319353479388802e+03,9.307724679071962e+03,1.764705882352941e+00,3587938
9.320113685815157e+03,9.307934516841175e+03,1.764705882352941e+00,3587939
9.320834936342386e+03,9.312781383085711e+03,5.882352941176471e-01,3587942
9.321878391697510e+03,9.315679151620555e+03,5.882352941176471e-01,3587944
9.322599642224738e+03,9.315742710945729e+03,5.882352941176471e-01,3587945
9.323643097579863e+03,9.317555492247389e+03,5.882352941176471e-01,3587946
9.324364348107091e+03,9.317783198461646e+03,5.882352941176471e-01,3587947
9.324647597035860e+03,9.313508017475116e+03,1.764705882352941e+00,3587943
9.325407803462216e+03,9.318854288782201e+03,5.882352941176471e-01,3587948
9.326129053989444e+03,9.319035395756493e+03,5.882352941176471e-01,3587949
9.326412302918213e+03,9.319475061256997e+03,5.882352941176471e-01,3587950
9.329658465754150e+03,9.322348604862964e+03,1.176470588235294e+00,3587952
9.329941714682919e+03,9.325702092017720e+03,1.176470588235294e+00,3587953
9.330701921109274e+03,9.322254718521652e+03,1.764705882352941e+00,3587951
9.331423171636503e+03,9.326018230327315e+03,5.882352941176471e-01,3587954
9.332466626991627e+03,9.326731706252676e+03,5.882352941176471e-01,3587956
9.333187877518856e+03,9.328154430023775e+03,5.882352941176471e-01,3587957
9.334231332873980e+03,9.330716977610744e+03,5.882352941176471e-01,3587958
9.335235832329978e+03,9.326211179048003e+03,1.764705882352941e+00,3587955
9.335857786678847e+03,9.334093080796494e+03,5.882352941176471e-01,3587959
9.339523973049526e+03,9.337759267167173e+03,5.882352941176471e-01,3587961
9.340707789011891e+03,9.335413671364832e+03,1.764705882352941e+00,3587960
9.342658044505202e+03,9.340893338622849e+03,5.882352941176471e-01,3587963
9.343027003431090e+03,9.341262297548737e+03,5.882352941176471e-01,3587964
9.344167133508408e+03,9.338873015861349e+03,1.764705882352941e+00,3587962
9.344791709313443e+03,9.342970754167542e+03,5.882352941176471e-01,3587966
9.345931839390761e+03,9.343560387907261e+03,5.882352941176471e-01,3587967
9.347952162152261e+03,9.341736939187922e+03,1.764705882352941e+00,3587965
9.351836368717694e+03,9.350071662835341e+03,5.882352941176471e-01,3587968
9.352986563819471e+03,9.351221857937118e+03,5.882352941176471e-01,3587969
9.353221778003648e+03,9.351457072121295e+03,5.882352941176471e-01,3587970
9.354702268070854e+03,9.352937562188501e+03,5.882352941176471e-01,3587971
9.361530378438873e+03,9.358000966674167e+03,1.176470588235294e+00,3587973
9.362003571132284e+03,9.358474159367578e+03,1.176470588235294e+00,3587974
9.362612451154663e+03,9.357318333507604e+03,1.764705882352941e+00,3587972
9.363580790902147e+03,9.361816085019794e+03,5.882352941176471e-01,3587975
9.364379207705021e+03,9.362614501822668e+03,5.882352941176471e-01,3587976
9.365545550924955e+03,9.363780845042602e+03,5.882352941176471e-01,3587977
9.369176080900375e+03,9.367411375018022e+03,5.882352941176471e-01,3587979
9.369288162936045e+03,9.367523457053692e+03,5.882352941176471e-01,3587980
9.370940786782728e+03,9.368366436960873e+03,5.882352941176471e-01,3587981
9.371052868818398e+03,9.369264331996461e+03,5.882352941176471e-01,3587982
9.371547675744082e+03,9.366253558097024e+03,1.764705882352941e+00,3587978
9.372817574700751e+03,9.369534122572327e+03,5.882352941176471e-01,3587984
9.374470198547434e+03,9.369531510824541e+03,1.176470588235294e+00,3587983
9.376028754476336e+03,9.374264048593983e+03,5.882352941176471e-01,3587986
9.378121553285360e+03,9.372827435638301e+03,1.764705882352941e+00,3587985
9.381007541137320e+03,9.379242835254967e+03,5.882352941176471e-01,3587987
9.381237472340011e+03,9.379472766457659e+03,5.882352941176471e-01,3587988
9.381440677992616e+03,9.379675972110264e+03,5.882352941176471e-01,3587989
9.383205383874969e+03,9.381273728599231e+03,5.882352941176471e-01,3587992
9.384536952902026e+03,9.380135088709528e+03,1.176470588235294e+00,3587990
9.385372233269827e+03,9.383607527387474e+03,5.882352941176471e-01,3587993
9.386531589987070e+03,9.380629505320286e+03,1.764705882352941e+00,3587991
9.386926953701848e+03,9.385162247819495e+03,5.882352941176471e-01,3587994
9.388130251756938e+03,9.386365545874585e+03,5.882352941176471e-01,3587995
9.389343770680097e+03,9.387579064797744e+03,5.882352941176471e-01,3587997
9.392301295696353e+03,9.387007178049294e+03,1.764705882352941e+00,3587996
9.393424369403997e+03,9.388063369108004e+03,1.764705882352941e+00,3587998
9.394642154604652e+03,9.389348036957593e+03,1.764705882352941e+00,3587999
9.396568210166104e+03,9.394803504283751e+03,5.882352941176471e-01,3588001
9.397611602549141e+03,9.395846896666788e+03,5.882352941176471e-01,3588002
9.398119488602541e+03,9.392825370955482e+03,1.764705882352941e+00,3588000
9.398652423983352e+03,9.396887718100999e+03,5.882352941176471e-01,3588003
9.399376308431494e+03,9.396902655898470e+03,5.882352941176471e-01,3588004
9.402170242747685e+03,9.398640830982979e+03,1.176470588235294e+00,3588005
9.403934948630038e+03,9.399710787778967e+03,5.882352941176471e-01,3588008
9.404447620051741e+03,9.399153502404682e+03,1.764705882352941e+00,3588006
9.404670426078552e+03,9.399172517558414e+03,1.764705882352941e+00,3588007
9.405699654512391e+03,9.400084998781527e+03,5.882352941176471e-01,3588009
9.409741737698800e+03,9.402903998994090e+03,1.764705882352941e+00,3588010
9.410290700516778e+03,9.408525994634426e+03,5.882352941176471e-01,3588011
9.411343999030961e+03,9.409579293148608e+03,5.882352941176471e-01,3588012
9.411637994308787e+03,9.409873288426434e+03,5.882352941176471e-01,3588013
9.413337818158853e+03,9.411573112276501e+03,5.882352941176471e-01,3588014
9.413493038146285e+03,9.411728332263932e+03,5.882352941176471e-01,3588015
9.417366119022904e+03,9.415601413140551e+03,5.882352941176471e-01,3588016
9.420303052367614e+03,9.416773640602908e+03,1.176470588235294e+00,3588018
9.421339652379753e+03,9.416045534732694e+03,1.764705882352941e+00,3588017
9.425143966091480e+03,9.423379260209127e+03,5.882352941176471e-01,3588020
9.427533772144673e+03,9.422239654497614e+03,1.764705882352941e+00,3588019
9.427794005991349e+03,9.426029300108996e+03,5.882352941176471e-01,3588021
9.430565063972877e+03,9.428800358090524e+03,5.882352941176471e-01,3588022
9.430962238367025e+03,9.429197532484673e+03,5.882352941176471e-01,3588023
9.431703904164234e+03,9.429939198281881e+03,5.882352941176471e-01,3588024
9.433574566364683e+03,9.431809860482331e+03,5.882352941176471e-01,3588027
9.435339272247036e+03,9.433089670441701e+03,5.882352941176471e-01,3588028
9.435859181619936e+03,9.430499429257878e+03,1.764705882352941e+00,3588025
9.436990561247152e+03,9.431696443600093e+03,1.764705882352941e+00,3588026
9.438755267129505e+03,9.435515510817297e+03,5.882352941176471e-01,3588031
9.439388593384642e+03,9.433909491081697e+03,1.176470588235294e+00,3588030
9.440633389894095e+03,9.433708996012651e+03,1.764705882352941e+00,3588029
9.443992675753685e+03,9.442227969871333e+03,5.882352941176471e-01,3588034
9.444049384776563e+03,9.438727976185679e+03,1.764705882352941e+00,3588032
9.445674263481313e+03,9.440380145834254e+03,1.764705882352941e+00,3588033
9.445757381636038e+03,9.443681823994511e+03,5.882352941176471e-01,3588035
9.445814090658916e+03,9.443910030071551e+03,5.882352941176471e-01,3588036
9.450158023824367e+03,9.448393317942014e+03,5.882352941176471e-01,3588039
9.451996020119286e+03,9.450231314236933e+03,5.882352941176471e-01,3588040
9.452444406494659e+03,9.447150288847600e+03,1.764705882352941e+00,3588037
9.453444588234128e+03,9.448150470587069e+03,1.764705882352941e+00,3588038
9.457079375839903e+03,9.455314669957550e+03,5.882352941176471e-01,3588042
9.457174235626478e+03,9.455409529744125e+03,5.882352941176471e-01,3588043
9.457852382482606e+03,9.454322970717900e+03,1.176470588235294e+00,3588041
9.458844081722256e+03,9.455722115522736e+03,5.882352941176471e-01,3588044
9.458938941508831e+03,9.456255889226322e+03,5.882352941176471e-01,3588045
9.461043070640334e+03,9.459278364757981e+03,5.882352941176471e-01,3588047
9.464354702821992e+03,9.459060585174933e+03,1.764705882352941e+00,3588046
9.468364535624611e+03,9.464835123859905e+03,1.176470588235294e+00,3588049
9.468912406928314e+03,9.463618289281255e+03,1.764705882352941e+00,3588048
9.469752705578363e+03,9.467987999696010e+03,5.882352941176471e-01,3588050
9.471326305122745e+03,9.469561599240392e+03,5.882352941176471e-01,3588052
9.473091011005098e+03,9.470432382170011e+03,5.882352941176471e-01,3588054
9.473658653271669e+03,9.468086177762857e+03,1.764705882352941e+00,3588051
9.475431289392267e+03,9.470137171745209e+03,1.764705882352941e+00,3588053
9.477195995274620e+03,9.473627504129843e+03,5.882352941176471e-01,3588057
9.478385128652157e+03,9.471210638552629e+03,1.764705882352941e+00,3588055
9.478952770918728e+03,9.471907615244755e+03,1.764705882352941e+00,3588056
9.481224917580513e+03,9.479460211698160e+03,5.882352941176471e-01,3588059
9.482054336117236e+03,9.480289630234883e+03,5.882352941176471e-01,3588060
9.482490112921679e+03,9.475767436985849e+03,1.764705882352941e+00,3588058
9.484254818804032e+03,9.482110167377141e+03,5.882352941176471e-01,3588063
9.484754329345219e+03,9.481155394024201e+03,1.176470588235294e+00,3588061
9.485583747881942e+03,9.481516540571686e+03,1.176470588235294e+00,3588062
9.489276695824100e+03,9.487511989941747e+03,5.882352941176471e-01,3588065
9.489548936451091e+03,9.483740901686830e+03,1.764705882352941e+00,3588064
9.491315007466155e+03,9.489550301583802e+03,5.882352941176471e-01,3588066
9.494181533875252e+03,9.492416827992899e+03,5.882352941176471e-01,3588068
9.497438670184247e+03,9.492144552537188e+03,1.764705882352941e+00,3588067
9.498341604530256e+03,9.493047486883197e+03,1.764705882352941e+00,3588069
9.499530643190199e+03,9.497765937307846e+03,5.882352941176471e-01,3588071
9.500561536804696e+03,9.497032125039990e+03,1.176470588235294e+00,3588070
9.501295349072552e+03,9.499299792139862e+03,5.882352941176471e-01,3588073
9.502969515241856e+03,9.501204809359503e+03,5.882352941176471e-01,3588074
9.503155306244933e+03,9.501390600362580e+03,5.882352941176471e-01,3588075
9.503635722177315e+03,9.498146606727601e+03,1.764705882352941e+00,3588072
9.504734221124209e+03,9.501495212357143e+03,5.882352941176471e-01,3588076
9.505400428059668e+03,9.503366314737288e+03,5.882352941176471e-01,3588078
9.507100116514815e+03,9.505335410632462e+03,5.882352941176471e-01,3588079
9.508449423891992e+03,9.502711554839252e+03,1.764705882352941e+00,3588077
9.508864822397168e+03,9.506134128839009e+03,5.882352941176471e-01,3588081
9.509383872672612e+03,9.505854460907906e+03,1.176470588235294e+00,3588080
9.510214129774345e+03,9.506329739576765e+03,5.882352941176471e-01,3588082
9.515611196699911e+03,9.513846490817558e+03,5.882352941176471e-01,3588083
9.517300420294428e+03,9.515535714412075e+03,5.882352941176471e-01,3588085
9.518271073508068e+03,9.516506367625715e+03,5.882352941176471e-01,3588086
9.520269509718180e+03,9.514975392071121e+03,1.764705882352941e+00,3588084
9.520276685735127e+03,9.518511979852774e+03,5.882352941176471e-01,3588087
9.520568779523139e+03,9.518804073640786e+03,5.882352941176471e-01,3588088
9.522034215600533e+03,9.519548858505204e+03,5.882352941176471e-01,3588089
9.522090703503051e+03,9.520325997620698e+03,5.882352941176471e-01,3588090
9.522333485405491e+03,9.520561283525608e+03,5.882352941176471e-01,3588091
9.523798921482886e+03,9.520775322918133e+03,5.882352941176471e-01,3588092
9.523855409385404e+03,9.521899096326623e+03,5.882352941176471e-01,3588093
9.525563627365239e+03,9.522157515234336e+03,5.882352941176471e-01,3588095
9.525862897170197e+03,9.522068953844318e+03,1.176470588235294e+00,3588094
9.527328333247592e+03,9.523284729355848e+03,5.882352941176471e-01,3588097
9.529149527032463e+03,9.522824685386378e+03,1.764705882352941e+00,3588096
9.530914232914816e+03,9.524069540377448e+03,5.882352941176471e-01,3588100
9.531157014817256e+03,9.523553090492227e+03,1.764705882352941e+00,3588098
9.532622450894651e+03,9.523672136866341e+03,1.764705882352941e+00,3588099
9.532921720699609e+03,9.526947221380109e+03,5.882352941176471e-01,3588102
9.534387156777003e+03,9.528827202941506e+03,5.882352941176471e-01,3588103
9.534868531051967e+03,9.533103825169614e+03,5.882352941176471e-01,3588104
9.536151862659356e+03,9.533701016855640e+03,5.882352941176471e-01,3588105
9.536208350561875e+03,9.526621824013771e+03,1.764705882352941e+00,3588101
9.536766625466511e+03,9.535001919584158e+03,5.882352941176471e-01,3588106
9.538192979672340e+03,9.536428273789987e+03,5.882352941176471e-01,3588107
9.538862349756370e+03,9.537097643874017e+03,5.882352941176471e-01,3588108
9.539104372586595e+03,9.537339666704242e+03,5.882352941176471e-01,3588109
9.540841298082177e+03,9.539076592199825e+03,5.882352941176471e-01,3588110
9.542804537402305e+03,9.539275125637599e+03,1.176470588235294e+00,3588111
9.544309210014198e+03,9.542544504131845e+03,5.882352941176471e-01,3588112
9.546887423319187e+03,9.545122717436835e+03,5.882352941176471e-01,3588114
9.547454188464546e+03,9.545689482582193e+03,5.882352941176471e-01,3588115
9.549307782239032e+03,9.547543076356679e+03,5.882352941176471e-01,3588116
9.549499123897901e+03,9.544205006250842e+03,1.764705882352941e+00,3588113
9.553222961905937e+03,9.551458256023584e+03,5.882352941176471e-01,3588118
9.554121116677080e+03,9.550591704912374e+03,1.176470588235294e+00,3588117
9.555232369469352e+03,9.553467663586999e+03,5.882352941176471e-01,3588119
9.556038805580815e+03,9.554274099698462e+03,5.882352941176471e-01,3588120
9.558709046008265e+03,9.556944340125912e+03,5.882352941176471e-01,3588123
9.559717164212033e+03,9.554423046564974e+03,1.764705882352941e+00,3588121
9.560526487116411e+03,9.555206536633047e+03,1.764705882352941e+00,3588122
9.561481870094386e+03,9.558532525705499e+03,5.882352941176471e-01,3588125
9.562238457772971e+03,9.557049014053465e+03,1.176470588235294e+00,3588124
9.562291192998764e+03,9.558807537452376e+03,5.882352941176471e-01,3588126
9.563246575976739e+03,9.558888191565688e+03,5.882352941176471e-01,3588127
9.564003163655324e+03,9.559616509031057e+03,5.882352941176471e-01,3588128
9.564055898881117e+03,9.561152660267408e+03,5.882352941176471e-01,3588129
9.565857622645891e+03,9.564092916763538e+03,5.882352941176471e-01,3588131
9.566093250321885e+03,9.564328544439533e+03,5.882352941176471e-01,3588132
9.567622328528244e+03,9.564750527306451e+03,5.882352941176471e-01,3588133
9.567857956204238e+03,9.565627762176831e+03,5.882352941176471e-01,3588134
9.568540693623798e+03,9.562472275811123e+03,1.764705882352941e+00,3588130
9.571281361123743e+03,9.569516655241390e+03,5.882352941176471e-01,3588136
9.571501001793709e+03,9.569736295911356e+03,5.882352941176471e-01,3588137
9.573467882973204e+03,9.568173765326145e+03,1.764705882352941e+00,3588135
9.575066070471812e+03,9.573301364589459e+03,5.882352941176471e-01,3588138
9.576830776354165e+03,9.574718272559974e+03,5.882352941176471e-01,3588141
9.577434934113112e+03,9.573905522348406e+03,1.176470588235294e+00,3588139
9.579243877109221e+03,9.573949759462163e+03,1.764705882352941e+00,3588140
9.580623500326473e+03,9.578858794444120e+03,5.882352941176471e-01,3588142
9.580869825900114e+03,9.579105120017761e+03,5.882352941176471e-01,3588143
9.581347036255070e+03,9.579582330372717e+03,5.882352941176471e-01,3588144
9.592140218911630e+03,9.586846101264571e+03,1.764705882352941e+00,3588145
9.593904924793983e+03,9.590633322784332e+03,5.882352941176471e-01,3588148
9.594001975475836e+03,9.590472563711130e+03,1.176470588235294e+00,3588147
9.594548857872039e+03,9.589254740224980e+03,1.764705882352941e+00,3588146
9.595669630676336e+03,9.591999976399902e+03,5.882352941176471e-01,3588149
9.595766681358188e+03,9.592499063119766e+03,5.882352941176471e-01,3588150
9.598953519985189e+03,9.597188814102836e+03,5.882352941176471e-01,3588152
9.599842975519097e+03,9.594076276537118e+03,1.764705882352941e+00,3588151
9.601478991642695e+03,9.599714285760342e+03,5.882352941176471e-01,3588153
9.605201240529508e+03,9.603436534647156e+03,5.882352941176471e-01,3588154
9.608376688412656e+03,9.606611982530303e+03,5.882352941176471e-01,3588155
9.608745894352468e+03,9.606981188470115e+03,5.882352941176471e-01,3588156
9.611304295310188e+03,9.609539589427835e+03,5.882352941176471e-01,3588158
9.611767166512255e+03,9.610002460629902e+03,5.882352941176471e-01,3588159
9.613702483184499e+03,9.608408365537440e+03,1.764705882352941e+00,3588157
9.615014924624090e+03,9.613250218741737e+03,5.882352941176471e-01,3588160
9.616485451176138e+03,9.614720745293785e+03,5.882352941176471e-01,3588162
9.618349266116728e+03,9.616584560234375e+03,5.882352941176471e-01,3588164
9.619523408430522e+03,9.614229290783464e+03,1.764705882352941e+00,3588161
9.619600263861743e+03,9.616070852097037e+03,1.176470588235294e+00,3588163
9.620113971999081e+03,9.616867331994102e+03,5.882352941176471e-01,3588165
9.623016073165845e+03,9.621251367283492e+03,5.882352941176471e-01,3588167
9.623621036446112e+03,9.621856330563759e+03,5.882352941176471e-01,3588168
9.624817526077581e+03,9.619401717905945e+03,1.764705882352941e+00,3588166
9.626182963732700e+03,9.624418257850347e+03,5.882352941176471e-01,3588169
9.630791244524720e+03,9.625497126877661e+03,1.764705882352941e+00,3588170
9.631028376909929e+03,9.629263671027576e+03,5.882352941176471e-01,3588171
9.639680174213572e+03,9.634386056566513e+03,1.764705882352941e+00,3588172
9.639685387030589e+03,9.637920681148236e+03,5.882352941176471e-01,3588174
9.640084518268590e+03,9.634790400621531e+03,1.764705882352941e+00,3588173
9.641450092912942e+03,9.639351872347386e+03,5.882352941176471e-01,3588176
9.643898065876037e+03,9.642133359993684e+03,5.882352941176471e-01,3588178
9.644974291860630e+03,9.637956714866543e+03,1.764705882352941e+00,3588175
9.646050378873977e+03,9.640756261226918e+03,1.764705882352941e+00,3588177
9.646399809119343e+03,9.644635103236990e+03,5.882352941176471e-01,3588179
9.646895916400521e+03,9.645131210518168e+03,5.882352941176471e-01,3588180
9.653031288666568e+03,9.651266582784215e+03,5.882352941176471e-01,3588182
9.654649176816514e+03,9.652884470934161e+03,5.882352941176471e-01,3588183
9.656413882698867e+03,9.653586502936276e+03,5.882352941176471e-01,3588185
9.656447646948910e+03,9.651153529301851e+03,1.764705882352941e+00,3588181
9.658178588581220e+03,9.653714711055097e+03,5.882352941176471e-01,3588186
9.658627615860197e+03,9.653333498213139e+03,1.764705882352941e+00,3588184
9.661741764595969e+03,9.655468654015080e+03,1.764705882352941e+00,3588187
9.662437839664454e+03,9.660673133782101e+03,5.882352941176471e-01,3588188
9.666185427318988e+03,9.664420721436635e+03,5.882352941176471e-01,3588189
9.666552597511490e+03,9.664787891629137e+03,5.882352941176471e-01,3588190
9.668075445699422e+03,9.666310739817069e+03,5.882352941176471e-01,3588191
9.670755745811679e+03,9.668991039929326e+03,5.882352941176471e-01,3588192
9.672717127472165e+03,9.669187715707459e+03,1.176470588235294e+00,3588193
9.674549487248000e+03,9.671020075483294e+03,1.176470588235294e+00,3588195
9.676162155516012e+03,9.670868037868953e+03,1.764705882352941e+00,3588194
9.678169629206124e+03,9.676404923323771e+03,5.882352941176471e-01,3588197
9.678953661108413e+03,9.673659543461354e+03,1.764705882352941e+00,3588196
9.680928267484939e+03,9.679163561602586e+03,5.882352941176471e-01,3588199
9.681233445891839e+03,9.679468740009486e+03,5.882352941176471e-01,3588200
9.681819081777743e+03,9.676524964130684e+03,1.764705882352941e+00,3588198
9.682998151774192e+03,9.681223639259475e+03,5.882352941176471e-01,3588202
9.683583787660096e+03,9.681524752464422e+03,5.882352941176471e-01,3588203
9.686222385131998e+03,9.679693606575327e+03,1.764705882352941e+00,3588201
9.687987091014351e+03,9.685410747990181e+03,5.882352941176471e-01,3588206
9.688292269421251e+03,9.682382323414159e+03,1.764705882352941e+00,3588204
9.689406935698444e+03,9.684112818051385e+03,1.764705882352941e+00,3588205
9.689751796896704e+03,9.685737417598898e+03,5.882352941176471e-01,3588207
9.692458115672471e+03,9.690693409790118e+03,5.882352941176471e-01,3588209
9.693586387068309e+03,9.686426346124838e+03,1.764705882352941e+00,3588208
9.697791096474010e+03,9.692496978826951e+03,1.764705882352941e+00,3588210
9.697872604810974e+03,9.692578487163915e+03,1.764705882352941e+00,3588211
9.698880504715368e+03,9.692649306193565e+03,1.764705882352941e+00,3588212
9.699637310693327e+03,9.692798671898435e+03,5.882352941176471e-01,3588214
9.700645210597721e+03,9.693907480157724e+03,5.882352941176471e-01,3588215
9.703085214121069e+03,9.692729615555324e+03,1.764705882352941e+00,3588213
9.703166722458033e+03,9.694044840093798e+03,1.176470588235294e+00,3588216
9.704174622362427e+03,9.697462601885288e+03,1.176470588235294e+00,3588217
9.704931428340386e+03,9.702761926973795e+03,5.882352941176471e-01,3588219
9.706684655464182e+03,9.704919949581829e+03,5.882352941176471e-01,3588220
9.708379331768128e+03,9.701741224294445e+03,1.764705882352941e+00,3588218
9.711664306094566e+03,9.706370188447507e+03,1.764705882352941e+00,3588221
9.711978773111241e+03,9.706459939530986e+03,1.764705882352941e+00,3588222
9.713429011976919e+03,9.707001293570150e+03,5.882352941176471e-01,3588224
9.713673449415187e+03,9.706909483759457e+03,1.764705882352941e+00,3588223
9.713743478993594e+03,9.707183531343512e+03,5.882352941176471e-01,3588225
9.715193717859272e+03,9.708736007484658e+03,5.882352941176471e-01,3588226
9.715508184875946e+03,9.712019159835931e+03,5.882352941176471e-01,3588228
9.716958423741625e+03,9.715025568119262e+03,5.882352941176471e-01,3588229
9.717202861179893e+03,9.711680889465436e+03,1.176470588235294e+00,3588227
9.719054287860095e+03,9.717289581977742e+03,5.882352941176471e-01,3588232
9.720802302523005e+03,9.715322593101088e+03,1.764705882352941e+00,3588230
9.720818993742447e+03,9.718951628257539e+03,5.882352941176471e-01,3588233
9.722252541388684e+03,9.715682238671732e+03,1.764705882352941e+00,3588231
9.722567008405358e+03,9.720652033311009e+03,5.882352941176471e-01,3588234
9.726173691055274e+03,9.720879573408216e+03,1.764705882352941e+00,3588235
9.727661452816337e+03,9.722367335169278e+03,1.764705882352941e+00,3588236
9.728313957661603e+03,9.723019840014544e+03,1.764705882352941e+00,3588237
9.728409604799399e+03,9.726644898917046e+03,5.882352941176471e-01,3588238
9.729426158698690e+03,9.727556484130981e+03,5.882352941176471e-01,3588239
9.731939016564105e+03,9.728151627620779e+03,1.176470588235294e+00,3588241
9.733506473420832e+03,9.731741767538479e+03,5.882352941176471e-01,3588242
9.733608075308662e+03,9.727765188023621e+03,1.764705882352941e+00,3588240
9.735346364007518e+03,9.733581658125165e+03,5.882352941176471e-01,3588243
9.735829841871443e+03,9.734065135989090e+03,5.882352941176471e-01,3588244
9.735972718757459e+03,9.734208012875106e+03,5.882352941176471e-01,3588245
9.737172118462426e+03,9.735407412580073e+03,5.882352941176471e-01,3588246
9.740628204195836e+03,9.738863498313483e+03,5.882352941176471e-01,3588248
9.741179910584152e+03,9.735885792937093e+03,1.764705882352941e+00,3588247
9.744957599273538e+03,9.743192893391186e+03,5.882352941176471e-01,3588250
9.745667794611001e+03,9.743903088728648e+03,5.882352941176471e-01,3588251
9.746937026687185e+03,9.741642909040126e+03,1.764705882352941e+00,3588249
9.750251716920597e+03,9.744325233240077e+03,1.764705882352941e+00,3588252
9.750961912258059e+03,9.745314126570244e+03,1.764705882352941e+00,3588253
9.752905939352372e+03,9.747611821705313e+03,1.764705882352941e+00,3588254
9.755670725468448e+03,9.750376607821390e+03,1.764705882352941e+00,3588255
9.756932462237427e+03,9.751638344590368e+03,1.764705882352941e+00,3588256
9.758162401526903e+03,9.756397695644550e+03,5.882352941176471e-01,3588258
9.758399004808846e+03,9.753104887161787e+03,1.764705882352941e+00,3588257
9.758697168119780e+03,9.756664728415091e+03,5.882352941176471e-01,3588259
9.759927107409256e+03,9.756958424790256e+03,5.882352941176471e-01,3588260
9.760163710691199e+03,9.757017263327690e+03,5.882352941176471e-01,3588261
9.760461874002133e+03,9.757976231031752e+03,5.882352941176471e-01,3588262
9.762647831807746e+03,9.760883125925394e+03,5.882352941176471e-01,3588263
9.766268839859725e+03,9.764504133977372e+03,5.882352941176471e-01,3588264
9.766531492131100e+03,9.764766786248747e+03,5.882352941176471e-01,3588265
9.768135300029469e+03,9.766370594147116e+03,5.882352941176471e-01,3588266
9.771844504919087e+03,9.770079799036734e+03,5.882352941176471e-01,3588268
9.773001060502341e+03,9.771236354619988e+03,5.882352941176471e-01,3588269
9.773507282697509e+03,9.768213165050450e+03,1.764705882352941e+00,3588267
9.779355971670226e+03,9.774061854023167e+03,1.764705882352941e+00,3588270
9.779552356520796e+03,9.777787650638443e+03,5.882352941176471e-01,3588271
9.786383276292507e+03,9.781089158645448e+03,1.764705882352941e+00,3588272
9.786780830018397e+03,9.781486712371338e+03,1.764705882352941e+00,3588273
9.786911694732271e+03,9.781617577085212e+03,1.764705882352941e+00,3588274
9.788545535900749e+03,9.785454464073635e+03,5.882352941176471e-01,3588276
9.791677393939566e+03,9.782788798121253e+03,1.764705882352941e+00,3588275
9.792205812379330e+03,9.786322976807623e+03,1.764705882352941e+00,3588277
9.793442099821918e+03,9.789034728755917e+03,5.882352941176471e-01,3588279
9.793839653547808e+03,9.787579245697686e+03,1.764705882352941e+00,3588278
9.793970518261683e+03,9.790143357952417e+03,5.882352941176471e-01,3588280
9.797970169114639e+03,9.796205463232286e+03,5.882352941176471e-01,3588282
9.798156397996880e+03,9.796391692114527e+03,5.882352941176471e-01,3588283
9.798736217468977e+03,9.792555903863463e+03,1.764705882352941e+00,3588281
9.801685809761586e+03,9.797295762594821e+03,1.176470588235294e+00,3588285
9.803264286761698e+03,9.796643272434524e+03,1.764705882352941e+00,3588284
9.803450515643939e+03,9.799779308792537e+03,5.882352941176471e-01,3588287
9.804701141448441e+03,9.799407023801382e+03,1.764705882352941e+00,3588286
9.805028992644051e+03,9.801207765668166e+03,5.882352941176471e-01,3588288
9.805215221526292e+03,9.801820934472583e+03,5.882352941176471e-01,3588289
9.806465847330794e+03,9.804401666316942e+03,5.882352941176471e-01,3588290
9.811356053285713e+03,9.809591347403360e+03,5.882352941176471e-01,3588291
9.811451021189674e+03,9.809686315307321e+03,5.882352941176471e-01,3588292
9.814497889044220e+03,9.810968477279514e+03,1.176470588235294e+00,3588293
9.820104113484600e+03,9.814809995837541e+03,1.764705882352941e+00,3588294
9.821054838221503e+03,9.819290132339150e+03,5.882352941176471e-01,3588295
9.822510699263771e+03,9.820745993381418e+03,5.882352941176471e-01,3588296
9.825678347435370e+03,9.823913641553017e+03,5.882352941176471e-01,3588297
9.829488007552149e+03,9.827723301669796e+03,5.882352941176471e-01,3588299
9.831471646592561e+03,9.829706940710209e+03,5.882352941176471e-01,3588301
9.832748121101677e+03,9.827454003454618e+03,1.764705882352941e+00,3588298
9.833236352474914e+03,9.830124965907594e+03,5.882352941176471e-01,3588302
9.834512826984029e+03,9.832481331975239e+03,5.882352941176471e-01,3588303
9.834780761797960e+03,9.829486644150901e+03,1.764705882352941e+00,3588300
9.840923263096359e+03,9.837393851331653e+03,1.176470588235294e+00,3588304
9.841640166746184e+03,9.839875460863831e+03,5.882352941176471e-01,3588305
9.843689368990704e+03,9.841924663108351e+03,5.882352941176471e-01,3588306
9.845582587396481e+03,9.843817881514128e+03,5.882352941176471e-01,3588308
9.846226828310982e+03,9.844462122428629e+03,5.882352941176471e-01,3588309
9.848414225834522e+03,9.843120108187463e+03,1.764705882352941e+00,3588307
9.853869423936756e+03,9.852104718054403e+03,5.882352941176471e-01,3588311
9.855080385030147e+03,9.851550973265441e+03,1.176470588235294e+00,3588310
9.856497607738532e+03,9.854732901856179e+03,5.882352941176471e-01,3588312
9.859168691132316e+03,9.857403985249963e+03,5.882352941176471e-01,3588313
9.861236084956727e+03,9.859471379074374e+03,5.882352941176471e-01,3588315
9.861459030026885e+03,9.859694324144532e+03,5.882352941176471e-01,3588316
9.863000790839080e+03,9.861182937452797e+03,5.882352941176471e-01,3588317
9.863223735909238e+03,9.861316686685675e+03,5.882352941176471e-01,3588318
9.864144183655668e+03,9.858850066008609e+03,1.764705882352941e+00,3588314
9.866346260734966e+03,9.864581554852613e+03,5.882352941176471e-01,3588320
9.868194057741549e+03,9.864664645976843e+03,1.176470588235294e+00,3588321
9.868814483636935e+03,9.863520365989876e+03,1.764705882352941e+00,3588319
9.870275930507142e+03,9.868511224624789e+03,5.882352941176471e-01,3588323
9.872383891881240e+03,9.867089774234181e+03,1.764705882352941e+00,3588322
9.873844249740989e+03,9.872079543858636e+03,5.882352941176471e-01,3588325
9.875608955623342e+03,9.872947168232774e+03,5.882352941176471e-01,3588327
9.876100315310073e+03,9.870806197663014e+03,1.764705882352941e+00,3588324
9.877373661505695e+03,9.873288293647551e+03,5.882352941176471e-01,3588328
9.877865021192426e+03,9.873440558080068e+03,5.882352941176471e-01,3588329
9.878027880911680e+03,9.872733763264622e+03,1.764705882352941e+00,3588326
9.879138367388048e+03,9.874194986095766e+03,5.882352941176471e-01,3588330
9.880061659581213e+03,9.878296953698860e+03,5.882352941176471e-01,3588331
9.882650191083729e+03,9.880885485201376e+03,5.882352941176471e-01,3588332
9.882963230049662e+03,9.881198524167309e+03,5.882352941176471e-01,3588333
9.891661747079355e+03,9.889897041197002e+03,5.882352941176471e-01,3588335
9.891881109257070e+03,9.890116403374717e+03,5.882352941176471e-01,3588336
9.893426452961708e+03,9.890758682729784e+03,5.882352941176471e-01,3588337
9.893853545931023e+03,9.888559428283964e+03,1.764705882352941e+00,3588334
9.895191158844061e+03,9.893030925763626e+03,5.882352941176471e-01,3588339
9.898070055710215e+03,9.892775938063156e+03,1.764705882352941e+00,3588338
9.899834761592568e+03,9.896030590796678e+03,5.882352941176471e-01,3588342
9.900109149768915e+03,9.894815032121857e+03,1.764705882352941e+00,3588340
9.900728470671215e+03,9.895434353024156e+03,1.764705882352941e+00,3588341
9.901873855651268e+03,9.899847878219196e+03,5.882352941176471e-01,3588344
9.905128879239627e+03,9.897755389429567e+03,1.764705882352941e+00,3588343
9.905606600836226e+03,9.902077189071520e+03,1.176470588235294e+00,3588345
9.910330596747953e+03,9.905036479100894e+03,1.764705882352941e+00,3588346
9.911746006602714e+03,9.909981300720361e+03,5.882352941176471e-01,3588347
9.915650969190208e+03,9.913886263307855e+03,5.882352941176471e-01,3588349
9.916272649722047e+03,9.914507943839694e+03,5.882352941176471e-01,3588350
9.918639557826388e+03,9.916874851944035e+03,5.882352941176471e-01,3588351
9.918900472216118e+03,9.913606354569059e+03,1.764705882352941e+00,3588348
9.922650668935400e+03,9.917356551288341e+03,1.764705882352941e+00,3588352
9.926308699432340e+03,9.924543993549987e+03,5.882352941176471e-01,3588354
9.927288858530197e+03,9.925524152647844e+03,5.882352941176471e-01,3588355
9.928073405314693e+03,9.925895835877073e+03,5.882352941176471e-01,3588356
9.928614273830759e+03,9.923320156183700e+03,1.764705882352941e+00,3588353
9.929053564412550e+03,9.926384897654476e+03,5.882352941176471e-01,3588357
9.930341479836030e+03,9.928576773953677e+03,5.882352941176471e-01,3588358
9.931359554957442e+03,9.929594849075089e+03,5.882352941176471e-01,3588360
9.932106185718383e+03,9.930073064532066e+03,5.882352941176471e-01,3588361
9.933870891600736e+03,9.931317764451757e+03,5.882352941176471e-01,3588363
9.934794724243077e+03,9.929500606596018e+03,1.764705882352941e+00,3588359
9.935635597483089e+03,9.931517202751695e+03,5.882352941176471e-01,3588364
9.936653672604501e+03,9.931192740411712e+03,1.764705882352941e+00,3588362
9.937400303365442e+03,9.934749969087275e+03,5.882352941176471e-01,3588366
9.938418378486854e+03,9.935375352708207e+03,5.882352941176471e-01,3588367
9.940088841890136e+03,9.932299688029275e+03,1.764705882352941e+00,3588365
9.941853547772489e+03,9.937762426522523e+03,5.882352941176471e-01,3588370
9.942694421012501e+03,9.936165090699242e+03,1.764705882352941e+00,3588368
9.943712496133913e+03,9.936756715430567e+03,1.764705882352941e+00,3588369
9.944459126894854e+03,9.939249775547276e+03,5.882352941176471e-01,3588372
9.947147665419548e+03,9.938432700025230e+03,1.764705882352941e+00,3588371
9.947988538659560e+03,9.941411564273517e+03,1.176470588235294e+00,3588374
9.948912371301901e+03,9.942233505843147e+03,5.882352941176471e-01,3588375
9.949006613780972e+03,9.940114979768934e+03,1.764705882352941e+00,3588373
9.949753244541912e+03,9.942308653531098e+03,5.882352941176471e-01,3588376
9.950677077184254e+03,9.944217033725011e+03,5.882352941176471e-01,3588377
9.950771319663325e+03,9.944835096761919e+03,5.882352941176471e-01,3588378
9.951517950424265e+03,9.945257410120307e+03,5.882352941176471e-01,3588379
9.952536025545678e+03,9.949107887757635e+03,5.882352941176471e-01,3588381
9.953282656306618e+03,9.950687617617468e+03,5.882352941176471e-01,3588382
9.955971194831312e+03,9.947910459811760e+03,1.764705882352941e+00,3588380
9.957830143192736e+03,9.950892855891420e+03,1.764705882352941e+00,3588383
9.957858028097032e+03,9.954328616332326e+03,1.176470588235294e+00,3588384
9.957932126269147e+03,9.956167420386794e+03,5.882352941176471e-01,3588385
9.961675866418074e+03,9.959911160535721e+03,5.882352941176471e-01,3588388
9.962856432977885e+03,9.959327021213180e+03,1.176470588235294e+00,3588387
9.963124260839795e+03,9.956446618271905e+03,1.764705882352941e+00,3588386
9.968280662424305e+03,9.966515956541952e+03,5.882352941176471e-01,3588390
9.968857273644008e+03,9.967092567761655e+03,5.882352941176471e-01,3588391
9.969191361370084e+03,9.963897243723025e+03,1.764705882352941e+00,3588389
9.970045368306658e+03,9.968025156433876e+03,5.882352941176471e-01,3588392
9.973833921945064e+03,9.972069216062711e+03,5.882352941176471e-01,3588395
9.974151391291067e+03,9.968560987777681e+03,1.764705882352941e+00,3588393
9.975598627827417e+03,9.972136119715903e+03,5.882352941176471e-01,3588396
9.975916097173420e+03,9.972973582287056e+03,5.882352941176471e-01,3588397
9.976166910059715e+03,9.970872792412656e+03,1.764705882352941e+00,3588394
9.977680803055773e+03,9.975295379784616e+03,5.882352941176471e-01,3588399
9.980892745474476e+03,9.975110396080002e+03,1.764705882352941e+00,3588398
9.984607470754896e+03,9.982842764872543e+03,5.882352941176471e-01,3588400
9.985798049127769e+03,9.984033343245416e+03,5.882352941176471e-01,3588401
9.986107858939120e+03,9.984343153056768e+03,5.882352941176471e-01,3588402
9.987701790590577e+03,9.985937084708224e+03,5.882352941176471e-01,3588404
9.988136882519601e+03,9.984498577274718e+03,1.176470588235294e+00,3588403
9.989901588401954e+03,9.987756613685351e+03,5.882352941176471e-01,3588407
9.991401976586179e+03,9.985986737985144e+03,1.764705882352941e+00,3588405
9.991666294284307e+03,9.988559680804014e+03,5.882352941176471e-01,3588408
9.992995908237636e+03,9.986233028376287e+03,1.764705882352941e+00,3588406
9.993431000166660e+03,9.991357630531069e+03,5.882352941176471e-01,3588410
9.996687835856727e+03,9.994923129974375e+03,5.882352941176471e-01,3588411
9.996691950109125e+03,9.994927244226772e+03,5.882352941176471e-01,3588412
9.996696094233238e+03,9.988736867307286e+03,1.764705882352941e+00,3588409
9.998452541739080e+03,9.995569349889655e+03,5.882352941176471e-01,3588413
9.998456655991478e+03,9.996456921273767e+03,5.882352941176471e-01,3588414
9.998460800115591e+03,9.996626889688925e+03,5.882352941176471e-01,3588415
