FinishTime,ArrivalTime,ServiceTime,ID
2.626835915782102e+00,8.621300334291607e-01,5.882352941176471e-01,4306842
7.368397053254295e+00,2.074279406195472e+00,1.764705882352941e+00,4306843
8.717655687961156e+00,3.423538040902333e+00,1.764705882352941e+00,4306844
9.133102935607237e+00,4.913035778520053e+00,5.882352941176471e-01,4306846
1.006111479322144e+01,4.766997146162615e+00,1.764705882352941e+00,4306845
1.089780881796018e+01,7.795281954792081e+00,5.882352941176471e-01,4306848
1.182582067557438e+01,8.681843452410732e+00,5.882352941176471e-01,4306849
1.266251470031312e+01,1.042861224191413e+01,5.882352941176471e-01,4306850
1.359052655792732e+01,1.071443484290727e+01,5.882352941176471e-01,4306851
1.401177333501998e+01,5.503245006490787e+00,1.764705882352941e+00,4306847
1.442722058266606e+01,1.160804415107075e+01,5.882352941176471e-01,4306852
1.577647921737292e+01,1.237462302219194e+01,5.882352941176471e-01,4306854
1.619192646501900e+01,1.250370574043608e+01,5.882352941176471e-01,4306855
1.754118509972586e+01,1.329205104072316e+01,5.882352941176471e-01,4306856
1.795663234737194e+01,1.582251698008097e+01,5.882352941176471e-01,4306857
1.888464420498614e+01,1.165065945521278e+01,1.764705882352941e+00,4306853
2.004252067367397e+01,1.827781479132103e+01,5.882352941176471e-01,4306858
2.175042431987985e+01,1.998571843752691e+01,5.882352941176471e-01,4306859
2.180373640333417e+01,2.003903052098123e+01,5.882352941176471e-01,4306860
2.410267920554935e+01,2.233797332319641e+01,5.882352941176471e-01,4306861
2.438894296758674e+01,2.262423708523379e+01,5.882352941176471e-01,4306862
2.745558026983699e+01,2.569087438748405e+01,5.882352941176471e-01,4306864
2.922028615218993e+01,2.646675736216680e+01,5.882352941176471e-01,4306866
2.962676914791979e+01,2.433265150086096e+01,1.764705882352941e+00,4306863
2.990521488275978e+01,2.637580311805390e+01,1.176470588235294e+00,4306865
3.139147503027273e+01,2.829090719956560e+01,5.882352941176471e-01,4306868
3.451440379924876e+01,2.657093419099812e+01,1.764705882352941e+00,4306867
3.519933252981860e+01,2.915537873652603e+01,1.764705882352941e+00,4306869
3.668559267733155e+01,2.937212931494291e+01,1.764705882352941e+00,4306870
3.696403841217154e+01,3.112911871457758e+01,5.882352941176471e-01,4306872
3.845029855968449e+01,3.114037834996498e+01,5.882352941176471e-01,4306873
3.872874429452448e+01,3.137930673662654e+01,5.882352941176471e-01,4306874
3.980852144630758e+01,3.093317949784414e+01,1.764705882352941e+00,4306871
4.021500444203743e+01,3.265719942958941e+01,5.882352941176471e-01,4306875
4.049345017687743e+01,3.396696055198929e+01,5.882352941176471e-01,4306876
4.157322732866052e+01,3.536325344195306e+01,5.882352941176471e-01,4306877
4.225815605923037e+01,3.655613965077646e+01,5.882352941176471e-01,4306879
4.550912208909626e+01,3.552244741259822e+01,1.764705882352941e+00,4306878
4.578756782393625e+01,3.816368107926552e+01,1.176470588235294e+00,4306881
4.686734497571934e+01,3.678912381511147e+01,1.764705882352941e+00,4306880
4.903853385380214e+01,3.962683969501018e+01,1.176470588235294e+00,4306882
4.931697958864213e+01,4.044247647516032e+01,1.176470588235294e+00,4306883
5.216146262277817e+01,4.089685050563738e+01,1.764705882352941e+00,4306884
5.392616850513111e+01,4.367821390132299e+01,5.882352941176471e-01,4306887
5.433265150086096e+01,4.186870789597654e+01,1.764705882352941e+00,4306885
5.461109723570096e+01,4.187392651487070e+01,1.764705882352941e+00,4306886
5.569087438748405e+01,4.443795267812502e+01,5.882352941176471e-01,4306888
5.962676914791979e+01,4.451412696746312e+01,1.764705882352941e+00,4306889
6.103355934261646e+01,5.573944169555764e+01,1.764705882352941e+00,4306890
6.174772102941083e+01,5.998301514705789e+01,5.882352941176471e-01,4306891
6.660848722226886e+01,6.484378133991592e+01,5.882352941176471e-01,4306893
6.875303745276809e+01,6.345891980570927e+01,1.764705882352941e+00,4306892
6.887252754612077e+01,6.710782166376783e+01,5.882352941176471e-01,4306894
6.902190805413227e+01,6.725720217177933e+01,5.882352941176471e-01,4306895
7.207259178777082e+01,7.030788590541787e+01,5.882352941176471e-01,4306896
7.530676538334098e+01,7.177735361863510e+01,1.176470588235294e+00,4306897
7.692777036153078e+01,7.516306447917784e+01,5.882352941176471e-01,4306898
7.779991882789214e+01,7.603521294553920e+01,5.882352941176471e-01,4306899
8.307650116049591e+01,8.131179527814296e+01,5.882352941176471e-01,4306901
8.425848302039966e+01,8.249377713804672e+01,5.882352941176471e-01,4306902
8.602318890275260e+01,8.299828894513164e+01,5.882352941176471e-01,4306904
8.604246127175260e+01,8.074834362469378e+01,1.764705882352941e+00,4306900
8.837061880755473e+01,8.274724692978328e+01,1.764705882352941e+00,4306903
8.891997085183556e+01,8.715526496948262e+01,5.882352941176471e-01,4306906
9.013532468990767e+01,8.759451443549592e+01,5.882352941176471e-01,4306907
9.068467673418850e+01,8.819421439316270e+01,5.882352941176471e-01,4306908
9.131730654981142e+01,8.558299202121786e+01,1.764705882352941e+00,4306905
9.190003057226061e+01,8.943679580021456e+01,5.882352941176471e-01,4306909
9.291288055777855e+01,9.114817467542561e+01,5.882352941176471e-01,4306910
9.335154461821368e+01,9.158683873586074e+01,5.882352941176471e-01,4306911
9.521136611208996e+01,9.344666022973702e+01,5.882352941176471e-01,4306912
9.523492446112633e+01,9.347021857877339e+01,5.882352941176471e-01,4306913
9.603441025780484e+01,9.426970437545190e+01,5.882352941176471e-01,4306914
9.777774125002586e+01,9.601303536767292e+01,5.882352941176471e-01,4306916
1.005054837591488e+02,9.431883151293408e+01,1.764705882352941e+00,4306915
1.007383290414077e+02,9.897362315905477e+01,5.882352941176471e-01,4306917
1.035579090793741e+02,1.017932031970211e+02,5.882352941176471e-01,4306918
1.039069918658510e+02,1.021422859834980e+02,5.882352941176471e-01,4306919
1.047044119237439e+02,1.029397060413910e+02,5.882352941176471e-01,4306920
1.068440102588065e+02,1.050793043764536e+02,5.882352941176471e-01,4306921
1.086699283815898e+02,1.069052224992368e+02,5.882352941176471e-01,4306922
1.100855242643445e+02,1.083208183819915e+02,5.882352941176471e-01,4306924
1.106143305031819e+02,1.070849187384760e+02,1.176470588235294e+00,4306923
1.141625374820456e+02,1.106331257173397e+02,1.176470588235294e+00,4306925
1.160576158575903e+02,1.125282040928844e+02,1.176470588235294e+00,4306926
1.166252613516686e+02,1.148605554693157e+02,5.882352941176471e-01,4306927
1.176664630430515e+02,1.159017571606986e+02,5.882352941176471e-01,4306928
1.178263804156997e+02,1.160616745333467e+02,5.882352941176471e-01,4306929
1.183899672340216e+02,1.161761761291636e+02,5.882352941176471e-01,4306930
1.194311689254045e+02,1.174987969882507e+02,5.882352941176471e-01,4306931
1.242150793492492e+02,1.189209617021904e+02,1.764705882352941e+00,4306932
1.261720045247291e+02,1.208778868776703e+02,1.764705882352941e+00,4306933
1.284020127238889e+02,1.248726009591830e+02,1.176470588235294e+00,4306934
1.288786729517305e+02,1.271139670693775e+02,5.882352941176471e-01,4306935
1.337765413571447e+02,1.284824237100859e+02,1.764705882352941e+00,4306936
1.352111653556557e+02,1.299170477085969e+02,1.764705882352941e+00,4306937
1.392535880190733e+02,1.374888821367203e+02,5.882352941176471e-01,4306938
1.402163432283340e+02,1.384516373459811e+02,5.882352941176471e-01,4306940
1.412996155996199e+02,1.377702038349140e+02,1.176470588235294e+00,4306939
1.414126694156779e+02,1.396479635333250e+02,5.882352941176471e-01,4306941
1.446310095945230e+02,1.428663037121700e+02,5.882352941176471e-01,4306942
1.456674063221265e+02,1.439027004397735e+02,5.882352941176471e-01,4306943
1.479708337640866e+02,1.462061278817336e+02,5.882352941176471e-01,4306945
1.482952182353629e+02,1.465305123530100e+02,5.882352941176471e-01,4306946
1.512148246210252e+02,1.459207069739664e+02,1.764705882352941e+00,4306944
1.538972911919181e+02,1.486031735448593e+02,1.764705882352941e+00,4306947
1.549055712904717e+02,1.531408654081187e+02,5.882352941176471e-01,4306949
1.566702771728246e+02,1.537184507439344e+02,5.882352941176471e-01,4306951
1.571608908341417e+02,1.518667731870829e+02,1.764705882352941e+00,4306948
1.584349830551775e+02,1.539620937538766e+02,5.882352941176471e-01,4306952
1.591914088389769e+02,1.534479536473698e+02,1.764705882352941e+00,4306950
1.635217847220314e+02,1.617570788396784e+02,5.882352941176471e-01,4306953
1.666956602552567e+02,1.649309543729038e+02,5.882352941176471e-01,4306954
1.731705812368426e+02,1.714058753544897e+02,5.882352941176471e-01,4306955
1.750250191851559e+02,1.714956074204500e+02,1.176470588235294e+00,4306956
1.779706958723097e+02,1.726765782252509e+02,1.764705882352941e+00,4306957
1.812031060931801e+02,1.759089884461213e+02,1.764705882352941e+00,4306958
1.815152918974995e+02,1.797505860151466e+02,5.882352941176471e-01,4306959
1.847615513326724e+02,1.829968454503195e+02,5.882352941176471e-01,4306961
1.851640118583185e+02,1.833993059759655e+02,5.882352941176471e-01,4306962
1.853541331816497e+02,1.800600155345909e+02,1.764705882352941e+00,4306960
1.865262572150254e+02,1.840215025342666e+02,5.882352941176471e-01,4306963
1.869287177406714e+02,1.842661190296452e+02,5.882352941176471e-01,4306964
1.885154290292435e+02,1.867507231468905e+02,5.882352941176471e-01,4306965
1.957080174651364e+02,1.921786057004305e+02,1.176470588235294e+00,4306966
1.964817314259363e+02,1.947170255435833e+02,5.882352941176471e-01,4306967
1.977289560354929e+02,1.959642501531400e+02,5.882352941176471e-01,4306968
2.009753355869834e+02,1.992106297046305e+02,5.882352941176471e-01,4306969
2.029943185986109e+02,2.012296127162579e+02,5.882352941176471e-01,4306970
2.030790774006938e+02,2.013143715183408e+02,5.882352941176471e-01,4306972
2.047590244809638e+02,2.024849419461643e+02,5.882352941176471e-01,4306973
2.055818562914988e+02,2.038171504091459e+02,5.882352941176471e-01,4306974
2.065637177693096e+02,2.012696001222507e+02,1.764705882352941e+00,4306971
2.083284236516625e+02,2.057471357932008e+02,5.882352941176471e-01,4306977
2.104015081385356e+02,2.051073904914768e+02,1.764705882352941e+00,4306975
2.108759739385576e+02,2.052181969547985e+02,1.764705882352941e+00,4306976
2.126406798209106e+02,2.088016563782801e+02,5.882352941176471e-01,4306980
2.136225412987213e+02,2.080644595707394e+02,1.764705882352941e+00,4306978
2.144053857032635e+02,2.093876553897524e+02,5.882352941176471e-01,4306981
2.156956257855944e+02,2.085433542862626e+02,1.764705882352941e+00,4306979
2.161700915856165e+02,2.141259064204320e+02,5.882352941176471e-01,4306983
2.171519530634272e+02,2.099683826429271e+02,1.176470588235294e+00,4306982
2.179347974679694e+02,2.152378484113768e+02,5.882352941176471e-01,4306985
2.196995033503223e+02,2.163332351406256e+02,5.882352941176471e-01,4306987
2.209897434326532e+02,2.151287657824081e+02,1.764705882352941e+00,4306984
2.214642092326753e+02,2.180651871024186e+02,5.882352941176471e-01,4306988
2.224460707104860e+02,2.155385530305396e+02,1.764705882352941e+00,4306986
2.227544493150062e+02,2.186221689681940e+02,5.882352941176471e-01,4306989
2.245191551973591e+02,2.212010260156711e+02,5.882352941176471e-01,4306992
2.262838610797121e+02,2.231786309069863e+02,5.882352941176471e-01,4306993
2.267583268797341e+02,2.195134957632264e+02,1.764705882352941e+00,4306990
2.277401883575449e+02,2.198664944390213e+02,1.764705882352941e+00,4306991
2.285230327620871e+02,2.242082996708993e+02,5.882352941176471e-01,4306995
2.302877386444400e+02,2.266741339938735e+02,5.882352941176471e-01,4306997
2.312696001222507e+02,2.252278531721941e+02,1.176470588235294e+00,4306996
2.315779787267709e+02,2.236233147245049e+02,1.764705882352941e+00,4306994
2.320524445267929e+02,2.278007871831348e+02,5.882352941176471e-01,4306998
2.330343060046037e+02,2.300153078811983e+02,5.882352941176471e-01,4306999
2.333426846091238e+02,2.305171253861622e+02,5.882352941176471e-01,4307000
2.347990118869566e+02,2.327377200636146e+02,5.882352941176471e-01,4307002
2.365637177693096e+02,2.333262720825862e+02,5.882352941176471e-01,4307004
2.379358260953549e+02,2.326417084482961e+02,1.764705882352941e+00,4307001
2.386368022561827e+02,2.330946822558441e+02,1.764705882352941e+00,4307003
2.389824053006494e+02,2.372176994182964e+02,5.882352941176471e-01,4307005
2.405842102339353e+02,2.388195043515824e+02,5.882352941176471e-01,4307006
2.414605829341364e+02,2.396958770517835e+02,5.882352941176471e-01,4307007
2.471686213269591e+02,2.454039154446061e+02,5.882352941176471e-01,4307009
2.475011515537944e+02,2.422070339067355e+02,1.764705882352941e+00,4307008
2.489957016387002e+02,2.472309957563473e+02,5.882352941176471e-01,4307010
2.504335574383039e+02,2.486688515559510e+02,5.882352941176471e-01,4307011
2.517990450870123e+02,2.500343392046594e+02,5.882352941176471e-01,4307012
2.545120370638169e+02,2.527473311814640e+02,5.882352941176471e-01,4307013
2.595829969554942e+02,2.560535851907883e+02,1.176470588235294e+00,4307015
2.612290083256875e+02,2.559348906786287e+02,1.764705882352941e+00,4307014
2.613477028378472e+02,2.573612950278555e+02,5.882352941176471e-01,4307017
2.621963297512460e+02,2.569022121041872e+02,1.764705882352941e+00,4307016
2.640880872813300e+02,2.623233813989770e+02,5.882352941176471e-01,4307018
2.659322408903176e+02,2.641675350079647e+02,5.882352941176471e-01,4307021
2.676969467726706e+02,2.648219618337689e+02,5.882352941176471e-01,4307022
2.680240669222386e+02,2.627299492751797e+02,1.764705882352941e+00,4307019
2.683869720264282e+02,2.630928543793694e+02,1.764705882352941e+00,4307020
2.694616526550235e+02,2.663662176661223e+02,5.882352941176471e-01,4307023
2.697887728045915e+02,2.665880506871301e+02,5.882352941176471e-01,4307024
2.702903221621179e+02,2.685256162797649e+02,5.882352941176471e-01,4307025
2.729910644197294e+02,2.691538286414044e+02,1.176470588235294e+00,4307026
2.740853660523034e+02,2.705559542875976e+02,1.176470588235294e+00,4307028
2.747557703020823e+02,2.718055107204404e+02,5.882352941176471e-01,4307029
2.750828904516503e+02,2.693360668955109e+02,1.764705882352941e+00,4307027
2.758500719346564e+02,2.738410203180193e+02,5.882352941176471e-01,4307030
2.765204761844353e+02,2.740885338685072e+02,5.882352941176471e-01,4307031
2.768475963340033e+02,2.747249258276142e+02,5.882352941176471e-01,4307032
2.799253671464343e+02,2.781606612640814e+02,5.882352941176471e-01,4307033
2.815064674761581e+02,2.797417615938051e+02,5.882352941176471e-01,4307034
2.876873734252838e+02,2.859226675429309e+02,5.882352941176471e-01,4307035
2.911144352487494e+02,2.893497293663965e+02,5.882352941176471e-01,4307037
2.940602856346208e+02,2.887661679875620e+02,1.764705882352941e+00,4307036
2.941552136161829e+02,2.923905077338300e+02,5.882352941176471e-01,4307038
2.963163065255167e+02,2.927868947608109e+02,1.176470588235294e+00,4307039
2.975896973993267e+02,2.935461880988974e+02,1.176470588235294e+00,4307040
2.975903507498424e+02,2.958256448674895e+02,5.882352941176471e-01,4307041
2.980810124078697e+02,2.959702004489794e+02,5.882352941176471e-01,4307042
2.993544032816796e+02,2.965147158305603e+02,5.882352941176471e-01,4307043
2.993550566321953e+02,2.970649268409844e+02,5.882352941176471e-01,4307044
2.998457182902226e+02,2.978989641084334e+02,5.882352941176471e-01,4307045
3.024016476354363e+02,3.006369417530834e+02,5.882352941176471e-01,4307047
3.029147919735240e+02,2.993853802088181e+02,1.176470588235294e+00,4307046
3.069395919082300e+02,3.051748860258771e+02,5.882352941176471e-01,4307049
3.072802355491736e+02,3.019861179021148e+02,1.764705882352941e+00,4307048
3.137007938930697e+02,3.084066762460109e+02,1.764705882352941e+00,4307050
3.144358878529521e+02,3.126711819705991e+02,5.882352941176471e-01,4307051
3.157296828584472e+02,3.139649769760943e+02,5.882352941176471e-01,4307052
3.163977135253624e+02,3.146330076430094e+02,5.882352941176471e-01,4307053
3.169808436212694e+02,3.152161377389164e+02,5.882352941176471e-01,4307054
3.203107302813545e+02,3.185460243990016e+02,5.882352941176471e-01,4307056
3.215503231508304e+02,3.180209113861245e+02,1.176470588235294e+00,4307055
3.233944916330343e+02,3.216297857506813e+02,5.882352941176471e-01,4307057
3.288660487908712e+02,3.235719311438124e+02,1.764705882352941e+00,4307058
3.292413375548083e+02,3.274766316724554e+02,5.882352941176471e-01,4307059
3.306307546732242e+02,3.279399455544349e+02,5.882352941176471e-01,4307061
3.329488271964269e+02,3.276547095493681e+02,1.764705882352941e+00,4307060
3.370733439006316e+02,3.353086380182786e+02,5.882352941176471e-01,4307063
3.395528629700932e+02,3.342587453230344e+02,1.764705882352941e+00,4307062
3.450243735882824e+02,3.432596677059294e+02,5.882352941176471e-01,4307064
3.508084966923757e+02,3.490437908100228e+02,5.882352941176471e-01,4307065
3.550779757871538e+02,3.533132699048008e+02,5.882352941176471e-01,4307067
3.568426816695067e+02,3.550644334121050e+02,5.882352941176471e-01,4307069
3.576587539701379e+02,3.523646363230791e+02,1.764705882352941e+00,4307066
3.579227560028261e+02,3.543933442381202e+02,1.176470588235294e+00,4307068
3.603720934342126e+02,3.566134336898644e+02,1.176470588235294e+00,4307070
3.617660563795305e+02,3.600013504971776e+02,5.882352941176471e-01,4307072
3.631538904288928e+02,3.578597727818340e+02,1.764705882352941e+00,4307071
3.639818319626875e+02,3.604524201979816e+02,1.176470588235294e+00,4307073
3.665533569782087e+02,3.647886510958557e+02,5.882352941176471e-01,4307075
3.669066219832908e+02,3.651419161009379e+02,5.882352941176471e-01,4307076
3.683180628605616e+02,3.656906362540269e+02,5.882352941176471e-01,4307077
3.684823077085235e+02,3.631881900614646e+02,1.764705882352941e+00,4307074
3.710725439094182e+02,3.693078380270652e+02,5.882352941176471e-01,4307078
3.728039815332647e+02,3.710392756509117e+02,5.882352941176471e-01,4307080
3.750386770395896e+02,3.697445593925308e+02,1.764705882352941e+00,4307079
3.768783421429442e+02,3.751136362605913e+02,5.882352941176471e-01,4307081
3.805716776241624e+02,3.770422658594566e+02,1.176470588235294e+00,4307083
3.808980312041910e+02,3.791333253218380e+02,5.882352941176471e-01,4307084
3.812425510576195e+02,3.759484334105607e+02,1.764705882352941e+00,4307082
3.823363835065154e+02,3.803426685923506e+02,5.882352941176471e-01,4307085
3.972152463323917e+02,3.954505404500387e+02,5.882352941176471e-01,4307088
3.984148466481366e+02,3.931207290010778e+02,1.764705882352941e+00,4307086
3.988960702968660e+02,3.936019526498071e+02,1.764705882352941e+00,4307087
3.989799522147446e+02,3.955309355492872e+02,5.882352941176471e-01,4307089
4.001795525304895e+02,3.976274383094116e+02,5.882352941176471e-01,4307090
4.033978089768875e+02,3.998683972121816e+02,1.176470588235294e+00,4307092
4.048980192491767e+02,3.996039016021178e+02,1.764705882352941e+00,4307091
4.054736701775483e+02,3.999041007154442e+02,1.764705882352941e+00,4307093
4.066627251315296e+02,4.014723929159422e+02,5.882352941176471e-01,4307095
4.072383760599013e+02,4.024227341977048e+02,5.882352941176471e-01,4307096
4.086919266239463e+02,4.012460551082180e+02,1.764705882352941e+00,4307094
4.119568427785884e+02,4.065448830774776e+02,1.764705882352941e+00,4307097
4.125324937069601e+02,4.069676566836949e+02,1.764705882352941e+00,4307098
4.137215486609414e+02,4.111913716220728e+02,5.882352941176471e-01,4307100
4.139860442710051e+02,4.081618661770841e+02,1.764705882352941e+00,4307099
4.160332009595794e+02,4.142684950772264e+02,5.882352941176471e-01,4307101
4.169917756150821e+02,4.152270697327292e+02,5.882352941176471e-01,4307103
4.183866731209019e+02,4.148572613561961e+02,1.176470588235294e+00,4307102
4.200135101951988e+02,4.164840984304930e+02,1.176470588235294e+00,4307104
4.219160848856078e+02,4.167417149289444e+02,1.176470588235294e+00,4307106
4.222858932621409e+02,4.165682579136208e+02,1.764705882352941e+00,4307105
4.236807907679608e+02,4.182085335987968e+02,5.882352941176471e-01,4307108
4.240505991444939e+02,4.203996194077147e+02,5.882352941176471e-01,4307109
4.253076278422577e+02,4.179202105673713e+02,1.764705882352941e+00,4307107
4.254454966503137e+02,4.217413045029891e+02,5.882352941176471e-01,4307110
4.293447167915527e+02,4.227938812267856e+02,1.764705882352941e+00,4307111
4.306017454893165e+02,4.231483796131874e+02,1.764705882352941e+00,4307112
4.307396142973725e+02,4.252520404745443e+02,1.764705882352941e+00,4307113
4.352195505472757e+02,4.316901387825698e+02,1.176470588235294e+00,4307114
4.375316658478933e+02,4.357669599655404e+02,5.882352941176471e-01,4307116
4.388304434710973e+02,4.353010317063914e+02,1.176470588235294e+00,4307115
4.390251843970719e+02,4.372604785147190e+02,5.882352941176471e-01,4307117
4.434610437670208e+02,4.416963378846678e+02,5.882352941176471e-01,4307118
4.485837493505435e+02,4.468190434681905e+02,5.882352941176471e-01,4307120
4.490734673076680e+02,4.437793496606092e+02,1.764705882352941e+00,4307119
4.556158841512119e+02,4.520864723865060e+02,1.176470588235294e+00,4307122
4.562905712252513e+02,4.509964535781924e+02,1.764705882352941e+00,4307121
4.582220609962281e+02,4.564573551138751e+02,5.882352941176471e-01,4307123
4.583085566651572e+02,4.565438507828043e+02,5.882352941176471e-01,4307124
4.585883752686579e+02,4.568236693863050e+02,5.882352941176471e-01,4307125
4.599867668785810e+02,4.573064253495471e+02,5.882352941176471e-01,4307126
4.621177870333638e+02,4.584474555861966e+02,1.176470588235294e+00,4307128
4.625506171834026e+02,4.607859113010496e+02,5.882352941176471e-01,4307129
4.636026743122161e+02,4.575190059313180e+02,1.764705882352941e+00,4307127
4.662756802955670e+02,4.645109744132141e+02,5.882352941176471e-01,4307132
4.674119046804226e+02,4.613993020248772e+02,1.764705882352941e+00,4307130
4.680403861779200e+02,4.650690411779579e+02,5.882352941176471e-01,4307133
4.689318056770051e+02,4.636376880299463e+02,1.764705882352941e+00,4307131
4.691766105627756e+02,4.667472364528271e+02,5.882352941176471e-01,4307134
4.706965115593581e+02,4.676889135547439e+02,5.882352941176471e-01,4307136
4.723547987918487e+02,4.705900929094958e+02,5.882352941176471e-01,4307137
4.733345038249788e+02,4.673878021703932e+02,1.764705882352941e+00,4307135
4.746673729948553e+02,4.729026671125023e+02,5.882352941176471e-01,4307139
4.766470487605128e+02,4.713529311134540e+02,1.764705882352941e+00,4307138
4.768002365563115e+02,4.750355306739586e+02,5.882352941176471e-01,4307140
4.798246690822527e+02,4.780599631998998e+02,5.882352941176471e-01,4307142
4.828550204436475e+02,4.775609027965886e+02,1.764705882352941e+00,4307141
4.850554088675278e+02,4.815259971028220e+02,1.176470588235294e+00,4307143
4.864080882608597e+02,4.846433823785067e+02,5.882352941176471e-01,4307145
4.868201147498808e+02,4.847039362261021e+02,5.882352941176471e-01,4307146
4.874287062443075e+02,4.821345885972486e+02,1.764705882352941e+00,4307144
4.883054197032816e+02,4.865407138209286e+02,5.882352941176471e-01,4307147
4.893195130488276e+02,4.875548071664747e+02,5.882352941176471e-01,4307148
4.906950714547758e+02,4.889303655724229e+02,5.882352941176471e-01,4307149
4.938811864881054e+02,4.921164806057525e+02,5.882352941176471e-01,4307150
4.942334865238121e+02,4.924687806414591e+02,5.882352941176471e-01,4307151
4.954814325164448e+02,4.937167266340919e+02,5.882352941176471e-01,4307152
4.971148352287288e+02,4.953501293463759e+02,5.882352941176471e-01,4307153
4.999027373770029e+02,4.981380314946499e+02,5.882352941176471e-01,4307154
5.039739470872839e+02,5.022092412049309e+02,5.882352941176471e-01,4307156
5.057386529696368e+02,5.036827203366929e+02,5.882352941176471e-01,4307158
5.066607113470466e+02,5.013665936999878e+02,1.764705882352941e+00,4307155
5.083269271870961e+02,5.030328095400373e+02,1.764705882352941e+00,4307157
5.084254172293996e+02,5.045377721488440e+02,5.882352941176471e-01,4307160
5.110327706166956e+02,5.044144466861935e+02,1.764705882352941e+00,4307159
5.118563389518020e+02,5.077682256591844e+02,1.176470588235294e+00,4307161
5.137195348764584e+02,5.080037572938163e+02,1.764705882352941e+00,4307162
5.178742522603251e+02,5.125801346132662e+02,1.764705882352941e+00,4307163
5.204304827913291e+02,5.186657769089762e+02,5.882352941176471e-01,4307165
5.210180580636956e+02,5.192533521813426e+02,5.882352941176471e-01,4307166
5.225153136127688e+02,5.172211959657099e+02,1.764705882352941e+00,4307164
5.225250699609304e+02,5.207603640785775e+02,5.882352941176471e-01,4307167
5.251284707699671e+02,5.233637648876142e+02,5.882352941176471e-01,4307168
5.276014592848066e+02,5.258367534024536e+02,5.882352941176471e-01,4307171
5.287385747590866e+02,5.234444571120278e+02,1.764705882352941e+00,4307169
5.297734527490620e+02,5.244793351020032e+02,1.764705882352941e+00,4307170
5.305032806414396e+02,5.279736666810061e+02,5.882352941176471e-01,4307173
5.328955769318654e+02,5.274555516478925e+02,1.764705882352941e+00,4307172
5.350675703961208e+02,5.284493016911648e+02,1.764705882352941e+00,4307174
5.363350279937309e+02,5.345703221113780e+02,5.882352941176471e-01,4307175
5.421348998081731e+02,5.386054880434672e+02,1.176470588235294e+00,4307176
5.426968570275090e+02,5.409321511451560e+02,5.882352941176471e-01,4307178
5.447645397111279e+02,5.394704220640691e+02,1.764705882352941e+00,4307177
5.480199293974014e+02,5.462552235150484e+02,5.882352941176471e-01,4307180
5.514399231144083e+02,5.461458054673495e+02,1.764705882352941e+00,4307179
5.523459359385290e+02,5.505812300561761e+02,5.882352941176471e-01,4307181
5.560169172327477e+02,5.507227995856888e+02,1.764705882352941e+00,4307182
5.577816231151006e+02,5.533390776974147e+02,5.882352941176471e-01,4307185
5.581296276767174e+02,5.528355100296586e+02,1.764705882352941e+00,4307183
5.583346060444733e+02,5.530404883974145e+02,1.764705882352941e+00,4307184
5.595463289974535e+02,5.534784282587030e+02,5.882352941176471e-01,4307186
5.598943335590704e+02,5.539919474246345e+02,5.882352941176471e-01,4307187
5.613110348798065e+02,5.566270878843682e+02,5.882352941176471e-01,4307189
5.634237453237763e+02,5.568456326564324e+02,1.176470588235294e+00,4307190
5.636287236915322e+02,5.558442709957005e+02,1.764705882352941e+00,4307188
5.651884512061292e+02,5.598358581431691e+02,5.882352941176471e-01,4307192
5.666051525268653e+02,5.596962666575378e+02,1.764705882352941e+00,4307191
5.678973613335741e+02,5.661326554512212e+02,5.882352941176471e-01,4307194
5.689228413385910e+02,5.600320915539355e+02,1.764705882352941e+00,4307193
5.707695258458049e+02,5.690048199634520e+02,5.882352941176471e-01,4307195
5.745961695971630e+02,5.728314637148101e+02,5.882352941176471e-01,4307196
5.748219042431153e+02,5.730571983607624e+02,5.882352941176471e-01,4307197
5.797029948499938e+02,5.744088772029349e+02,1.764705882352941e+00,4307198
5.811625118315916e+02,5.758683941845328e+02,1.764705882352941e+00,4307199
5.813512636068973e+02,5.795865577245444e+02,5.882352941176471e-01,4307200
5.815079921040304e+02,5.797432862216775e+02,5.882352941176471e-01,4307201
5.864566294786505e+02,5.805004516018534e+02,1.764705882352941e+00,4307202
5.866453812539562e+02,5.807215910232473e+02,1.764705882352941e+00,4307203
5.874433429643360e+02,5.821492253172771e+02,1.764705882352941e+00,4307204
5.882213353610034e+02,5.822615396520597e+02,5.882352941176471e-01,4307205
5.892080488466889e+02,5.833275885972128e+02,5.882352941176471e-01,4307207
5.899860412433563e+02,5.846430147523178e+02,5.882352941176471e-01,4307208
5.917507471257093e+02,5.867117979464555e+02,5.882352941176471e-01,4307210
5.919394989010150e+02,5.830100506220856e+02,1.764705882352941e+00,4307206
5.927374606113948e+02,5.856990858786806e+02,1.176470588235294e+00,4307209
5.970448647727681e+02,5.879042030207560e+02,1.764705882352941e+00,4307211
5.972336165480738e+02,5.898859313527665e+02,1.764705882352941e+00,4307212
5.980315782584536e+02,5.903885337914772e+02,1.764705882352941e+00,4307213
5.988095706551210e+02,5.903945036917560e+02,5.882352941176471e-01,4307214
5.997962841408066e+02,5.918179066652856e+02,5.882352941176471e-01,4307216
6.005742765374740e+02,5.920029321033193e+02,5.882352941176471e-01,4307217
6.015609900231595e+02,5.932426111511414e+02,5.882352941176471e-01,4307218
6.023389824198269e+02,5.941812798716217e+02,5.882352941176471e-01,4307219
6.025277341951326e+02,5.914391606762139e+02,1.764705882352941e+00,4307215
6.041036883021799e+02,5.960993535670632e+02,5.882352941176471e-01,4307221
6.042924400774856e+02,5.966748083065368e+02,5.882352941176471e-01,4307222
6.058683941845328e+02,5.966979959415825e+02,5.882352941176471e-01,4307223
6.060571459598385e+02,6.018112648443035e+02,5.882352941176471e-01,4307224
6.068551076702183e+02,5.949015805254536e+02,1.764705882352941e+00,4307220
6.076331000668857e+02,6.039647535430065e+02,5.882352941176471e-01,4307225
6.078218518421915e+02,6.046584364709337e+02,5.882352941176471e-01,4307226
6.086198135525713e+02,6.065147441303439e+02,5.882352941176471e-01,4307227
6.146872430450458e+02,6.093931253979870e+02,1.764705882352941e+00,4307228
6.157060935249457e+02,6.104119758778869e+02,1.764705882352941e+00,4307229
6.164519489273987e+02,6.146513407105385e+02,5.882352941176471e-01,4307231
6.171913249832321e+02,6.118972073361733e+02,1.764705882352941e+00,4307230
6.179708665246743e+02,6.162061606423214e+02,5.882352941176471e-01,4307232
6.199191524884970e+02,6.181544466061440e+02,5.882352941176471e-01,4307233
6.208006839146270e+02,6.190359780322741e+02,5.882352941176471e-01,4307234
6.234485642532029e+02,6.198639160694955e+02,1.176470588235294e+00,4307236
6.243309234063495e+02,6.190368057592907e+02,1.764705882352941e+00,4307235
6.257660815583815e+02,6.240013756760286e+02,5.882352941176471e-01,4307238
6.267235941640078e+02,6.249588882816549e+02,5.882352941176471e-01,4307239
6.281993666038116e+02,6.229052489567527e+02,1.764705882352941e+00,4307237
6.314338070385625e+02,6.296691011562096e+02,5.882352941176471e-01,4307240
6.317391953979713e+02,6.299744895156183e+02,5.882352941176471e-01,4307241
6.339385168243029e+02,6.321738109419500e+02,5.882352941176471e-01,4307244
6.369490403622875e+02,6.316549227152287e+02,1.764705882352941e+00,4307242
6.370432316487631e+02,6.317491140017043e+02,1.764705882352941e+00,4307243
6.392326344713617e+02,6.329557281569400e+02,1.764705882352941e+00,4307245
6.404784521269934e+02,6.333401432545453e+02,1.176470588235294e+00,4307246
6.409973403537147e+02,6.378734666684447e+02,5.882352941176471e-01,4307248
6.422431580093464e+02,6.393244354426998e+02,5.882352941176471e-01,4307249
6.423373492958219e+02,6.361356418147675e+02,1.764705882352941e+00,4307247
6.470190117627448e+02,6.452543058803918e+02,5.882352941176471e-01,4307250
6.479759208413755e+02,6.462112149590226e+02,5.882352941176471e-01,4307251
6.522154220484762e+02,6.469213044014174e+02,1.764705882352941e+00,4307252
6.565128164452436e+02,6.547481105628907e+02,5.882352941176471e-01,4307254
6.578137560656219e+02,6.560490501832690e+02,5.882352941176471e-01,4307255
6.585306436713387e+02,6.567659377889857e+02,5.882352941176471e-01,4307256
6.592341985876755e+02,6.539400809406167e+02,1.764705882352941e+00,4307253
6.611696299066591e+02,6.594049240243062e+02,5.882352941176471e-01,4307257
6.635342436750069e+02,6.617695377926540e+02,5.882352941176471e-01,4307258
6.647525970992256e+02,6.629878912168726e+02,5.882352941176471e-01,4307259
6.706373260241291e+02,6.688726201417762e+02,5.882352941176471e-01,4307260
6.726089439952548e+02,6.708442381129018e+02,5.882352941176471e-01,4307263
6.755415097936827e+02,6.702473921466239e+02,1.764705882352941e+00,4307261
6.755816658644465e+02,6.702875482173876e+02,1.764705882352941e+00,4307262
6.780840663950050e+02,6.727899487479462e+02,1.764705882352941e+00,4307264
6.795632087416583e+02,6.777985028593054e+02,5.882352941176471e-01,4307265
6.797520652987988e+02,6.779873594164458e+02,5.882352941176471e-01,4307266
6.830926205063642e+02,6.782149651012799e+02,1.176470588235294e+00,4307268
6.834332909522500e+02,6.781391733051912e+02,1.764705882352941e+00,4307267
6.838661232853726e+02,6.821014174030196e+02,5.882352941176471e-01,4307269
6.874382537836914e+02,6.856735479013385e+02,5.882352941176471e-01,4307270
6.890271617816289e+02,6.872624558992759e+02,5.882352941176471e-01,4307271
6.908402483547980e+02,6.890755424724450e+02,5.882352941176471e-01,4307272
6.926632289715866e+02,6.908985230892337e+02,5.882352941176471e-01,4307275
6.928776900011612e+02,6.893482782364553e+02,1.176470588235294e+00,4307273
6.952503857819507e+02,6.934856798995978e+02,5.882352941176471e-01,4307276
6.953302884146986e+02,6.900361707676398e+02,1.764705882352941e+00,4307274
6.960200415330719e+02,6.942553356507190e+02,5.882352941176471e-01,4307277
7.003583135139390e+02,6.985936076315860e+02,5.882352941176471e-01,4307279
7.004504481295716e+02,6.986857422472186e+02,5.882352941176471e-01,4307280
7.005445034290096e+02,6.942674611577206e+02,1.764705882352941e+00,4307278
7.021437362131812e+02,7.003790303308282e+02,5.882352941176471e-01,4307281
7.094215286056640e+02,7.076568227233111e+02,5.882352941176471e-01,4307282
7.115691421453805e+02,7.098044362630276e+02,5.882352941176471e-01,4307284
7.136099530843218e+02,7.083158354372630e+02,1.764705882352941e+00,4307283
7.168678416811128e+02,7.115737240340540e+02,1.764705882352941e+00,4307285
7.184333190037586e+02,7.166686131214057e+02,5.882352941176471e-01,4307286
7.227483523870765e+02,7.209836465047236e+02,5.882352941176471e-01,4307288
7.229770981907080e+02,7.176829805436492e+02,1.764705882352941e+00,4307287
7.230937019233085e+02,7.213289960409555e+02,5.882352941176471e-01,4307289
7.261904880245970e+02,7.244257821422440e+02,5.882352941176471e-01,4307290
7.280597397740520e+02,7.262950338916990e+02,5.882352941176471e-01,4307291
7.295524182964676e+02,7.277877124141146e+02,5.882352941176471e-01,4307292
7.308665991458125e+02,7.291018932634596e+02,5.882352941176471e-01,4307293
7.326941803034704e+02,7.309294744211174e+02,5.882352941176471e-01,4307294
7.366539325747825e+02,7.348892266924296e+02,5.882352941176471e-01,4307296
7.381743725450258e+02,7.328802548979670e+02,1.764705882352941e+00,4307295
7.406701202962144e+02,7.389054144138614e+02,5.882352941176471e-01,4307297
7.453552285555467e+02,7.435905226731938e+02,5.882352941176471e-01,4307298
7.468092160590927e+02,7.450445101767397e+02,5.882352941176471e-01,4307299
7.483590185215954e+02,7.465943126392424e+02,5.882352941176471e-01,4307300
7.497000921734438e+02,7.479353862910908e+02,5.882352941176471e-01,4307302
7.510612151380428e+02,7.492965092556899e+02,5.882352941176471e-01,4307303
7.527721082620453e+02,7.474779906149865e+02,1.764705882352941e+00,4307301
7.533057644911581e+02,7.515410586088052e+02,5.882352941176471e-01,4307304
7.549599023432944e+02,7.531951964609414e+02,5.882352941176471e-01,4307305
7.576458944679791e+02,7.558811885856262e+02,5.882352941176471e-01,4307308
7.584442373137510e+02,7.549148255490451e+02,1.176470588235294e+00,4307307
7.588976020843450e+02,7.536034844372861e+02,1.764705882352941e+00,4307306
7.594106003503320e+02,7.559363288755051e+02,5.882352941176471e-01,4307309
7.602089431961039e+02,7.580122295631463e+02,5.882352941176471e-01,4307310
7.611753062326850e+02,7.591111648883871e+02,5.882352941176471e-01,4307312
7.635842358850169e+02,7.618195300026640e+02,5.882352941176471e-01,4307314
7.642148793092027e+02,7.589207616621439e+02,1.764705882352941e+00,4307311
7.661441576047122e+02,7.608500399576534e+02,1.764705882352941e+00,4307313
7.679088634870651e+02,7.652739431560147e+02,5.882352941176471e-01,4307317
7.684367548239387e+02,7.649073430592328e+02,1.176470588235294e+00,4307316
7.696735693694181e+02,7.663635303268180e+02,5.882352941176471e-01,4307318
7.699881464459996e+02,7.646940287989408e+02,1.764705882352941e+00,4307315
7.702014607062917e+02,7.665766518274507e+02,5.882352941176471e-01,4307319
7.714382752517710e+02,7.667834765899587e+02,5.882352941176471e-01,4307320
7.717528523283525e+02,7.670985276404823e+02,5.882352941176471e-01,4307321
7.719661665886446e+02,7.674791958304769e+02,5.882352941176471e-01,4307322
7.732029811341240e+02,7.685256612377330e+02,5.882352941176471e-01,4307323
7.737308724709975e+02,7.697999439057300e+02,5.882352941176471e-01,4307325
7.754955783533505e+02,7.724616949696191e+02,5.882352941176471e-01,4307327
7.770469699754114e+02,7.688910442805409e+02,1.764705882352941e+00,4307324
7.772602842357034e+02,7.725611558266426e+02,5.882352941176471e-01,4307328
7.784970987811828e+02,7.712101611337060e+02,1.764705882352941e+00,4307326
7.788116758577643e+02,7.728658019784983e+02,5.882352941176471e-01,4307329
7.790249901180564e+02,7.737182506123602e+02,5.882352941176471e-01,4307330
7.802618046635357e+02,7.761041288544759e+02,5.882352941176471e-01,4307331
7.807896960004093e+02,7.765229738513637e+02,5.882352941176471e-01,4307333
7.820265105458887e+02,7.784437201459233e+02,5.882352941176471e-01,4307334
7.837912164282416e+02,7.804807002851294e+02,5.882352941176471e-01,4307336
7.841057935048231e+02,7.763302313822618e+02,1.764705882352941e+00,4307332
7.860838136474681e+02,7.803015792875707e+02,1.764705882352941e+00,4307335
7.884648379385785e+02,7.867001320562256e+02,5.882352941176471e-01,4307338
7.908004689754215e+02,7.855063513283627e+02,1.764705882352941e+00,4307337
7.921084232304704e+02,7.868143055834116e+02,1.764705882352941e+00,4307339
7.944989761535706e+02,7.909695643888647e+02,1.176470588235294e+00,4307341
7.956493745821467e+02,7.903552569350878e+02,1.764705882352941e+00,4307340
7.974025408775292e+02,7.915983141916887e+02,1.764705882352941e+00,4307342
7.974140804644996e+02,7.922298424974294e+02,5.882352941176471e-01,4307344
7.991672467598821e+02,7.931981710122273e+02,5.882352941176471e-01,4307345
7.997930938006294e+02,7.917098224124572e+02,1.764705882352941e+00,4307343
8.009319526422351e+02,7.937371970975831e+02,5.882352941176471e-01,4307347
8.026966585245880e+02,7.952805499711624e+02,5.882352941176471e-01,4307349
8.027081981115584e+02,7.935664749929104e+02,1.764705882352941e+00,4307346
8.044613644069410e+02,7.954915456228594e+02,5.882352941176471e-01,4307350
8.050872114476882e+02,7.948101049518833e+02,1.764705882352941e+00,4307348
8.062260702892939e+02,7.966093840086708e+02,5.882352941176471e-01,4307352
8.079907761716468e+02,7.989117314502737e+02,5.882352941176471e-01,4307354
8.080023157586173e+02,7.959536506845244e+02,1.764705882352941e+00,4307351
8.086166232123941e+02,7.988175788169658e+02,1.176470588235294e+00,4307353
8.097554820539998e+02,7.991268956173488e+02,5.882352941176471e-01,4307355
8.097670216409702e+02,7.994740665306586e+02,5.882352941176471e-01,4307356
8.115201879363527e+02,8.007979799445565e+02,5.882352941176471e-01,4307358
8.132848938187057e+02,8.046713091523811e+02,5.882352941176471e-01,4307360
8.139107408594529e+02,8.004546774839270e+02,1.764705882352941e+00,4307357
8.150495997010586e+02,8.071002251338162e+02,5.882352941176471e-01,4307361
8.150611392880290e+02,8.036235324956054e+02,1.764705882352941e+00,4307359
8.156754467418059e+02,8.072868680429313e+02,5.882352941176471e-01,4307362
8.168258451703820e+02,8.096254736218658e+02,5.882352941176471e-01,4307364
8.174401526241588e+02,8.102644157819608e+02,5.882352941176471e-01,4307365
8.185905510527349e+02,8.115877617594553e+02,5.882352941176471e-01,4307366
8.203437173481174e+02,8.077065083726538e+02,1.764705882352941e+00,4307363
8.209695643888647e+02,8.119429190562811e+02,1.176470588235294e+00,4307367
8.221084232304704e+02,8.176254480025682e+02,5.882352941176471e-01,4307369
8.238731291128233e+02,8.188473851072546e+02,5.882352941176471e-01,4307371
8.238846686997937e+02,8.147524385674014e+02,1.764705882352941e+00,4307368
8.244989761535706e+02,8.186752478076415e+02,1.176470588235294e+00,4307370
8.263772084099175e+02,8.246125025275646e+02,5.882352941176471e-01,4307373
8.291672467598821e+02,8.204526202061650e+02,1.764705882352941e+00,4307372
8.309319526422351e+02,8.291266622542962e+02,5.882352941176471e-01,4307376
8.318023196208075e+02,8.282729078561016e+02,1.176470588235294e+00,4307374
8.326966585245880e+02,8.301266221531101e+02,5.882352941176471e-01,4307377
8.342332492538840e+02,8.289391316068251e+02,1.764705882352941e+00,4307375
8.342624622995335e+02,8.324977564171806e+02,5.882352941176471e-01,4307378
8.367827755755848e+02,8.350180696932318e+02,5.882352941176471e-01,4307380
8.372364267898615e+02,8.354717209075085e+02,5.882352941176471e-01,4307381
8.385474814579377e+02,8.359724866152942e+02,5.882352941176471e-01,4307382
8.394508518497760e+02,8.341567342027172e+02,1.764705882352941e+00,4307379
8.407560093211471e+02,8.389913034387942e+02,5.882352941176471e-01,4307384
8.407658385545674e+02,8.366414481009374e+02,1.176470588235294e+00,4307383
8.425207152035001e+02,8.407022380220375e+02,5.882352941176471e-01,4307386
8.449047577420848e+02,8.396106400950260e+02,1.764705882352941e+00,4307385
8.454298291109142e+02,8.436651232285613e+02,5.882352941176471e-01,4307388
8.466641215680186e+02,8.413700039209598e+02,1.764705882352941e+00,4307387
8.466694636244377e+02,8.444854187739507e+02,5.882352941176471e-01,4307389
8.474411305586832e+02,8.456764246763303e+02,5.882352941176471e-01,4307390
8.484288274503715e+02,8.463007057882800e+02,5.882352941176471e-01,4307391
8.503703949239135e+02,8.468409831592076e+02,1.176470588235294e+00,4307392
8.510725726563507e+02,8.493078667739978e+02,5.882352941176471e-01,4307394
8.519290265128125e+02,8.483996147481066e+02,1.176470588235294e+00,4307393
8.529006537389959e+02,8.511359478566430e+02,5.882352941176471e-01,4307396
8.536937323951655e+02,8.511398308518440e+02,5.882352941176471e-01,4307397
8.546653596213489e+02,8.518151434242292e+02,5.882352941176471e-01,4307398
8.554584382775184e+02,8.518642853129464e+02,5.882352941176471e-01,4307399
8.560259729958549e+02,8.507318553487960e+02,1.764705882352941e+00,4307395
8.564300655037018e+02,8.527475500291461e+02,5.882352941176471e-01,4307400
8.586331308169936e+02,8.568684249346406e+02,5.882352941176471e-01,4307402
8.614140919908515e+02,8.561199743437927e+02,1.764705882352941e+00,4307401
8.625319817224663e+02,8.572378640754075e+02,1.764705882352941e+00,4307403
8.631787978732044e+02,8.612264472982405e+02,5.882352941176471e-01,4307405
8.642966876048192e+02,8.622056278272121e+02,5.882352941176471e-01,4307406
8.650573268757140e+02,8.597632092286551e+02,1.764705882352941e+00,4307404
8.660844713114863e+02,8.643197654291333e+02,5.882352941176471e-01,4307408
8.687654296084163e+02,8.670007237260634e+02,5.882352941176471e-01,4307409
8.695475062582244e+02,8.642533886111656e+02,1.764705882352941e+00,4307407
8.706913509514824e+02,8.689266450691295e+02,5.882352941176471e-01,4307411
8.713122121405774e+02,8.691974455796004e+02,5.882352941176471e-01,4307412
8.730533204249662e+02,8.677592027779074e+02,1.764705882352941e+00,4307410
8.750466260167901e+02,8.732819201344372e+02,5.882352941176471e-01,4307414
8.759854685985413e+02,8.696994370663175e+02,1.764705882352941e+00,4307413
8.785895572039790e+02,8.732954395569202e+02,1.764705882352941e+00,4307415
8.827063759415508e+02,8.809416700591979e+02,5.882352941176471e-01,4307417
8.836162309982908e+02,8.818515251159378e+02,5.882352941176471e-01,4307418
8.839274425368098e+02,8.786333248897510e+02,1.764705882352941e+00,4307416
8.871075213749666e+02,8.835781096102607e+02,1.176470588235294e+00,4307419
8.877039057482743e+02,8.859391998659214e+02,5.882352941176471e-01,4307420
8.877168379294458e+02,8.859521320470928e+02,5.882352941176471e-01,4307421
8.888722272573195e+02,8.866040777591833e+02,5.882352941176471e-01,4307422
8.894686116306273e+02,8.866539003907841e+02,5.882352941176471e-01,4307423
8.916997324001716e+02,8.899350265178186e+02,5.882352941176471e-01,4307424
8.945384677661209e+02,8.927737618837680e+02,5.882352941176471e-01,4307425
8.975071220975051e+02,8.957424162151521e+02,5.882352941176471e-01,4307426
8.976593922655305e+02,8.958946863831775e+02,5.882352941176471e-01,4307427
9.024566444232607e+02,9.006919385409077e+02,5.882352941176471e-01,4307429
9.057084667350583e+02,9.004143490879995e+02,1.764705882352941e+00,4307428
9.090511791353533e+02,9.037570614882944e+02,1.764705882352941e+00,4307430
9.114623552656007e+02,9.096976493832478e+02,5.882352941176471e-01,4307431
9.139454223149871e+02,9.121807164326342e+02,5.882352941176471e-01,4307433
9.159787447016021e+02,9.106846270545433e+02,1.764705882352941e+00,4307432
9.162178779421015e+02,9.144531720597485e+02,5.882352941176471e-01,4307434
9.171390108749477e+02,9.153743049925947e+02,5.882352941176471e-01,4307435
9.202152089877375e+02,9.184505031053846e+02,5.882352941176471e-01,4307437
9.228999332762658e+02,9.211352273939128e+02,5.882352941176471e-01,4307438
9.229134717650287e+02,9.211487658826758e+02,5.882352941176471e-01,4307439
9.230471845858409e+02,9.177530669387821e+02,1.764705882352941e+00,4307436
9.246781776473817e+02,9.228602716269223e+02,5.882352941176471e-01,4307441
9.248118904681939e+02,9.230156173645562e+02,5.882352941176471e-01,4307442
9.281940509233246e+02,9.222318680280578e+02,1.764705882352941e+00,4307440
9.282075894120875e+02,9.232304707771923e+02,1.176470588235294e+00,4307443
9.296685872493137e+02,9.261391754846078e+02,1.176470588235294e+00,4307444
9.299587568056775e+02,9.263142540968347e+02,5.882352941176471e-01,4307445
9.299722952944405e+02,9.264662387265425e+02,5.882352941176471e-01,4307446
9.322714093585640e+02,9.305067034762110e+02,5.882352941176471e-01,4307449
9.331979990140196e+02,9.266401004536659e+02,1.176470588235294e+00,4307447
9.334881685703834e+02,9.276733898651565e+02,1.176470588235294e+00,4307448
9.340361152409169e+02,9.309931702732523e+02,5.882352941176471e-01,4307450
9.355662866647152e+02,9.338015807823622e+02,5.882352941176471e-01,4307452
9.367274107787255e+02,9.310493959602635e+02,1.176470588235294e+00,4307451
9.377010472667409e+02,9.359363413843880e+02,5.882352941176471e-01,4307454
9.384921166610784e+02,9.365558678502787e+02,5.882352941176471e-01,4307455
9.399783413010343e+02,9.346842236539754e+02,1.764705882352941e+00,4307453
9.425534336787246e+02,9.407887277963717e+02,5.882352941176471e-01,4307457
9.428423378499958e+02,9.410776319676429e+02,5.882352941176471e-01,4307458
9.439128943944866e+02,9.403834826297807e+02,1.176470588235294e+00,4307456
9.460828454434305e+02,9.413760599777307e+02,1.176470588235294e+00,4307459
9.463717496147017e+02,9.416641368838436e+02,1.176470588235294e+00,4307460
9.489894032492622e+02,9.472246973669092e+02,5.882352941176471e-01,4307462
9.492070120415454e+02,9.421862757260820e+02,1.764705882352941e+00,4307461
9.525188150139680e+02,9.487048441679421e+02,1.176470588235294e+00,4307464
9.534127213440616e+02,9.481186036970028e+02,1.764705882352941e+00,4307463
9.542835208963210e+02,9.492391078310293e+02,5.882352941176471e-01,4307466
9.545011296886043e+02,9.489125761223350e+02,1.764705882352941e+00,4307465
9.551774272264146e+02,9.527603951064449e+02,5.882352941176471e-01,4307467
9.560482267786739e+02,9.529289669991988e+02,5.882352941176471e-01,4307468
9.562983255141415e+02,9.545336196317886e+02,5.882352941176471e-01,4307469
9.600071721433788e+02,9.582424662610259e+02,5.882352941176471e-01,4307470
9.603513048417595e+02,9.585865989594065e+02,5.882352941176471e-01,4307471
9.606373285237519e+02,9.588726226413989e+02,5.882352941176471e-01,4307472
9.644220254980912e+02,9.608926137333853e+02,1.176470588235294e+00,4307473
9.661742672657025e+02,9.626448555009967e+02,1.176470588235294e+00,4307475
9.675721810269976e+02,9.622780633799388e+02,1.764705882352941e+00,4307474
9.679983743801828e+02,9.662336684978298e+02,5.882352941176471e-01,4307476
9.722573629953087e+02,9.704926571129557e+02,5.882352941176471e-01,4307477
9.763810594355642e+02,9.710869417885053e+02,1.764705882352941e+00,4307478
9.779705761651046e+02,9.726764585180457e+02,1.764705882352941e+00,4307479
9.823110143711380e+02,9.805463084887850e+02,5.882352941176471e-01,4307481
9.848481262129862e+02,9.795540085659273e+02,1.764705882352941e+00,4307480
9.851786307069204e+02,9.834139248245675e+02,5.882352941176471e-01,4307483
9.859785720136000e+02,9.824491602488941e+02,1.176470588235294e+00,4307482
9.872159110129906e+02,9.854512051306377e+02,5.882352941176471e-01,4307485
9.883775379776920e+02,9.846944382831646e+02,1.176470588235294e+00,4307484
9.901422438600450e+02,9.858661571555256e+02,5.882352941176471e-01,4307488
9.907453227776965e+02,9.857649956647452e+02,1.176470588235294e+00,4307487
9.912726896606588e+02,9.856868935406885e+02,1.764705882352941e+00,4307486
9.919069497423979e+02,9.870738034928442e+02,5.882352941176471e-01,4307489
9.925100286600495e+02,9.874967229306035e+02,5.882352941176471e-01,4307490
9.930373955430118e+02,9.879506879296516e+02,5.882352941176471e-01,4307491
9.936716556247509e+02,9.881770142344589e+02,5.882352941176471e-01,4307492
9.944959775981131e+02,9.927312717157601e+02,5.882352941176471e-01,4307493
9.989308116589901e+02,9.936366940119313e+02,1.764705882352941e+00,4307494
1.001381407375014e+03,9.960872897279551e+02,1.764705882352941e+00,4307495
1.001437701705801e+03,9.961435840587426e+02,1.764705882352941e+00,4307496
1.003646686469521e+03,1.001881980587168e+03,5.882352941176471e-01,4307497
1.004293719218731e+03,1.002529013336378e+03,5.882352941176471e-01,4307498
1.006459353978657e+03,1.004694648096304e+03,5.882352941176471e-01,4307500
1.008243227581045e+03,1.002949109933987e+03,1.764705882352941e+00,4307499
1.012318053612496e+03,1.010553347730143e+03,5.882352941176471e-01,4307501
1.014903836707417e+03,1.011374424942711e+03,1.176470588235294e+00,4307502
1.018795474519712e+03,1.017030768637359e+03,5.882352941176471e-01,4307505
1.019657048115571e+03,1.014362930468512e+03,1.764705882352941e+00,4307503
1.019844005246077e+03,1.016314593481371e+03,1.176470588235294e+00,4307504
1.020560180402065e+03,1.017255987611824e+03,5.882352941176471e-01,4307506
1.021421753997924e+03,1.018295811698745e+03,5.882352941176471e-01,4307507
1.021608711128430e+03,1.019082728287806e+03,5.882352941176471e-01,4307508
1.025171303651986e+03,1.023406597769633e+03,5.882352941176471e-01,4307510
1.025854298049124e+03,1.019567377062509e+03,1.764705882352941e+00,4307509
1.027842191054328e+03,1.024312779289622e+03,1.176470588235294e+00,4307511
1.028547080835442e+03,1.026782374953089e+03,5.882352941176471e-01,4307513
1.030465421299045e+03,1.024775295669457e+03,1.764705882352941e+00,4307512
1.033885623331235e+03,1.032120917448882e+03,5.882352941176471e-01,4307514
1.038172024011306e+03,1.032877906364247e+03,1.764705882352941e+00,4307515
1.039604795115340e+03,1.034310677468281e+03,1.764705882352941e+00,4307516
1.040909779054956e+03,1.039145073172603e+03,5.882352941176471e-01,4307517
1.041160483441232e+03,1.039395777558879e+03,5.882352941176471e-01,4307518
1.045751019315068e+03,1.043986313432715e+03,5.882352941176471e-01,4307519
1.046788558963865e+03,1.045023853081512e+03,5.882352941176471e-01,4307521
1.047553158457008e+03,1.044023746692302e+03,1.176470588235294e+00,4307520
1.048759968057778e+03,1.046995262175426e+03,5.882352941176471e-01,4307523
1.051045136962127e+03,1.045078063362672e+03,1.764705882352941e+00,4307522
1.052541953460872e+03,1.049012541696166e+03,1.176470588235294e+00,4307524
1.054597114710353e+03,1.049302997063294e+03,1.764705882352941e+00,4307525
1.056182946372245e+03,1.054418240489892e+03,5.882352941176471e-01,4307527
1.057042141089359e+03,1.051748023442300e+03,1.764705882352941e+00,4307526
1.058895533636060e+03,1.057130827753708e+03,5.882352941176471e-01,4307528
1.060335776693681e+03,1.058571070811328e+03,5.882352941176471e-01,4307530
1.060660239518413e+03,1.058676753521623e+03,5.882352941176471e-01,4307531
1.062100482576034e+03,1.058822981567778e+03,5.882352941176471e-01,4307532
1.062595740491127e+03,1.057301622844068e+03,1.764705882352941e+00,4307529
1.064360446373480e+03,1.061134240588136e+03,5.882352941176471e-01,4307535
1.065954357165472e+03,1.060419637773083e+03,1.764705882352941e+00,4307533
1.066125152255833e+03,1.062071661917837e+03,5.882352941176471e-01,4307536
1.067394600223093e+03,1.060601626087557e+03,1.764705882352941e+00,4307534
1.067889858138186e+03,1.065777941899467e+03,5.882352941176471e-01,4307538
1.069159306105446e+03,1.067002015566664e+03,5.882352941176471e-01,4307539
1.069654564020539e+03,1.067294149698672e+03,5.882352941176471e-01,4307540
1.070924011987799e+03,1.067422125997521e+03,5.882352941176471e-01,4307541
1.071248474812531e+03,1.065458783962724e+03,1.764705882352941e+00,4307537
1.071419269902891e+03,1.067784079849759e+03,5.882352941176471e-01,4307542
1.074453423752505e+03,1.068289321317465e+03,1.176470588235294e+00,4307543
1.076218129634858e+03,1.074223603613169e+03,5.882352941176471e-01,4307546
1.076542592459590e+03,1.070324055527682e+03,1.764705882352941e+00,4307544
1.077848095596850e+03,1.072553977949791e+03,1.764705882352941e+00,4307545
1.085974734962223e+03,1.084210029079870e+03,5.882352941176471e-01,4307547
1.087407888409563e+03,1.085643182527210e+03,5.882352941176471e-01,4307549
1.088987124129032e+03,1.087222418246679e+03,5.882352941176471e-01,4307550
1.089566385066823e+03,1.084272267419765e+03,1.764705882352941e+00,4307548
1.094759422820303e+03,1.092994716937950e+03,5.882352941176471e-01,4307551
1.097168192436149e+03,1.095403486553796e+03,5.882352941176471e-01,4307553
1.098753266536942e+03,1.095223854772236e+03,1.176470588235294e+00,4307552
1.099733590231280e+03,1.097968884348928e+03,5.882352941176471e-01,4307555
1.102755998031625e+03,1.097461880384566e+03,1.764705882352941e+00,4307554
1.104047384184000e+03,1.098021969249990e+03,1.764705882352941e+00,4307556
1.104520703913978e+03,1.100348932750989e+03,5.882352941176471e-01,4307558
1.105027707878339e+03,1.099556493824885e+03,1.764705882352941e+00,4307557
1.105812090066353e+03,1.100440044130650e+03,5.882352941176471e-01,4307559
1.107576795948706e+03,1.104213261493277e+03,5.882352941176471e-01,4307562
1.108557119643045e+03,1.101581713439208e+03,1.176470588235294e+00,4307561
1.109341501831059e+03,1.105200021539353e+03,5.882352941176471e-01,4307563
1.109814821561037e+03,1.101121576104668e+03,1.764705882352941e+00,4307560
1.110321825525398e+03,1.105366050498963e+03,5.882352941176471e-01,4307564
1.112870913595765e+03,1.105663187552395e+03,1.176470588235294e+00,4307565
1.115108939208096e+03,1.106136097309013e+03,1.764705882352941e+00,4307566
1.115615943172457e+03,1.109599217427160e+03,1.764705882352941e+00,4307567
1.116873645090449e+03,1.109985574934612e+03,5.882352941176471e-01,4307569
1.117380649054810e+03,1.110533363747844e+03,5.882352941176471e-01,4307570
1.118165031242824e+03,1.109848026093001e+03,1.764705882352941e+00,4307568
1.118638350972801e+03,1.111305885926626e+03,5.882352941176471e-01,4307571
1.119929737125177e+03,1.113857855668087e+03,5.882352941176471e-01,4307573
1.120403056855154e+03,1.113961056864866e+03,5.882352941176471e-01,4307574
1.122167762737507e+03,1.114934922213378e+03,5.882352941176471e-01,4307576
1.122674766701869e+03,1.111921895835267e+03,1.764705882352941e+00,4307572
1.124439472584222e+03,1.116555197479767e+03,5.882352941176471e-01,4307578
1.125223854772236e+03,1.114573865933829e+03,1.764705882352941e+00,4307575
1.126204178466575e+03,1.120429230295537e+03,5.882352941176471e-01,4307579
1.126988560654589e+03,1.122662413315084e+03,5.882352941176471e-01,4307580
1.127461880384566e+03,1.116328980055942e+03,1.764705882352941e+00,4307577
1.131294077488754e+03,1.129529371606401e+03,5.882352941176471e-01,4307583
1.131877071360508e+03,1.128347659595802e+03,1.176470588235294e+00,4307581
1.133058783371107e+03,1.130626709606690e+03,5.882352941176471e-01,4307584
1.133894894046610e+03,1.132130188164257e+03,5.882352941176471e-01,4307585
1.133909516797942e+03,1.128615399150883e+03,1.764705882352941e+00,4307582
1.137794289882603e+03,1.134264878117897e+03,1.176470588235294e+00,4307586
1.138102407219946e+03,1.136337701337593e+03,5.882352941176471e-01,4307587
1.139605880376848e+03,1.137841174494495e+03,5.882352941176471e-01,4307588
1.143642991783504e+03,1.141878285901151e+03,5.882352941176471e-01,4307591
1.144233605292582e+03,1.138939487645523e+03,1.764705882352941e+00,4307589
1.145003628153379e+03,1.141474216388673e+03,1.176470588235294e+00,4307590
1.146768334035732e+03,1.144029129727561e+03,5.882352941176471e-01,4307594
1.147172403548210e+03,1.142452022829618e+03,1.176470588235294e+00,4307592
1.148937109430563e+03,1.146267429778820e+03,5.882352941176471e-01,4307596
1.149527722939641e+03,1.142495399013231e+03,1.764705882352941e+00,4307593
1.150701815312916e+03,1.146382379059421e+03,5.882352941176471e-01,4307597
1.151292428821994e+03,1.147375079978174e+03,5.882352941176471e-01,4307598
1.152062451682791e+03,1.145609231159239e+03,1.764705882352941e+00,4307595
1.152466521195269e+03,1.147486558107108e+03,5.882352941176471e-01,4307599
1.153057134704347e+03,1.150831772927761e+03,5.882352941176471e-01,4307600
1.155995932959975e+03,1.151642382001562e+03,1.176470588235294e+00,4307602
1.157356569329850e+03,1.150874314964708e+03,1.764705882352941e+00,4307601
1.159795212467920e+03,1.154501094820861e+03,1.764705882352941e+00,4307603
1.161290050607033e+03,1.155394019175725e+03,1.764705882352941e+00,4307604
1.162650686976909e+03,1.156273342269866e+03,1.764705882352941e+00,4307605
1.163054756489386e+03,1.157953800226510e+03,5.882352941176471e-01,4307607
1.164415392859261e+03,1.158474236553800e+03,5.882352941176471e-01,4307608
1.164819462371739e+03,1.160545253998069e+03,5.882352941176471e-01,4307609
1.165089330114978e+03,1.157360080906052e+03,1.764705882352941e+00,4307606
1.166180098741614e+03,1.161361201205477e+03,5.882352941176471e-01,4307610
1.166854035997331e+03,1.162080491392074e+03,5.882352941176471e-01,4307612
1.167944804623967e+03,1.164685163227433e+03,5.882352941176471e-01,4307613
1.168618741879684e+03,1.164895167868685e+03,5.882352941176471e-01,4307614
1.169709510506320e+03,1.165080414409736e+03,5.882352941176471e-01,4307615
1.170113580018798e+03,1.161420210715307e+03,1.764705882352941e+00,4307611
1.173912859526743e+03,1.167891858765307e+03,1.764705882352941e+00,4307616
1.175003628153379e+03,1.168596532481210e+03,1.764705882352941e+00,4307617
1.175407697665857e+03,1.169460994200202e+03,1.764705882352941e+00,4307618
1.176768334035732e+03,1.170809290533305e+03,5.882352941176471e-01,4307620
1.177442271291449e+03,1.169561502624770e+03,1.176470588235294e+00,4307619
1.179206977173802e+03,1.175142891286624e+03,5.882352941176471e-01,4307623
1.180701815312916e+03,1.174665751582452e+03,1.764705882352941e+00,4307621
1.180971683056155e+03,1.176944869174791e+03,5.882352941176471e-01,4307624
1.182062451682791e+03,1.174832178930364e+03,1.764705882352941e+00,4307622
1.182466521195269e+03,1.180576536593161e+03,5.882352941176471e-01,4307625
1.185782952646381e+03,1.184018246764028e+03,5.882352941176471e-01,4307626
1.186607204678053e+03,1.184842498795700e+03,5.882352941176471e-01,4307627
1.188692336929029e+03,1.186927631046676e+03,5.882352941176471e-01,4307629
1.191140297004428e+03,1.185846179357369e+03,1.764705882352941e+00,4307628
1.191303086374863e+03,1.189538380492510e+03,5.882352941176471e-01,4307630
1.192905002886781e+03,1.190063600024815e+03,5.882352941176471e-01,4307632
1.193067792257216e+03,1.190685485851850e+03,5.882352941176471e-01,4307633
1.193163473353922e+03,1.189634061589216e+03,1.176470588235294e+00,4307631
1.194832498139569e+03,1.191316959044299e+03,5.882352941176471e-01,4307635
1.196098193252612e+03,1.194333487370259e+03,5.882352941176471e-01,4307636
1.196434414651486e+03,1.191056556764153e+03,1.176470588235294e+00,4307634
1.197862899134965e+03,1.195649103498315e+03,5.882352941176471e-01,4307638
1.200126615786628e+03,1.194650146147061e+03,1.764705882352941e+00,4307637
1.201291653577067e+03,1.199526947694714e+03,5.882352941176471e-01,4307640
1.202813441763019e+03,1.197519324115960e+03,1.764705882352941e+00,4307639
1.205153351163828e+03,1.201623939399122e+03,1.176470588235294e+00,4307641
1.206918057046181e+03,1.203890643458450e+03,5.882352941176471e-01,4307644
1.208110623504087e+03,1.202816505857028e+03,1.764705882352941e+00,4307642
1.208183332893472e+03,1.202889215246413e+03,1.764705882352941e+00,4307643
1.208682762928534e+03,1.203926509117235e+03,5.882352941176471e-01,4307645
1.209875329386440e+03,1.205542776842640e+03,5.882352941176471e-01,4307646
1.209948038775825e+03,1.206651444289955e+03,5.882352941176471e-01,4307647
1.210447468810887e+03,1.207539715599712e+03,5.882352941176471e-01,4307648
1.212736092477415e+03,1.210971386595062e+03,5.882352941176471e-01,4307649
1.214784583770128e+03,1.213019877887775e+03,5.882352941176471e-01,4307651
1.217353593503675e+03,1.213824181738969e+03,1.176470588235294e+00,4307652
1.218001704874339e+03,1.212707587227280e+03,1.764705882352941e+00,4307650
1.219118299386028e+03,1.214416828375147e+03,5.882352941176471e-01,4307654
1.220078701417186e+03,1.214243884432253e+03,1.764705882352941e+00,4307653
1.220883005268381e+03,1.216741129603635e+03,5.882352941176471e-01,4307656
1.222647711150734e+03,1.217318978343257e+03,5.882352941176471e-01,4307658
1.223295822521398e+03,1.216620661447315e+03,1.764705882352941e+00,4307655
1.224412417033087e+03,1.218534606977724e+03,5.882352941176471e-01,4307659
1.225372819064245e+03,1.217313944742921e+03,1.764705882352941e+00,4307657
1.226177122915440e+03,1.220271334532596e+03,5.882352941176471e-01,4307661
1.227941828797793e+03,1.220798852476529e+03,5.882352941176471e-01,4307663
1.228589940168457e+03,1.220082252108167e+03,1.764705882352941e+00,4307660
1.229706534680146e+03,1.221541051618241e+03,5.882352941176471e-01,4307664
1.230666936711304e+03,1.220792479534207e+03,1.764705882352941e+00,4307662
1.232431642593657e+03,1.229338277969383e+03,5.882352941176471e-01,4307667
1.233884057815515e+03,1.224954546527274e+03,1.764705882352941e+00,4307665
1.235000652327205e+03,1.229011068014454e+03,1.764705882352941e+00,4307666
1.236773306681959e+03,1.235008600799606e+03,5.882352941176471e-01,4307669
1.237725760240716e+03,1.231492327939800e+03,1.764705882352941e+00,4307668
1.237922985862005e+03,1.236158279979652e+03,5.882352941176471e-01,4307670
1.241584032607698e+03,1.238054620842992e+03,1.176470588235294e+00,4307672
1.243049799091158e+03,1.239520387326452e+03,1.176470588235294e+00,4307673
1.243225295034289e+03,1.237931177387231e+03,1.764705882352941e+00,4307671
1.243348738490051e+03,1.240054345136121e+03,5.882352941176471e-01,4307674
1.244814504973511e+03,1.240068839572990e+03,5.882352941176471e-01,4307675
1.246579210855864e+03,1.241336460108783e+03,5.882352941176471e-01,4307678
1.246878150254757e+03,1.241252439796035e+03,1.176470588235294e+00,4307677
1.248343916738217e+03,1.242275654737549e+03,5.882352941176471e-01,4307679
1.248519412681348e+03,1.241029010646800e+03,1.764705882352941e+00,4307676
1.250284118563701e+03,1.244750943279214e+03,5.882352941176471e-01,4307682
1.251873328502923e+03,1.244275522798760e+03,1.176470588235294e+00,4307681
1.252048824446054e+03,1.245857054303241e+03,5.882352941176471e-01,4307683
1.252172267901815e+03,1.243586609248650e+03,1.764705882352941e+00,4307680
1.253638034385276e+03,1.246266443100975e+03,5.882352941176471e-01,4307684
1.255578236210760e+03,1.250155955619391e+03,1.176470588235294e+00,4307685
1.259005299855206e+03,1.257240593972853e+03,5.882352941176471e-01,4307686
1.262798481317601e+03,1.257504363670542e+03,1.764705882352941e+00,4307687
1.263213102857333e+03,1.261448396974980e+03,5.882352941176471e-01,4307688
1.263292461894198e+03,1.261527756011845e+03,5.882352941176471e-01,4307689
1.264563187199954e+03,1.262167616102851e+03,5.882352941176471e-01,4307690
1.266327893082307e+03,1.264368299750257e+03,5.882352941176471e-01,4307693
1.266742514622039e+03,1.262661834680651e+03,1.176470588235294e+00,4307691
1.268092598964659e+03,1.265827071483724e+03,5.882352941176471e-01,4307694
1.268586579541257e+03,1.262803485409659e+03,1.764705882352941e+00,4307692
1.273830420748043e+03,1.272065714865690e+03,5.882352941176471e-01,4307695
1.279870896256264e+03,1.278106190373911e+03,5.882352941176471e-01,4307697
1.281063337012051e+03,1.275769219364992e+03,1.764705882352941e+00,4307696
1.281250095191546e+03,1.279485389309193e+03,5.882352941176471e-01,4307698
1.284096172963134e+03,1.282331467080781e+03,5.882352941176471e-01,4307700
1.284309499578688e+03,1.282544793696336e+03,5.882352941176471e-01,4307701
1.286116323200775e+03,1.284351617318422e+03,5.882352941176471e-01,4307703
1.286521307886520e+03,1.281227190239461e+03,1.764705882352941e+00,4307699
1.289616904000721e+03,1.284322786353663e+03,1.764705882352941e+00,4307702
1.292631353087083e+03,1.287337235440024e+03,1.764705882352941e+00,4307704
1.294182513091419e+03,1.288888395444360e+03,1.764705882352941e+00,4307705
1.294911021647780e+03,1.289029667362268e+03,1.764705882352941e+00,4307706
1.295947218973772e+03,1.289712210998915e+03,5.882352941176471e-01,4307708
1.297711924856125e+03,1.292262842831894e+03,5.882352941176471e-01,4307710
1.297925470734141e+03,1.289251793199386e+03,1.764705882352941e+00,4307707
1.299476630738478e+03,1.292445598112788e+03,5.882352941176471e-01,4307711
1.300205139294839e+03,1.289745149673907e+03,1.764705882352941e+00,4307709
1.300565361682414e+03,1.298800655800061e+03,5.882352941176471e-01,4307712
1.302133391859824e+03,1.300368685977471e+03,5.882352941176471e-01,4307713
1.306438708441984e+03,1.304674002559631e+03,5.882352941176471e-01,4307716
1.308203414324337e+03,1.306258462579985e+03,5.882352941176471e-01,4307717
1.309210855783904e+03,1.303916738136845e+03,1.764705882352941e+00,4307714
1.309834068777432e+03,1.304539951130373e+03,1.764705882352941e+00,4307715
1.309968120206689e+03,1.307058445366245e+03,5.882352941176471e-01,4307718
1.315224024977029e+03,1.313459319094676e+03,5.882352941176471e-01,4307720
1.315678946487388e+03,1.313914240605035e+03,5.882352941176471e-01,4307721
1.318241594625929e+03,1.312947476978870e+03,1.764705882352941e+00,4307719
1.319208358252094e+03,1.314472009827822e+03,1.176470588235294e+00,4307723
1.320006300508282e+03,1.314888570820002e+03,5.882352941176471e-01,4307724
1.320518142624088e+03,1.314187356667904e+03,1.764705882352941e+00,4307722
1.322737770016799e+03,1.315973358934538e+03,1.176470588235294e+00,4307725
1.324047554388794e+03,1.319309337226490e+03,1.176470588235294e+00,4307727
1.324502475899152e+03,1.321423840116393e+03,5.882352941176471e-01,4307728
1.325300418155341e+03,1.317204718527877e+03,1.764705882352941e+00,4307726
1.327065124037693e+03,1.323859162680420e+03,5.882352941176471e-01,4307731
1.328829829920046e+03,1.324033857856787e+03,5.882352941176471e-01,4307732
1.329341672035852e+03,1.322537792716541e+03,1.764705882352941e+00,4307729
1.329796593546211e+03,1.323094741669513e+03,1.764705882352941e+00,4307730
1.330594535802399e+03,1.325246090744321e+03,5.882352941176471e-01,4307733
1.331106377918205e+03,1.327810056401259e+03,5.882352941176471e-01,4307734
1.333326005310917e+03,1.328740375906176e+03,1.176470588235294e+00,4307735
1.335888653449458e+03,1.329869183849108e+03,1.764705882352941e+00,4307736
1.337335125921790e+03,1.332041008274732e+03,1.764705882352941e+00,4307737
1.337653359331811e+03,1.334650570514534e+03,5.882352941176471e-01,4307739
1.338862725594998e+03,1.333568607947940e+03,1.764705882352941e+00,4307738
1.340740210979287e+03,1.338975505096934e+03,5.882352941176471e-01,4307740
1.343660601991796e+03,1.341895896109443e+03,5.882352941176471e-01,4307742
1.343749954427338e+03,1.341985248544985e+03,5.882352941176471e-01,4307743
1.346628497843625e+03,1.341334380196566e+03,1.764705882352941e+00,4307741
1.351657923099343e+03,1.349893217216990e+03,5.882352941176471e-01,4307744
1.353535826953953e+03,1.351771121071600e+03,5.882352941176471e-01,4307745
1.354295634105282e+03,1.352530928222929e+03,5.882352941176471e-01,4307746
1.356929980350307e+03,1.355165274467954e+03,5.882352941176471e-01,4307747
1.357799241750763e+03,1.356034535868410e+03,5.882352941176471e-01,4307748
1.360524877744396e+03,1.358760171862043e+03,5.882352941176471e-01,4307750
1.363647756790576e+03,1.358353639143517e+03,1.764705882352941e+00,4307749
1.367324616743557e+03,1.365559910861204e+03,5.882352941176471e-01,4307753
1.367664220561849e+03,1.364134808797143e+03,1.176470588235294e+00,4307752
1.368475979340265e+03,1.363181861693206e+03,1.764705882352941e+00,4307751
1.369732767595731e+03,1.367968061713378e+03,5.882352941176471e-01,4307754
1.370075393105644e+03,1.368310687223291e+03,5.882352941176471e-01,4307755
1.372341078648359e+03,1.370576372766006e+03,5.882352941176471e-01,4307756
1.374090290766939e+03,1.372325584884586e+03,5.882352941176471e-01,4307758
1.375848214078233e+03,1.374083508195880e+03,5.882352941176471e-01,4307759
1.376476414397135e+03,1.371182296750076e+03,1.764705882352941e+00,4307757
1.376679137688970e+03,1.374914431806617e+03,5.882352941176471e-01,4307760
1.381142331725292e+03,1.374971873189929e+03,1.764705882352941e+00,4307761
1.383537948965686e+03,1.380008537200980e+03,1.176470588235294e+00,4307762
1.387989638608354e+03,1.386224932726001e+03,5.882352941176471e-01,4307764
1.388855657237314e+03,1.387090951354961e+03,5.882352941176471e-01,4307765
1.389754344490707e+03,1.387446379100143e+03,5.882352941176471e-01,4307766
1.390471822129101e+03,1.385177704482042e+03,1.764705882352941e+00,4307763
1.390620363119667e+03,1.388065035689548e+03,5.882352941176471e-01,4307767
1.391519050373060e+03,1.389215492156886e+03,5.882352941176471e-01,4307768
1.395443966191821e+03,1.393679260309468e+03,5.882352941176471e-01,4307770
1.396459763601010e+03,1.391165645953951e+03,1.764705882352941e+00,4307769
1.399527094784570e+03,1.397762388902217e+03,5.882352941176471e-01,4307771
1.401282890530149e+03,1.399518184647796e+03,5.882352941176471e-01,4307772
1.403561633068944e+03,1.401796927186591e+03,5.882352941176471e-01,4307774
1.403871523919120e+03,1.400342112154414e+03,1.176470588235294e+00,4307773
1.407440458450710e+03,1.405675752568357e+03,5.882352941176471e-01,4307776
1.408132085133301e+03,1.402837967486243e+03,1.764705882352941e+00,4307775
1.412769591141779e+03,1.411004885259426e+03,5.882352941176471e-01,4307777
1.413826591936089e+03,1.412061886053736e+03,5.882352941176471e-01,4307778
1.416538019711461e+03,1.414773313829108e+03,5.882352941176471e-01,4307779
1.416604043943599e+03,1.414839338061246e+03,5.882352941176471e-01,4307780
1.420536175160723e+03,1.418771469278370e+03,5.882352941176471e-01,4307781
1.421869278489446e+03,1.420104572607093e+03,5.882352941176471e-01,4307783
1.424081479056580e+03,1.418787361409521e+03,1.764705882352941e+00,4307782
1.425830292807781e+03,1.420198406998463e+03,1.764705882352941e+00,4307784
1.425846184938932e+03,1.421224463504284e+03,5.882352941176471e-01,4307786
1.427163396136505e+03,1.420743011046897e+03,1.764705882352941e+00,4307785
1.427594998690134e+03,1.422243238771877e+03,5.882352941176471e-01,4307787
1.428928102018858e+03,1.423474091451449e+03,5.882352941176471e-01,4307789
1.431140302585991e+03,1.422454512254289e+03,1.764705882352941e+00,4307788
1.432889116337193e+03,1.423662916123986e+03,1.764705882352941e+00,4307790
1.432905008468344e+03,1.426716382403852e+03,5.882352941176471e-01,4307792
1.434222219665917e+03,1.424465281566301e+03,1.764705882352941e+00,4307791
1.434669714350697e+03,1.429710974377904e+03,5.882352941176471e-01,4307794
1.436418528101899e+03,1.426835455563862e+03,1.176470588235294e+00,4307793
1.436434420233050e+03,1.430574097625772e+03,5.882352941176471e-01,4307796
1.437751631430623e+03,1.429844185879892e+03,1.176470588235294e+00,4307795
1.441597807911555e+03,1.439833102029202e+03,5.882352941176471e-01,4307799
1.441712645748958e+03,1.432739161526777e+03,1.764705882352941e+00,4307797
1.441728537880109e+03,1.434660811154585e+03,1.764705882352941e+00,4307798
1.443362513793908e+03,1.440832236067269e+03,5.882352941176471e-01,4307800
1.449807837981353e+03,1.444513720334294e+03,1.764705882352941e+00,4307801
1.450129269474888e+03,1.448364563592535e+03,5.882352941176471e-01,4307802
1.456081616244797e+03,1.452552204480091e+03,1.176470588235294e+00,4307803
1.458531559747438e+03,1.453237442100379e+03,1.764705882352941e+00,4307804
1.463389297205866e+03,1.458095179558807e+03,1.764705882352941e+00,4307805
1.464335029713983e+03,1.462570323831630e+03,5.882352941176471e-01,4307806
1.464572522030057e+03,1.462807816147704e+03,5.882352941176471e-01,4307807
1.468173690246842e+03,1.466408984364489e+03,5.882352941176471e-01,4307808
1.470833036986900e+03,1.469068331104547e+03,5.882352941176471e-01,4307809
1.471405616008123e+03,1.469640910125770e+03,5.882352941176471e-01,4307810
1.473273667053427e+03,1.471508961171074e+03,5.882352941176471e-01,4307811
1.478536341768515e+03,1.476771635886162e+03,5.882352941176471e-01,4307812
1.478782654092610e+03,1.477017948210257e+03,5.882352941176471e-01,4307813
1.479339632479786e+03,1.477574926597433e+03,5.882352941176471e-01,4307814
1.484710818586862e+03,1.482946112704509e+03,5.882352941176471e-01,4307816
1.485767218175159e+03,1.484002512292806e+03,5.882352941176471e-01,4307817
1.487625387196762e+03,1.482331269549704e+03,1.764705882352941e+00,4307815
1.488880376026670e+03,1.487115670144317e+03,5.882352941176471e-01,4307818
1.489963990097227e+03,1.488199284214874e+03,5.882352941176471e-01,4307819
1.491034619295086e+03,1.489269913412733e+03,5.882352941176471e-01,4307820
1.493740064347520e+03,1.491975358465167e+03,5.882352941176471e-01,4307821
1.494125518073236e+03,1.492360812190883e+03,5.882352941176471e-01,4307822
1.500706268719814e+03,1.498941562837461e+03,5.882352941176471e-01,4307824
1.502546332181512e+03,1.500781626299159e+03,5.882352941176471e-01,4307826
1.503423939346008e+03,1.498129821698949e+03,1.764705882352941e+00,4307823
1.504536656524831e+03,1.499242538877772e+03,1.764705882352941e+00,4307825
1.505911875361201e+03,1.504147169478848e+03,5.882352941176471e-01,4307828
1.507676581243554e+03,1.505784719921002e+03,5.882352941176471e-01,4307830
1.507840449828570e+03,1.500970681877275e+03,1.764705882352941e+00,4307827
1.509605155710923e+03,1.506332361837676e+03,5.882352941176471e-01,4307832
1.510320658365995e+03,1.505026540718936e+03,1.764705882352941e+00,4307829
1.511369861593276e+03,1.507532994876086e+03,5.882352941176471e-01,4307833
1.512085364248348e+03,1.508067470224819e+03,5.882352941176471e-01,4307834
1.512970698890613e+03,1.505878428241080e+03,1.764705882352941e+00,4307831
1.513134567475629e+03,1.509503420990832e+03,5.882352941176471e-01,4307835
1.513850070130701e+03,1.509813055908235e+03,5.882352941176471e-01,4307836
1.514735404772966e+03,1.511343671158340e+03,5.882352941176471e-01,4307837
1.514899273357982e+03,1.512397740698356e+03,5.882352941176471e-01,4307838
1.515614776013054e+03,1.513823239114501e+03,5.882352941176471e-01,4307839
1.516500110655319e+03,1.513908176323782e+03,5.882352941176471e-01,4307840
1.516663979240335e+03,1.514601517911341e+03,5.882352941176471e-01,4307841
1.518892040406654e+03,1.517127334524301e+03,5.882352941176471e-01,4307843
1.519619692593860e+03,1.517854986711507e+03,5.882352941176471e-01,4307844
1.519626052662196e+03,1.516096640897490e+03,1.176470588235294e+00,4307842
1.522684588988923e+03,1.520919883106570e+03,5.882352941176471e-01,4307846
1.522981494884478e+03,1.521216789002125e+03,5.882352941176471e-01,4307847
1.524186158053713e+03,1.518763772435614e+03,1.764705882352941e+00,4307845
1.524449294871276e+03,1.521344321007367e+03,5.882352941176471e-01,4307848
1.524746200766831e+03,1.522669946223248e+03,5.882352941176471e-01,4307849
1.528717633315701e+03,1.526952927433348e+03,5.882352941176471e-01,4307851
1.530525564441099e+03,1.528760858558746e+03,5.882352941176471e-01,4307852
1.531275008898892e+03,1.525980891251834e+03,1.764705882352941e+00,4307850
1.535252425734685e+03,1.533487719852332e+03,5.882352941176471e-01,4307853
1.536316813119092e+03,1.534552107236739e+03,5.882352941176471e-01,4307854
1.538066753204703e+03,1.536302047322351e+03,5.882352941176471e-01,4307855
1.539445967615710e+03,1.537681261733357e+03,5.882352941176471e-01,4307856
1.544334545100266e+03,1.542569839217913e+03,5.882352941176471e-01,4307857
1.549186349463362e+03,1.543892231816303e+03,1.764705882352941e+00,4307858
1.552007252312947e+03,1.546713134665889e+03,1.764705882352941e+00,4307859
1.552084441591995e+03,1.550319735709642e+03,5.882352941176471e-01,4307860
1.554898780102898e+03,1.553134074220545e+03,5.882352941176471e-01,4307861
1.558536604934000e+03,1.556771899051648e+03,5.882352941176471e-01,4307862
1.561420344509742e+03,1.559655638627389e+03,5.882352941176471e-01,4307863
1.561981313246174e+03,1.560216607363821e+03,5.882352941176471e-01,4307864
1.562846558654712e+03,1.561081852772359e+03,5.882352941176471e-01,4307865
1.563746019128527e+03,1.561597962148373e+03,5.882352941176471e-01,4307867
1.566714462156801e+03,1.561124926520777e+03,1.764705882352941e+00,4307866
1.567275430893233e+03,1.563489974689747e+03,1.176470588235294e+00,4307869
1.568140676301771e+03,1.562710569754827e+03,1.764705882352941e+00,4307868
1.568479168039154e+03,1.563896046410965e+03,5.882352941176471e-01,4307870
1.569040136775586e+03,1.564590010526438e+03,5.882352941176471e-01,4307871
1.569905382184124e+03,1.567138802882891e+03,5.882352941176471e-01,4307872
1.573490032122321e+03,1.569960620357615e+03,1.176470588235294e+00,4307873
1.576202443204355e+03,1.570908325557297e+03,1.764705882352941e+00,4307874
1.576769387214428e+03,1.575004681332075e+03,5.882352941176471e-01,4307876
1.578294245080647e+03,1.573000127433588e+03,1.764705882352941e+00,4307875
1.581496560851414e+03,1.575500171647158e+03,1.764705882352941e+00,4307877
1.583272862124147e+03,1.577978744477089e+03,1.764705882352941e+00,4307878
1.583588362727705e+03,1.578058653906806e+03,1.764705882352941e+00,4307879
1.585037568006500e+03,1.580057775805754e+03,5.882352941176471e-01,4307881
1.585353068610058e+03,1.582414786321193e+03,5.882352941176471e-01,4307882
1.586790678498473e+03,1.578326808596367e+03,1.764705882352941e+00,4307880
1.588555384380826e+03,1.584617060369601e+03,5.882352941176471e-01,4307885
1.590320090263179e+03,1.584722674076519e+03,5.882352941176471e-01,4307886
1.590331685653559e+03,1.582673440539947e+03,1.764705882352941e+00,4307883
1.590647186257117e+03,1.583375421689253e+03,1.764705882352941e+00,4307884
1.592096391535912e+03,1.586502836162352e+03,5.882352941176471e-01,4307888
1.592411892139470e+03,1.587088220373567e+03,5.882352941176471e-01,4307889
1.593861097418265e+03,1.587237693013910e+03,5.882352941176471e-01,4307890
1.594176598021823e+03,1.587300051633407e+03,5.882352941176471e-01,4307891
1.595614207910238e+03,1.586370486200999e+03,1.764705882352941e+00,4307887
1.595625803300618e+03,1.587333917540004e+03,5.882352941176471e-01,4307892
1.597378913792591e+03,1.593037606674863e+03,5.882352941176471e-01,4307894
1.597390509182971e+03,1.593282222887098e+03,5.882352941176471e-01,4307895
1.599143619674944e+03,1.593629923386193e+03,5.882352941176471e-01,4307896
1.599155215065324e+03,1.595934751111770e+03,5.882352941176471e-01,4307897
1.599470715668882e+03,1.591514628305382e+03,1.764705882352941e+00,4307893
1.600908325557297e+03,1.596253911944043e+03,5.882352941176471e-01,4307898
1.600919920947677e+03,1.599132321796137e+03,5.882352941176471e-01,4307899
1.601508251472822e+03,1.599743545590469e+03,5.882352941176471e-01,4307900
1.602673031439650e+03,1.599922002621776e+03,5.882352941176471e-01,4307901
1.603730374659783e+03,1.601965668777430e+03,5.882352941176471e-01,4307903
1.606244228499829e+03,1.600950110852770e+03,1.764705882352941e+00,4307902
1.608435741290555e+03,1.604906329525849e+03,1.176470588235294e+00,4307905
1.608550424696593e+03,1.603256307049534e+03,1.764705882352941e+00,4307904
1.611538346146887e+03,1.605174979264321e+03,1.764705882352941e+00,4307906
1.613729858937614e+03,1.608094960700189e+03,1.764705882352941e+00,4307907
1.615067757911593e+03,1.611422179345331e+03,1.176470588235294e+00,4307909
1.615494564819967e+03,1.611663908424934e+03,5.882352941176471e-01,4307910
1.615746874202993e+03,1.610452756555934e+03,1.764705882352941e+00,4307908
1.616832463793946e+03,1.613348007622278e+03,5.882352941176471e-01,4307911
1.617259270702320e+03,1.614269351148032e+03,5.882352941176471e-01,4307912
1.619490830521300e+03,1.617726124638947e+03,5.882352941176471e-01,4307913
1.619842684608218e+03,1.618077978725865e+03,5.882352941176471e-01,4307914
1.623509738647264e+03,1.621745032764911e+03,5.882352941176471e-01,4307917
1.624671033567416e+03,1.619376915920357e+03,1.764705882352941e+00,4307915
1.624937438665022e+03,1.621408026900316e+03,1.176470588235294e+00,4307916
1.626435739449769e+03,1.624131878845887e+03,5.882352941176471e-01,4307919
1.628200445332122e+03,1.625449880567251e+03,5.882352941176471e-01,4307921
1.629044526893161e+03,1.623750409246102e+03,1.764705882352941e+00,4307918
1.629965151214474e+03,1.626352511954727e+03,5.882352941176471e-01,4307922
1.630609383284311e+03,1.625315265637252e+03,1.764705882352941e+00,4307920
1.633494562979180e+03,1.627464591812234e+03,1.176470588235294e+00,4307924
1.634138795049017e+03,1.629340413870682e+03,1.176470588235294e+00,4307925
1.634338644540220e+03,1.626543704174204e+03,1.764705882352941e+00,4307923
1.635259268861533e+03,1.630850551336192e+03,5.882352941176471e-01,4307926
1.635903500931370e+03,1.630977101152268e+03,5.882352941176471e-01,4307927
1.637023974743886e+03,1.632464543380982e+03,5.882352941176471e-01,4307929
1.638788680626239e+03,1.633755910335757e+03,5.882352941176471e-01,4307931
1.639632762187278e+03,1.631650002231224e+03,1.764705882352941e+00,4307928
1.641197618578429e+03,1.632777571481723e+03,1.764705882352941e+00,4307930
1.644082798273298e+03,1.634045396569547e+03,1.764705882352941e+00,4307932
1.644727030343134e+03,1.635290652478623e+03,1.176470588235294e+00,4307934
1.644926879834337e+03,1.634884273048433e+03,1.764705882352941e+00,4307933
1.645847504155651e+03,1.636084848233891e+03,5.882352941176471e-01,4307935
1.646691585716690e+03,1.637381735844868e+03,5.882352941176471e-01,4307937
1.647612210038004e+03,1.637936400799619e+03,5.882352941176471e-01,4307938
1.648256442107840e+03,1.636111435522913e+03,1.176470588235294e+00,4307936
1.649376915920357e+03,1.639127908290169e+03,5.882352941176471e-01,4307940
1.651985703363749e+03,1.638506963987118e+03,1.764705882352941e+00,4307939
1.653550559754899e+03,1.639890472263458e+03,1.764705882352941e+00,4307941
1.653750409246102e+03,1.644020542696052e+03,5.882352941176471e-01,4307943
1.654671033567416e+03,1.643515583497834e+03,1.764705882352941e+00,4307942
1.655515115128455e+03,1.647176641922646e+03,5.882352941176471e-01,4307945
1.656435739449769e+03,1.652803025812518e+03,5.882352941176471e-01,4307946
1.658844677401958e+03,1.645476218320219e+03,1.764705882352941e+00,4307944
1.660809232775514e+03,1.652938379862280e+03,1.764705882352941e+00,4307947
1.660978000372523e+03,1.659213294490170e+03,5.882352941176471e-01,4307948
1.661082686883269e+03,1.659317981000916e+03,5.882352941176471e-01,4307949
1.662573938657867e+03,1.659954341640783e+03,5.882352941176471e-01,4307950
1.662742706254876e+03,1.660402808595029e+03,5.882352941176471e-01,4307951
1.665574163369067e+03,1.663809457486715e+03,5.882352941176471e-01,4307952
1.667535721742538e+03,1.665771015860185e+03,5.882352941176471e-01,4307953
1.667961520987605e+03,1.666196815105253e+03,5.882352941176471e-01,4307954
1.668311715002565e+03,1.666547009120212e+03,5.882352941176471e-01,4307955
1.672829839389596e+03,1.667435673609619e+03,1.764705882352941e+00,4307956
1.673255638634664e+03,1.667663367474146e+03,1.764705882352941e+00,4307957
1.678205466076506e+03,1.676440760194153e+03,5.882352941176471e-01,4307958
1.681755212871218e+03,1.679990506988865e+03,5.882352941176471e-01,4307959
1.682910485590579e+03,1.681145779708226e+03,5.882352941176471e-01,4307961
1.683519918753571e+03,1.681224093285834e+03,5.882352941176471e-01,4307962
1.685959699690137e+03,1.680665582043078e+03,1.764705882352941e+00,4307960
1.687329735882539e+03,1.685565030000186e+03,5.882352941176471e-01,4307964
1.689261971050933e+03,1.683967853403874e+03,1.764705882352941e+00,4307963
1.691124068669328e+03,1.689359362786975e+03,5.882352941176471e-01,4307966
1.691195860297699e+03,1.689431154415346e+03,5.882352941176471e-01,4307967
1.693474423502127e+03,1.688180305855068e+03,1.764705882352941e+00,4307965
1.693830812035928e+03,1.692066106153575e+03,5.882352941176471e-01,4307969
1.696418186316386e+03,1.690973668411687e+03,1.764705882352941e+00,4307968
1.702749021555420e+03,1.700984315673067e+03,5.882352941176471e-01,4307972
1.702836896395234e+03,1.697542778748175e+03,1.764705882352941e+00,4307970
1.704513727437773e+03,1.701413122697845e+03,5.882352941176471e-01,4307973
1.705852306030128e+03,1.700558188383070e+03,1.764705882352941e+00,4307971
1.706366308159940e+03,1.701725485071575e+03,1.176470588235294e+00,4307974
1.708131014042292e+03,1.704266269178669e+03,5.882352941176471e-01,4307977
1.709807845084832e+03,1.702574093326214e+03,1.764705882352941e+00,4307975
1.711146423677187e+03,1.702877860564680e+03,1.764705882352941e+00,4307976
1.711572550967185e+03,1.705932741525817e+03,5.882352941176471e-01,4307979
1.713337256849538e+03,1.706807779278251e+03,5.882352941176471e-01,4307981
1.713425131689351e+03,1.705297037520361e+03,1.764705882352941e+00,4307978
1.715189837571704e+03,1.709018281979261e+03,5.882352941176471e-01,4307983
1.716440541324246e+03,1.706789840564882e+03,1.764705882352941e+00,4307980
1.716954543454057e+03,1.709503975295011e+03,5.882352941176471e-01,4307984
1.718631374496597e+03,1.708926286781511e+03,1.764705882352941e+00,4307982
1.718719249336410e+03,1.716136126135406e+03,5.882352941176471e-01,4307986
1.719969953088952e+03,1.715727361414394e+03,1.176470588235294e+00,4307985
1.720772624461748e+03,1.719007918579395e+03,5.882352941176471e-01,4307987
1.723800245326242e+03,1.722035539443889e+03,5.882352941176471e-01,4307990
1.724347287387788e+03,1.719053169740729e+03,1.764705882352941e+00,4307988
1.725387347645947e+03,1.720093229998888e+03,1.764705882352941e+00,4307989
1.725689246610752e+03,1.723924540728399e+03,5.882352941176471e-01,4307991
1.729274704738762e+03,1.727509998856409e+03,5.882352941176471e-01,4307992
1.730077008510918e+03,1.728312302628566e+03,5.882352941176471e-01,4307993
1.737744204708990e+03,1.735979498826637e+03,5.882352941176471e-01,4307994
1.738184774120246e+03,1.736420068237893e+03,5.882352941176471e-01,4307996
1.739508910591342e+03,1.737092025167905e+03,5.882352941176471e-01,4307997
1.741273616473695e+03,1.738036598921276e+03,5.882352941176471e-01,4307999
1.741672269552472e+03,1.736378151905413e+03,1.764705882352941e+00,4307995
1.743478891767305e+03,1.737403921738278e+03,1.764705882352941e+00,4307998
1.746084128092020e+03,1.742554716327314e+03,1.176470588235294e+00,4308000
1.752181904518561e+03,1.750417198636208e+03,5.882352941176471e-01,4308001
1.752917147691234e+03,1.751152441808881e+03,5.882352941176471e-01,4308002
1.757129621252357e+03,1.755364915370004e+03,5.882352941176471e-01,4308004
1.758050328310598e+03,1.752756210663540e+03,1.764705882352941e+00,4308003
1.763404992496549e+03,1.761640286614196e+03,5.882352941176471e-01,4308006
1.763912395889313e+03,1.758618278242254e+03,1.764705882352941e+00,4308005
1.767357572448165e+03,1.765592866565812e+03,5.882352941176471e-01,4308009
1.767452804707384e+03,1.762158687060325e+03,1.764705882352941e+00,4308007
1.768465012412893e+03,1.764935600648187e+03,1.176470588235294e+00,4308008
1.769503093711911e+03,1.767738387829558e+03,5.882352941176471e-01,4308011
1.770886984212871e+03,1.766184057067358e+03,1.176470588235294e+00,4308010
1.775510029541700e+03,1.773745323659347e+03,5.882352941176471e-01,4308013
1.776530325372118e+03,1.771236207725059e+03,1.764705882352941e+00,4308012
1.776550459058935e+03,1.774785753176582e+03,5.882352941176471e-01,4308014
1.777274735424053e+03,1.775363264330571e+03,5.882352941176471e-01,4308015
1.782740479723523e+03,1.777446362076464e+03,1.764705882352941e+00,4308016
1.784850675143044e+03,1.779556557495985e+03,1.764705882352941e+00,4308017
1.785041047233967e+03,1.779746929586908e+03,1.764705882352941e+00,4308018
1.786269891488229e+03,1.780094081490561e+03,1.176470588235294e+00,4308019
1.786615381025396e+03,1.782712473128862e+03,5.882352941176471e-01,4308020
1.786805753116320e+03,1.784995074850886e+03,5.882352941176471e-01,4308021
1.792089318006917e+03,1.786795200359858e+03,1.764705882352941e+00,4308022
1.793322650400101e+03,1.788028532753042e+03,1.764705882352941e+00,4308023
1.793854023889270e+03,1.791527115526115e+03,5.882352941176471e-01,4308025
1.794189598860860e+03,1.788895481213801e+03,1.764705882352941e+00,4308024
1.795618729771623e+03,1.792910472105335e+03,5.882352941176471e-01,4308027
1.798616768047160e+03,1.792162381184805e+03,1.764705882352941e+00,4308026
1.799148141536329e+03,1.795239144612508e+03,1.176470588235294e+00,4308029
1.799483716507919e+03,1.793991548011020e+03,1.764705882352941e+00,4308028
1.801707862813982e+03,1.799943156931629e+03,5.882352941176471e-01,4308030
1.802096711955834e+03,1.800332006073481e+03,5.882352941176471e-01,4308031
1.802758967330550e+03,1.800994261448197e+03,5.882352941176471e-01,4308032
1.803472568696335e+03,1.801643702214509e+03,5.882352941176471e-01,4308033
1.804523673212903e+03,1.801961824964105e+03,5.882352941176471e-01,4308035
1.805678237374136e+03,1.803913531491783e+03,5.882352941176471e-01,4308036
1.807390829602892e+03,1.801896808624883e+03,1.764705882352941e+00,4308034
1.807733162113729e+03,1.805968456231377e+03,5.882352941176471e-01,4308038
1.808572024370305e+03,1.805042612605599e+03,1.176470588235294e+00,4308037
1.809155535485245e+03,1.806286572230739e+03,5.882352941176471e-01,4308039
1.810920241367598e+03,1.808796291164289e+03,5.882352941176471e-01,4308042
1.812684947249951e+03,1.810495321933392e+03,5.882352941176471e-01,4308043
1.813027279760788e+03,1.806752597552678e+03,1.764705882352941e+00,4308040
1.813866142017364e+03,1.807985335198214e+03,1.764705882352941e+00,4308041
1.814449653132304e+03,1.811660822960272e+03,5.882352941176471e-01,4308044
1.818255329165547e+03,1.816490623283194e+03,5.882352941176471e-01,4308047
1.819004293827299e+03,1.813710176180240e+03,1.764705882352941e+00,4308045
1.820020035047900e+03,1.817019742111806e+03,5.882352941176471e-01,4308048
1.821742725469909e+03,1.816448607822850e+03,1.764705882352941e+00,4308046
1.821784740930253e+03,1.819206268461935e+03,5.882352941176471e-01,4308050
1.823507431352262e+03,1.821196044913034e+03,5.882352941176471e-01,4308051
1.824443411764159e+03,1.819149294117100e+03,1.764705882352941e+00,4308049
1.825272137234615e+03,1.823357681325463e+03,5.882352941176471e-01,4308053
1.827972823528865e+03,1.823576104859989e+03,1.176470588235294e+00,4308054
1.828148011572893e+03,1.822853893925834e+03,1.764705882352941e+00,4308052
1.829737529411218e+03,1.827537291374817e+03,5.882352941176471e-01,4308056
1.829912717455246e+03,1.828019640450407e+03,5.882352941176471e-01,4308057
1.831131073337818e+03,1.825836955690759e+03,1.764705882352941e+00,4308055
1.831502235293571e+03,1.828385212742202e+03,5.882352941176471e-01,4308058
1.839555629008844e+03,1.837790923126491e+03,5.882352941176471e-01,4308060
1.841373295851802e+03,1.836079178204743e+03,1.764705882352941e+00,4308059
1.841562292038325e+03,1.839797586155972e+03,5.882352941176471e-01,4308061
1.842717497729580e+03,1.840952791847227e+03,5.882352941176471e-01,4308062
1.845540214943499e+03,1.843775509061146e+03,5.882352941176471e-01,4308064
1.846307589805148e+03,1.844542883922795e+03,5.882352941176471e-01,4308065
1.847130744936642e+03,1.841836627289584e+03,1.764705882352941e+00,4308063
1.847914244358012e+03,1.846149538475659e+03,5.882352941176471e-01,4308066
1.848721609808545e+03,1.846956903926192e+03,5.882352941176471e-01,4308067
1.849897208233862e+03,1.848132502351509e+03,5.882352941176471e-01,4308068
1.852205681486370e+03,1.848676269721665e+03,1.176470588235294e+00,4308069
1.854106865648946e+03,1.852342159766593e+03,5.882352941176471e-01,4308071
1.857379335081635e+03,1.852085217434576e+03,1.764705882352941e+00,4308070
1.857636277413652e+03,1.852355277559645e+03,1.176470588235294e+00,4308073
1.857642653256451e+03,1.852348535609392e+03,1.764705882352941e+00,4308072
1.859144040963988e+03,1.852768396240715e+03,5.882352941176471e-01,4308074
1.859400983296005e+03,1.854365037282966e+03,5.882352941176471e-01,4308075
1.859407359138804e+03,1.854512109575687e+03,5.882352941176471e-01,4308076
1.860908746846341e+03,1.855282500391473e+03,5.882352941176471e-01,4308077
1.861165689178358e+03,1.855416539836520e+03,5.882352941176471e-01,4308078
1.862673452728694e+03,1.858401654295336e+03,5.882352941176471e-01,4308080
1.862930395060711e+03,1.858738033119670e+03,5.882352941176471e-01,4308081
1.864701476785863e+03,1.857664103771368e+03,1.764705882352941e+00,4308079
1.866466182668216e+03,1.861112473792617e+03,5.882352941176471e-01,4308084
1.867967570375753e+03,1.859812604299241e+03,1.764705882352941e+00,4308082
1.868224512707769e+03,1.860831252789536e+03,1.764705882352941e+00,4308083
1.868230888550569e+03,1.862138114264013e+03,5.882352941176471e-01,4308085
1.873261688022811e+03,1.862369810641210e+03,1.764705882352941e+00,4308086
1.873518630354828e+03,1.864879619213806e+03,1.764705882352941e+00,4308087
1.873525006197627e+03,1.867523881829035e+03,1.764705882352941e+00,4308088
1.877054417962333e+03,1.870819745750427e+03,1.176470588235294e+00,4308091
1.878555805669870e+03,1.868000357097270e+03,1.764705882352941e+00,4308089
1.878812748001887e+03,1.870407703043145e+03,1.764705882352941e+00,4308090
1.878819123844686e+03,1.872994029476463e+03,5.882352941176471e-01,4308092
1.880320511552223e+03,1.873563691565122e+03,5.882352941176471e-01,4308093
1.880583829727039e+03,1.876290365056013e+03,5.882352941176471e-01,4308095
1.882085217434576e+03,1.877646392537450e+03,5.882352941176471e-01,4308096
1.883849923316929e+03,1.880527767065658e+03,5.882352941176471e-01,4308098
1.884106865648946e+03,1.876267013751872e+03,1.764705882352941e+00,4308094
1.884113241491745e+03,1.880187893555496e+03,1.176470588235294e+00,4308097
1.885871571531299e+03,1.880794881148202e+03,5.882352941176471e-01,4308100
1.887379335081635e+03,1.880794463059756e+03,1.176470588235294e+00,4308099
1.889144040963988e+03,1.884814964304969e+03,5.882352941176471e-01,4308103
1.889400983296005e+03,1.883722858047990e+03,1.176470588235294e+00,4308102
1.889407359138804e+03,1.881746410969227e+03,1.764705882352941e+00,4308101
1.891469237902186e+03,1.889704532019833e+03,5.882352941176471e-01,4308105
1.892883846541337e+03,1.889354434776632e+03,1.176470588235294e+00,4308104
1.895538971696288e+03,1.893774265813935e+03,5.882352941176471e-01,4308107
1.896302048213904e+03,1.894537342331551e+03,5.882352941176471e-01,4308108
1.897303677578640e+03,1.894609529162752e+03,5.882352941176471e-01,4308109
1.897557888903285e+03,1.892263771256226e+03,1.764705882352941e+00,4308106
1.900428789573613e+03,1.898664083691260e+03,5.882352941176471e-01,4308112
1.901596165860963e+03,1.895074078365530e+03,1.764705882352941e+00,4308110
1.902344370229322e+03,1.900579664346969e+03,5.882352941176471e-01,4308113
1.902597795225699e+03,1.896900225779238e+03,1.764705882352941e+00,4308111
1.903360871743316e+03,1.900754372744280e+03,5.882352941176471e-01,4308114
1.907638487876380e+03,1.901253194607500e+03,1.764705882352941e+00,4308115
1.907868920576538e+03,1.906104214694185e+03,5.882352941176471e-01,4308117
1.907891912872758e+03,1.901476975982278e+03,1.764705882352941e+00,4308116
1.911167899641086e+03,1.907619151676866e+03,1.176470588235294e+00,4308118
1.914150147118798e+03,1.908856029471739e+03,1.764705882352941e+00,4308119
1.914765721799851e+03,1.909471604152792e+03,1.764705882352941e+00,4308120
1.915738961441978e+03,1.912209549677272e+03,1.176470588235294e+00,4308121
1.917679558883504e+03,1.913245186759920e+03,1.176470588235294e+00,4308122
1.919273822289133e+03,1.917509116406780e+03,5.882352941176471e-01,4308124
1.921870008749918e+03,1.916575891102859e+03,1.764705882352941e+00,4308123
1.921894867691793e+03,1.920130161809440e+03,5.882352941176471e-01,4308126
1.923550077939265e+03,1.918255960292206e+03,1.764705882352941e+00,4308125
1.925316071531073e+03,1.923551365648720e+03,5.882352941176471e-01,4308129
1.927164126396977e+03,1.920195094100451e+03,1.764705882352941e+00,4308127
1.927188985338852e+03,1.921800692098271e+03,1.764705882352941e+00,4308128
1.928928832279330e+03,1.924555965515576e+03,5.882352941176471e-01,4308131
1.928953691221204e+03,1.925783167391368e+03,5.882352941176471e-01,4308132
1.930610189178131e+03,1.924291570413005e+03,1.764705882352941e+00,4308130
1.930693538161683e+03,1.925788673976037e+03,5.882352941176471e-01,4308133
1.930718397103557e+03,1.927714834622995e+03,5.882352941176471e-01,4308134
1.932458244044035e+03,1.928980229164093e+03,5.882352941176471e-01,4308136
1.932483102985910e+03,1.929536141357596e+03,5.882352941176471e-01,4308137
1.934247808868263e+03,1.930090977203928e+03,5.882352941176471e-01,4308139
1.935904306825190e+03,1.927773304292765e+03,1.764705882352941e+00,4308135
1.937669012707543e+03,1.934699128349765e+03,5.882352941176471e-01,4308141
1.937752361691094e+03,1.929746894704160e+03,1.764705882352941e+00,4308138
1.937777220632969e+03,1.934032391282097e+03,1.176470588235294e+00,4308140
1.939433718589896e+03,1.935359959907766e+03,5.882352941176471e-01,4308142
1.940066365391667e+03,1.938301659509314e+03,5.882352941176471e-01,4308144
1.941198424472249e+03,1.938916650534651e+03,5.882352941176471e-01,4308145
1.943046479338153e+03,1.936931891191839e+03,1.764705882352941e+00,4308143
1.944811185220506e+03,1.941971235694478e+03,5.882352941176471e-01,4308148
1.945360483038725e+03,1.939384199833075e+03,1.764705882352941e+00,4308146
1.946492542119308e+03,1.940109281942490e+03,1.764705882352941e+00,4308147
1.950205221938248e+03,1.948440516055895e+03,5.882352941176471e-01,4308151
1.951969927820601e+03,1.948465902331062e+03,5.882352941176471e-01,4308152
1.952022404623618e+03,1.946728286976559e+03,1.764705882352941e+00,4308149
1.953135609037417e+03,1.947841491390358e+03,1.764705882352941e+00,4308150
1.953734633702954e+03,1.949384825934080e+03,5.882352941176471e-01,4308153
1.955551816388324e+03,1.950244678117426e+03,1.176470588235294e+00,4308154
1.957991651665341e+03,1.956226945782988e+03,5.882352941176471e-01,4308155
1.959133340882708e+03,1.957368635000355e+03,5.882352941176471e-01,4308156
1.959178534191748e+03,1.957413828309395e+03,5.882352941176471e-01,4308157
1.959756357547694e+03,1.957638105043969e+03,5.882352941176471e-01,4308158
1.960898046765061e+03,1.958396770138839e+03,5.882352941176471e-01,4308159
1.960943240074101e+03,1.959000423994902e+03,5.882352941176471e-01,4308160
1.965117184929373e+03,1.961587773164667e+03,1.176470588235294e+00,4308161
1.970205904627236e+03,1.964911786980177e+03,1.764705882352941e+00,4308162
1.970600519778721e+03,1.967071108014015e+03,1.176470588235294e+00,4308163
1.972441045241053e+03,1.970676339358700e+03,5.882352941176471e-01,4308164
1.972644380913887e+03,1.970879675031534e+03,5.882352941176471e-01,4308165
1.973140961369548e+03,1.971376255487195e+03,5.882352941176471e-01,4308166
1.974205751123406e+03,1.971929205926505e+03,5.882352941176471e-01,4308167
1.975076026053869e+03,1.973311320171516e+03,5.882352941176471e-01,4308169
1.977666125187719e+03,1.975901419305366e+03,5.882352941176471e-01,4308170
1.977938498560946e+03,1.972542008028614e+03,1.764705882352941e+00,4308168
1.978957448059636e+03,1.977192742177283e+03,5.882352941176471e-01,4308171
1.980131319469263e+03,1.978366613586910e+03,5.882352941176471e-01,4308172
1.982337325335459e+03,1.980572619453106e+03,5.882352941176471e-01,4308175
1.982672166822776e+03,1.979142755058070e+03,1.176470588235294e+00,4308174
1.984081110580141e+03,1.978786992933082e+03,1.764705882352941e+00,4308173
1.988785540069597e+03,1.983491422422538e+03,1.764705882352941e+00,4308176
1.990450397935699e+03,1.985156280288640e+03,1.764705882352941e+00,4308177
1.991179171221516e+03,1.985885053574457e+03,1.764705882352941e+00,4308178
1.992314951834302e+03,1.986164072954141e+03,1.176470588235294e+00,4308179
1.994079657716655e+03,1.989828238943883e+03,5.882352941176471e-01,4308182
1.995744515582758e+03,1.986936697369748e+03,1.764705882352941e+00,4308180
1.995844363599008e+03,1.993460972215459e+03,5.882352941176471e-01,4308183
1.996473288868575e+03,1.987075881826669e+03,1.764705882352941e+00,4308181
1.997509221465111e+03,1.994266132543528e+03,5.882352941176471e-01,4308184
1.997609069481361e+03,1.994495992083954e+03,5.882352941176471e-01,4308185
1.998237994750928e+03,1.995231076407486e+03,5.882352941176471e-01,4308186
1.999273927347464e+03,1.995961629938628e+03,5.882352941176471e-01,4308187
2.000002700633280e+03,1.997395819748460e+03,5.882352941176471e-01,4308189
2.001038633229817e+03,1.997598197933286e+03,5.882352941176471e-01,4308190
2.001767406515633e+03,1.997868350493091e+03,5.882352941176471e-01,4308191
2.002903187128420e+03,1.997254420855251e+03,1.764705882352941e+00,4308188
2.004473900163860e+03,2.002709194281508e+03,5.882352941176471e-01,4308193
2.006332750876876e+03,1.999763569485652e+03,1.764705882352941e+00,4308192
2.008784116730653e+03,2.005254704965947e+03,1.176470588235294e+00,4308194
2.009591763558558e+03,2.007827057676205e+03,5.882352941176471e-01,4308196
2.010667451343085e+03,2.008902745460732e+03,5.882352941176471e-01,4308197
2.013055932110680e+03,2.007761814463621e+03,1.764705882352941e+00,4308195
2.014422792813955e+03,2.012658086931602e+03,5.882352941176471e-01,4308198
2.014429628489406e+03,2.012664922607053e+03,5.882352941176471e-01,4308199
2.018502638529035e+03,2.016737932646682e+03,5.882352941176471e-01,4308200
2.021270304834954e+03,2.019505598952601e+03,5.882352941176471e-01,4308201
2.025254772676785e+03,2.023490066794432e+03,5.882352941176471e-01,4308203
2.025723750117070e+03,2.020429632470011e+03,1.764705882352941e+00,4308202
2.027933053309750e+03,2.026168347427397e+03,5.882352941176471e-01,4308204
2.029464329107099e+03,2.027699623224746e+03,5.882352941176471e-01,4308205
2.029850530038716e+03,2.028085824156363e+03,5.882352941176471e-01,4308207
2.032026180453561e+03,2.030261474571208e+03,5.882352941176471e-01,4308208
2.033035142436584e+03,2.027741024789526e+03,1.764705882352941e+00,4308206
2.035537401978032e+03,2.033772696095679e+03,5.882352941176471e-01,4308209
2.037627503258227e+03,2.035862797375874e+03,5.882352941176471e-01,4308211
2.038253684998945e+03,2.036488979116593e+03,5.882352941176471e-01,4308212
2.038701489287227e+03,2.035172077522521e+03,1.176470588235294e+00,4308210
2.039392209140580e+03,2.037015549453450e+03,5.882352941176471e-01,4308213
2.040262034228403e+03,2.038497328346050e+03,5.882352941176471e-01,4308214
2.040856901566609e+03,2.039092195684256e+03,5.882352941176471e-01,4308215
2.042922970765126e+03,2.041158264882773e+03,5.882352941176471e-01,4308217
2.042993408417792e+03,2.041228702535439e+03,5.882352941176471e-01,4308218
2.043958496714485e+03,2.040429084949779e+03,1.176470588235294e+00,4308216
2.044687676647479e+03,2.042247026340573e+03,5.882352941176471e-01,4308219
2.046135372848468e+03,2.044370666966115e+03,5.882352941176471e-01,4308220
2.046407643749960e+03,2.044642937867608e+03,5.882352941176471e-01,4308221
2.050461628547181e+03,2.045167510900122e+03,1.764705882352941e+00,4308222
2.054638103676666e+03,2.049343986029607e+03,1.764705882352941e+00,4308223
2.055389817092848e+03,2.051860405328142e+03,1.176470588235294e+00,4308225
2.056459206752130e+03,2.051165089105071e+03,1.764705882352941e+00,4308224
2.057754295128335e+03,2.055989589245982e+03,5.882352941176471e-01,4308226
2.058221529496643e+03,2.056456823614290e+03,5.882352941176471e-01,4308227
2.058559563419809e+03,2.056794857537456e+03,5.882352941176471e-01,4308228
2.059519001010688e+03,2.057556777908451e+03,5.882352941176471e-01,4308229
2.060038140104714e+03,2.058273434222361e+03,5.882352941176471e-01,4308230
2.061283706893040e+03,2.058865850238397e+03,5.882352941176471e-01,4308232
2.064025683015376e+03,2.058731565368317e+03,1.764705882352941e+00,4308231
2.064033880079555e+03,2.062269174197202e+03,5.882352941176471e-01,4308233
2.067122039569318e+03,2.065357333686965e+03,5.882352941176471e-01,4308234
2.070280561888359e+03,2.068515856006006e+03,5.882352941176471e-01,4308236
2.071586198032865e+03,2.066292080385807e+03,1.764705882352941e+00,4308235
2.071609526834250e+03,2.069844820951897e+03,5.882352941176471e-01,4308237
2.072045267770712e+03,2.070190859126184e+03,5.882352941176471e-01,4308238
2.074434298923356e+03,2.072669593041003e+03,5.882352941176471e-01,4308240
2.074440822312777e+03,2.072676116430424e+03,5.882352941176471e-01,4308241
2.076880315679924e+03,2.070279362561908e+03,1.764705882352941e+00,4308239
2.078354195927577e+03,2.076589490045224e+03,5.882352941176471e-01,4308242
2.086039463426229e+03,2.082510051661523e+03,1.176470588235294e+00,4308243
2.087804169308582e+03,2.085632537853258e+03,5.882352941176471e-01,4308246
2.087815845208350e+03,2.082521727561291e+03,1.764705882352941e+00,4308244
2.089568875190935e+03,2.087370941209089e+03,5.882352941176471e-01,4308247
2.090382743959152e+03,2.085088626312093e+03,1.764705882352941e+00,4308245
2.093792338013740e+03,2.092027632131387e+03,5.882352941176471e-01,4308250
2.094671312068539e+03,2.089377194421480e+03,1.764705882352941e+00,4308248
2.095557043896093e+03,2.092226753362001e+03,5.882352941176471e-01,4308251
2.096044123324907e+03,2.090750005677848e+03,1.764705882352941e+00,4308249
2.102300842138517e+03,2.097006724491458e+03,1.764705882352941e+00,4308252
2.103001597640863e+03,2.101236891758510e+03,5.882352941176471e-01,4308253
2.106083803119996e+03,2.104319097237643e+03,5.882352941176471e-01,4308255
2.108199632236438e+03,2.102905514589379e+03,1.764705882352941e+00,4308254
2.110949860095391e+03,2.109185154213038e+03,5.882352941176471e-01,4308256
2.115898421506204e+03,2.114133715623851e+03,5.882352941176471e-01,4308257
2.117054577724621e+03,2.115289871842268e+03,5.882352941176471e-01,4308258
2.117358059847522e+03,2.115593353965169e+03,5.882352941176471e-01,4308259
2.118307987248824e+03,2.116543281366471e+03,5.882352941176471e-01,4308260
2.121082894379597e+03,2.119318188497244e+03,5.882352941176471e-01,4308261
2.122354787720043e+03,2.120590081837691e+03,5.882352941176471e-01,4308262
2.125758911363257e+03,2.123994205480904e+03,5.882352941176471e-01,4308264
2.125824157145808e+03,2.122294745381102e+03,1.176470588235294e+00,4308263
2.129412840116868e+03,2.127648134234515e+03,5.882352941176471e-01,4308267
2.131147134838787e+03,2.127617723074081e+03,1.176470588235294e+00,4308266
2.131537388297164e+03,2.126243270650105e+03,1.764705882352941e+00,4308265
2.134143626978462e+03,2.132378921096109e+03,5.882352941176471e-01,4308268
2.136564207045351e+03,2.133034795280645e+03,1.176470588235294e+00,4308270
2.138310511327398e+03,2.133016393680339e+03,1.764705882352941e+00,4308269
2.139163701632192e+03,2.137398995749839e+03,5.882352941176471e-01,4308272
2.139437744625521e+03,2.133060377190391e+03,1.764705882352941e+00,4308271
2.140928407514545e+03,2.138327787713124e+03,5.882352941176471e-01,4308274
2.141714294037354e+03,2.139949588155001e+03,5.882352941176471e-01,4308275
2.141839923092103e+03,2.137514923721553e+03,1.176470588235294e+00,4308273
2.144457819279251e+03,2.140142311297426e+03,1.176470588235294e+00,4308276
2.147542694344238e+03,2.145777988461885e+03,5.882352941176471e-01,4308279
2.148973370763608e+03,2.145443958998902e+03,1.176470588235294e+00,4308278
2.150096898678234e+03,2.144802781031175e+03,1.764705882352941e+00,4308277
2.151460857726731e+03,2.149696151844378e+03,5.882352941176471e-01,4308281
2.151861604560587e+03,2.150012922122209e+03,5.882352941176471e-01,4308282
2.152836811991297e+03,2.146363648002584e+03,1.764705882352941e+00,4308280
2.153225563609084e+03,2.150636655054485e+03,5.882352941176471e-01,4308283
2.153626310442940e+03,2.151479540590646e+03,5.882352941176471e-01,4308284
2.157155722207646e+03,2.152082529532547e+03,1.176470588235294e+00,4308287
2.158130929638356e+03,2.151495457908422e+03,1.764705882352941e+00,4308285
2.158519681256143e+03,2.152037820098547e+03,1.764705882352941e+00,4308286
2.159895635520709e+03,2.152436092742475e+03,5.882352941176471e-01,4308289
2.160284387138496e+03,2.153145850514451e+03,5.882352941176471e-01,4308290
2.160685133972352e+03,2.152138177731228e+03,1.176470588235294e+00,4308288
2.161660341403062e+03,2.153706690748206e+03,5.882352941176471e-01,4308291
2.162049093020848e+03,2.154023299374377e+03,5.882352941176471e-01,4308292
2.162449839854705e+03,2.155458829433137e+03,5.882352941176471e-01,4308293
2.163425047285415e+03,2.156958697755834e+03,5.882352941176471e-01,4308294
2.163813798903201e+03,2.158250121675908e+03,5.882352941176471e-01,4308295
2.167437773266459e+03,2.165673067384106e+03,5.882352941176471e-01,4308297
2.167743957501763e+03,2.160851513276423e+03,1.764705882352941e+00,4308296
2.170854719329603e+03,2.169090013447250e+03,5.882352941176471e-01,4308298
2.175170975462194e+03,2.171641563697488e+03,1.176470588235294e+00,4308299
2.177476507332950e+03,2.172182389685891e+03,1.764705882352941e+00,4308300
2.177870311189298e+03,2.176105605306945e+03,5.882352941176471e-01,4308301
2.178017059296039e+03,2.176252353413686e+03,5.882352941176471e-01,4308302
2.180936155920479e+03,2.179171450038127e+03,5.882352941176471e-01,4308305
2.181005919097656e+03,2.177215664415637e+03,1.176470588235294e+00,4308303
2.182770624980009e+03,2.180349723044029e+03,5.882352941176471e-01,4308307
2.183164428836356e+03,2.177833560038067e+03,1.764705882352941e+00,4308304
2.184535330862361e+03,2.180903783318636e+03,5.882352941176471e-01,4308308
2.186230273567538e+03,2.179396539532960e+03,1.764705882352941e+00,4308306
2.190412304668761e+03,2.188647598786408e+03,5.882352941176471e-01,4308311
2.190614886502305e+03,2.187085474737599e+03,1.176470588235294e+00,4308309
2.192610473583039e+03,2.187316355935980e+03,1.764705882352941e+00,4308310
2.195706422315820e+03,2.189215104262409e+03,1.764705882352941e+00,4308312
2.199946270493391e+03,2.198181564611038e+03,5.882352941176471e-01,4308313
2.202006082557559e+03,2.200241376675207e+03,5.882352941176471e-01,4308314
2.205997834857477e+03,2.204233128975124e+03,5.882352941176471e-01,4308316
2.207991029765141e+03,2.206226323882788e+03,5.882352941176471e-01,4308317
2.208815803646639e+03,2.203521685999581e+03,1.764705882352941e+00,4308315
2.212615605889616e+03,2.210850900007263e+03,5.882352941176471e-01,4308319
2.213912145916071e+03,2.208618028269012e+03,1.764705882352941e+00,4308318
2.215818147168962e+03,2.212288735404256e+03,1.176470588235294e+00,4308320
2.218660375382568e+03,2.216895669500215e+03,5.882352941176471e-01,4308323
2.220234566439984e+03,2.214940448792925e+03,1.764705882352941e+00,4308321
2.220453985534466e+03,2.218689279652113e+03,5.882352941176471e-01,4308324
2.221780687662189e+03,2.216486570015130e+03,1.764705882352941e+00,4308322
2.222558308916464e+03,2.220793603034111e+03,5.882352941176471e-01,4308325
2.225417849337996e+03,2.223653143455643e+03,5.882352941176471e-01,4308327
2.227853227949242e+03,2.222559110302183e+03,1.764705882352941e+00,4308326
2.229014789326437e+03,2.227250083444084e+03,5.882352941176471e-01,4308329
2.231541163578010e+03,2.229776457695657e+03,5.882352941176471e-01,4308331
2.232072141649448e+03,2.226778024002389e+03,1.764705882352941e+00,4308328
2.233147345596300e+03,2.227724745734734e+03,1.764705882352941e+00,4308330
2.233305869460363e+03,2.230837473264301e+03,5.882352941176471e-01,4308332
2.234545971067688e+03,2.232781265185335e+03,5.882352941176471e-01,4308333
2.237524084118286e+03,2.233994672353580e+03,1.176470588235294e+00,4308335
2.238441463243359e+03,2.233039011060870e+03,1.764705882352941e+00,4308334
2.238957667272855e+03,2.237192961390502e+03,5.882352941176471e-01,4308336
2.244475104249907e+03,2.239180986602849e+03,1.764705882352941e+00,4308337
2.245701970409105e+03,2.243937264526752e+03,5.882352941176471e-01,4308338
2.247699234897869e+03,2.245934529015516e+03,5.882352941176471e-01,4308340
2.250559715412330e+03,2.245265597765272e+03,1.764705882352941e+00,4308339
2.251228646662575e+03,2.247363704716971e+03,1.176470588235294e+00,4308342
2.251726875431065e+03,2.246432757784007e+03,1.764705882352941e+00,4308341
2.254316178612228e+03,2.252551472729875e+03,5.882352941176471e-01,4308343
2.255821168858629e+03,2.254056462976276e+03,5.882352941176471e-01,4308344
2.257801312025806e+03,2.256036606143453e+03,5.882352941176471e-01,4308346
2.259784602853624e+03,2.254490485206565e+03,1.764705882352941e+00,4308345
2.261525705188255e+03,2.259760999305902e+03,5.882352941176471e-01,4308347
2.264985351162396e+03,2.263220645280043e+03,5.882352941176471e-01,4308348
2.270902466392534e+03,2.269137760510181e+03,5.882352941176471e-01,4308350
2.273702736444136e+03,2.268408618797078e+03,1.764705882352941e+00,4308349
2.276908362523491e+03,2.271614244876433e+03,1.764705882352941e+00,4308351
2.279253276912919e+03,2.277488571030566e+03,5.882352941176471e-01,4308353
2.281311689697165e+03,2.279546983814812e+03,5.882352941176471e-01,4308354
2.282270259770560e+03,2.276976142123501e+03,1.764705882352941e+00,4308352
2.285160320788298e+03,2.279866203141239e+03,1.764705882352941e+00,4308355
2.285849351551606e+03,2.284084645669253e+03,5.882352941176471e-01,4308356
2.294920674203146e+03,2.293155968320793e+03,5.882352941176471e-01,4308357
2.296752329015281e+03,2.294987623132928e+03,5.882352941176471e-01,4308358
2.305949535709022e+03,2.304184829826669e+03,5.882352941176471e-01,4308359
2.308419069741077e+03,2.306654363858724e+03,5.882352941176471e-01,4308361
2.308955675322121e+03,2.307190969439768e+03,5.882352941176471e-01,4308362
2.310720381204473e+03,2.308931027688141e+03,5.882352941176471e-01,4308364
2.311143159880605e+03,2.305849042233546e+03,1.764705882352941e+00,4308360
2.313713187388136e+03,2.307388530659306e+03,1.764705882352941e+00,4308363
2.314249792969179e+03,2.310479782359420e+03,1.176470588235294e+00,4308365
2.315067899715705e+03,2.313303193833352e+03,5.882352941176471e-01,4308366
2.320914962769468e+03,2.319150256887115e+03,5.882352941176471e-01,4308368
2.324233839474058e+03,2.318939721826999e+03,1.764705882352941e+00,4308367
2.324806187613528e+03,2.319512069966469e+03,1.764705882352941e+00,4308369
2.325998545356411e+03,2.321982790519589e+03,5.882352941176471e-01,4308371
2.326583817454610e+03,2.321289699807551e+03,1.764705882352941e+00,4308370
2.330100305260587e+03,2.323257571408658e+03,1.764705882352941e+00,4308372
2.331292663003470e+03,2.324879044132222e+03,1.764705882352941e+00,4308373
2.331865011142940e+03,2.326102990117235e+03,5.882352941176471e-01,4308375
2.331877935101669e+03,2.324935033644109e+03,1.764705882352941e+00,4308374
2.333629717025293e+03,2.328105685858193e+03,5.882352941176471e-01,4308377
2.335394422907646e+03,2.328629761750201e+03,5.882352941176471e-01,4308379
2.336586780650529e+03,2.327078531421527e+03,1.764705882352941e+00,4308376
2.337159128789999e+03,2.329152793516522e+03,5.882352941176471e-01,4308380
2.337172052748728e+03,2.328113133137077e+03,1.764705882352941e+00,4308378
2.338351486532882e+03,2.330148106646292e+03,5.882352941176471e-01,4308381
2.338923834672352e+03,2.331492170631542e+03,5.882352941176471e-01,4308382
2.340116192415235e+03,2.335271024465637e+03,5.882352941176471e-01,4308384
2.340688540554705e+03,2.337563772361787e+03,5.882352941176471e-01,4308385
2.342466170395786e+03,2.332725932000047e+03,1.764705882352941e+00,4308383
2.344458862091821e+03,2.342694156209468e+03,5.882352941176471e-01,4308386
2.348167245560066e+03,2.346402539677713e+03,5.882352941176471e-01,4308387
2.352364736810832e+03,2.347070619163774e+03,1.764705882352941e+00,4308388
2.352576497089164e+03,2.347282379442105e+03,1.764705882352941e+00,4308389
2.355894148575538e+03,2.351825144469798e+03,1.176470588235294e+00,4308391
2.356158943123735e+03,2.352629531359029e+03,1.176470588235294e+00,4308392
2.356899774745603e+03,2.351605657098544e+03,1.764705882352941e+00,4308390
2.357658854457891e+03,2.354242375105552e+03,5.882352941176471e-01,4308393
2.357923649006088e+03,2.354347658106935e+03,5.882352941176471e-01,4308394
2.361211512053370e+03,2.359446806171017e+03,5.882352941176471e-01,4308395
2.366688868648633e+03,2.364924162766280e+03,5.882352941176471e-01,4308396
2.371499703332860e+03,2.369734997450507e+03,5.882352941176471e-01,4308398
2.371643608874721e+03,2.366349491227663e+03,1.764705882352941e+00,4308397
2.376398736071249e+03,2.374634030188896e+03,5.882352941176471e-01,4308400
2.377421347697959e+03,2.375656641815606e+03,5.882352941176471e-01,4308401
2.377493710385124e+03,2.373964298620418e+03,1.176470588235294e+00,4308399
2.378163441953602e+03,2.375840611637605e+03,5.882352941176471e-01,4308402
2.379186053580312e+03,2.377020398642331e+03,5.882352941176471e-01,4308403
2.379258416267477e+03,2.377181948245874e+03,5.882352941176471e-01,4308404
2.379928147835955e+03,2.378087533958368e+03,5.882352941176471e-01,4308405
2.380950759462665e+03,2.378708132585998e+03,5.882352941176471e-01,4308406
2.381672925560333e+03,2.379908219677980e+03,5.882352941176471e-01,4308407
2.384182756196286e+03,2.382418050313933e+03,5.882352941176471e-01,4308409
2.385793925415622e+03,2.380499807768563e+03,1.764705882352941e+00,4308408
2.390604598189344e+03,2.388839892306991e+03,5.882352941176471e-01,4308411
2.391897493425078e+03,2.390132787542725e+03,5.882352941176471e-01,4308412
2.392458450400545e+03,2.390693744518192e+03,5.882352941176471e-01,4308413
2.393233747598479e+03,2.387939629951420e+03,1.764705882352941e+00,4308410
2.393662199307431e+03,2.391131486829882e+03,5.882352941176471e-01,4308414
2.397752568047603e+03,2.392118004094221e+03,1.764705882352941e+00,4308415
2.398474042469748e+03,2.394944630705042e+03,1.176470588235294e+00,4308416
2.402493020957546e+03,2.400728315075193e+03,5.882352941176471e-01,4308418
2.403321725538528e+03,2.401557019656175e+03,5.882352941176471e-01,4308419
2.403431211241991e+03,2.398137093594932e+03,1.764705882352941e+00,4308417
2.407787138604605e+03,2.402027617797922e+03,1.764705882352941e+00,4308420
2.408615843185587e+03,2.403086188118939e+03,1.764705882352941e+00,4308421
2.408725328889050e+03,2.403413089393558e+03,1.764705882352941e+00,4308422
2.409551844486957e+03,2.406518342814342e+03,5.882352941176471e-01,4308423
2.410490034771402e+03,2.407699410445253e+03,5.882352941176471e-01,4308425
2.413909960832646e+03,2.407082448182752e+03,1.764705882352941e+00,4308424
2.414167002775337e+03,2.412402296892984e+03,5.882352941176471e-01,4308426
2.416246115160308e+03,2.414481409277955e+03,5.882352941176471e-01,4308427
2.419152081556873e+03,2.417387375674520e+03,5.882352941176471e-01,4308428
2.419918158769804e+03,2.418153452887451e+03,5.882352941176471e-01,4308429
2.424420584700970e+03,2.420891172936264e+03,1.176470588235294e+00,4308430
2.427452994404163e+03,2.425688288521810e+03,5.882352941176471e-01,4308431
2.428629362319117e+03,2.426864656436764e+03,5.882352941176471e-01,4308432
2.430262429490198e+03,2.428497723607845e+03,5.882352941176471e-01,4308434
2.433268863246934e+03,2.429739451482228e+03,1.176470588235294e+00,4308435
2.433605346358052e+03,2.428311228710994e+03,1.764705882352941e+00,4308433
2.435304482741421e+03,2.433539776859069e+03,5.882352941176471e-01,4308437
2.435755492055938e+03,2.433990786173585e+03,5.882352941176471e-01,4308438
2.437069188623774e+03,2.435064106948230e+03,5.882352941176471e-01,4308439
2.437520197938291e+03,2.435542537061950e+03,5.882352941176471e-01,4308440
2.438137980767353e+03,2.432843863120294e+03,1.764705882352941e+00,4308436
2.438833894506127e+03,2.436299998930008e+03,5.882352941176471e-01,4308441
2.441193136658626e+03,2.439428430776273e+03,5.882352941176471e-01,4308442
2.442988664401870e+03,2.441223958519517e+03,5.882352941176471e-01,4308444
2.443385424146705e+03,2.441620718264352e+03,5.882352941176471e-01,4308445
2.445362613263934e+03,2.440068495616875e+03,1.764705882352941e+00,4308443
2.445482462786269e+03,2.443717756903916e+03,5.882352941176471e-01,4308446
2.446259645262330e+03,2.444494939379977e+03,5.882352941176471e-01,4308447
2.447494308735750e+03,2.445729602853397e+03,5.882352941176471e-01,4308449
2.448892025028640e+03,2.444522737069674e+03,1.176470588235294e+00,4308448
2.451432970380631e+03,2.449668264498278e+03,5.882352941176471e-01,4308450
2.452938949338953e+03,2.451174243456600e+03,5.882352941176471e-01,4308451
2.453535047657053e+03,2.451770341774700e+03,5.882352941176471e-01,4308452
2.454928387253986e+03,2.453163681371633e+03,5.882352941176471e-01,4308453
2.457245974329877e+03,2.455481268447524e+03,5.882352941176471e-01,4308454
2.460285056995286e+03,2.456755645230580e+03,1.176470588235294e+00,4308455
2.461841231211947e+03,2.458311819447241e+03,1.176470588235294e+00,4308457
2.462049762877639e+03,2.459298649520787e+03,5.882352941176471e-01,4308458
2.462440559128250e+03,2.457146441481191e+03,1.764705882352941e+00,4308456
2.463814468759992e+03,2.461638309249712e+03,5.882352941176471e-01,4308460
2.467135348859005e+03,2.460036537726063e+03,1.764705882352941e+00,4308459
2.467734676775309e+03,2.462116718487901e+03,1.764705882352941e+00,4308461
2.468900054741358e+03,2.464145466186509e+03,5.882352941176471e-01,4308463
2.469108586407051e+03,2.463487588744028e+03,1.764705882352941e+00,4308462
2.469499382657662e+03,2.465733946160326e+03,5.882352941176471e-01,4308464
2.470664760623711e+03,2.466132991652616e+03,5.882352941176471e-01,4308465
2.473038613686874e+03,2.471273907804521e+03,5.882352941176471e-01,4308466
2.476345483241227e+03,2.474580777358874e+03,5.882352941176471e-01,4308467
2.479011022522901e+03,2.477246316640548e+03,5.882352941176471e-01,4308468
2.480973066388469e+03,2.479208360506116e+03,5.882352941176471e-01,4308469
2.481100890065631e+03,2.479336184183278e+03,5.882352941176471e-01,4308470
2.482494729272140e+03,2.480730023389787e+03,5.882352941176471e-01,4308471
2.486478955930328e+03,2.481184838283269e+03,1.764705882352941e+00,4308472
2.486522102601799e+03,2.484757396719446e+03,5.882352941176471e-01,4308474
2.486987240186669e+03,2.481693122539610e+03,1.764705882352941e+00,4308473
2.488243661812681e+03,2.485261793399313e+03,5.882352941176471e-01,4308475
2.488728592213500e+03,2.486963886331147e+03,5.882352941176471e-01,4308476
2.492003917297562e+03,2.490239211415209e+03,5.882352941176471e-01,4308478
2.493347683326463e+03,2.488053565679404e+03,1.764705882352941e+00,4308477
2.493768623179915e+03,2.491752124055534e+03,5.882352941176471e-01,4308480
2.495112389208816e+03,2.491870529748615e+03,5.882352941176471e-01,4308481
2.495602416327241e+03,2.490308298680182e+03,1.764705882352941e+00,4308479
2.496877095091169e+03,2.494069591704823e+03,5.882352941176471e-01,4308483
2.499062740826973e+03,2.492656085669820e+03,1.764705882352941e+00,4308482
2.500827446709326e+03,2.498048841696229e+03,5.882352941176471e-01,4308486
2.500896533974299e+03,2.494916119841374e+03,1.764705882352941e+00,4308484
2.502171212738228e+03,2.495469627817034e+03,1.764705882352941e+00,4308485
2.504996453949771e+03,2.503231748067418e+03,5.882352941176471e-01,4308489
2.506447006577839e+03,2.502917594813133e+03,1.176470588235294e+00,4308488
2.506761159832124e+03,2.503662823427688e+03,5.882352941176471e-01,4308490
2.507506248863005e+03,2.502212131215946e+03,1.764705882352941e+00,4308487
2.508211712460192e+03,2.504361013337489e+03,5.882352941176471e-01,4308491
2.510448154976122e+03,2.506918743211416e+03,1.176470588235294e+00,4308492
2.510953050133649e+03,2.509188344251296e+03,5.882352941176471e-01,4308493
2.512899809109821e+03,2.509370397345115e+03,1.176470588235294e+00,4308494
2.515118651735881e+03,2.511589239971176e+03,1.176470588235294e+00,4308495
2.515650790286886e+03,2.513886084404533e+03,5.882352941176471e-01,4308496
2.519251205555819e+03,2.517486499673466e+03,5.882352941176471e-01,4308498
2.519862767875773e+03,2.514568650228714e+03,1.764705882352941e+00,4308497
2.523396198193349e+03,2.521631492310996e+03,5.882352941176471e-01,4308499
2.526049884840848e+03,2.524285178958495e+03,5.882352941176471e-01,4308501
2.526105446978734e+03,2.524340741096381e+03,5.882352941176471e-01,4308502
2.527037134382171e+03,2.523507722617465e+03,1.176470588235294e+00,4308500
2.530317429607393e+03,2.528552723725040e+03,5.882352941176471e-01,4308504
2.530477976980393e+03,2.528713271098040e+03,5.882352941176471e-01,4308505
2.533424112197176e+03,2.528129994550117e+03,1.764705882352941e+00,4308503
2.533846841372099e+03,2.530016499515979e+03,1.176470588235294e+00,4308506
2.534621380543943e+03,2.532856674661590e+03,5.882352941176471e-01,4308507
2.537741024044835e+03,2.535976318162482e+03,5.882352941176471e-01,4308508
2.539199274828353e+03,2.537434568946000e+03,5.882352941176471e-01,4308509
2.539899285663613e+03,2.538134579781260e+03,5.882352941176471e-01,4308510
2.540590663755081e+03,2.538825957872728e+03,5.882352941176471e-01,4308511
2.540963980710706e+03,2.539020645065142e+03,5.882352941176471e-01,4308512
2.541751876226179e+03,2.539987170343826e+03,5.882352941176471e-01,4308513
2.545786659379077e+03,2.544021953496724e+03,5.882352941176471e-01,4308515
2.545884781402140e+03,2.540138602393102e+03,1.764705882352941e+00,4308514
2.548437131988062e+03,2.544907720223356e+03,1.176470588235294e+00,4308516
2.549414193166846e+03,2.545863335153210e+03,1.176470588235294e+00,4308518
2.550282803177327e+03,2.548518097294974e+03,5.882352941176471e-01,4308519
2.551080777026135e+03,2.545420833658102e+03,1.764705882352941e+00,4308517
2.551744776991253e+03,2.549980071108900e+03,5.882352941176471e-01,4308520
2.552087862521252e+03,2.550323156638899e+03,5.882352941176471e-01,4308521
2.554554780969787e+03,2.552790075087434e+03,5.882352941176471e-01,4308523
2.556742329062618e+03,2.551448211415559e+03,1.764705882352941e+00,4308522
2.557735986168195e+03,2.555971280285843e+03,5.882352941176471e-01,4308525
2.558507034944971e+03,2.556376496293672e+03,5.882352941176471e-01,4308526
2.559423355834915e+03,2.554129238187856e+03,1.764705882352941e+00,4308524
2.560271740827324e+03,2.557447293179800e+03,5.882352941176471e-01,4308528
2.561188061717268e+03,2.558805513728609e+03,5.882352941176471e-01,4308529
2.562036446709677e+03,2.560164529706887e+03,5.882352941176471e-01,4308530
2.563030103815254e+03,2.556444237065289e+03,1.764705882352941e+00,4308527
2.563801152592030e+03,2.560783605062937e+03,5.882352941176471e-01,4308532
2.564717473481974e+03,2.560217956867154e+03,1.176470588235294e+00,4308531
2.566612717024760e+03,2.564848011142407e+03,5.882352941176471e-01,4308533
2.568636784475694e+03,2.566872078593341e+03,5.882352941176471e-01,4308535
2.570289226467125e+03,2.566759814702419e+03,1.176470588235294e+00,4308534
2.570526030507477e+03,2.568761324625124e+03,5.882352941176471e-01,4308536
2.572410804554982e+03,2.568881392790276e+03,1.176470588235294e+00,4308537
2.574822229432391e+03,2.573057523550038e+03,5.882352941176471e-01,4308539
2.576756143876263e+03,2.574991437993910e+03,5.882352941176471e-01,4308540
2.576873595449014e+03,2.571579477801955e+03,1.764705882352941e+00,4308538
2.578056865163630e+03,2.576292159281277e+03,5.882352941176471e-01,4308541
2.578520849758616e+03,2.576520558827346e+03,5.882352941176471e-01,4308542
2.580372881773842e+03,2.578608175891489e+03,5.882352941176471e-01,4308544
2.580589348552308e+03,2.578824642669955e+03,5.882352941176471e-01,4308545
2.583342634262913e+03,2.578048516615854e+03,1.764705882352941e+00,4308543
2.586051011075189e+03,2.584286305192836e+03,5.882352941176471e-01,4308548
2.586178255744632e+03,2.580884138097573e+03,1.764705882352941e+00,4308546
2.587815716957542e+03,2.585075049861812e+03,5.882352941176471e-01,4308549
2.589039530607416e+03,2.583745412960358e+03,1.764705882352941e+00,4308547
2.590005811328052e+03,2.588241105445699e+03,5.882352941176471e-01,4308550
2.591842920648988e+03,2.590078214766636e+03,5.882352941176471e-01,4308553
2.592568942372122e+03,2.588638876798669e+03,1.176470588235294e+00,4308552
2.593607626531341e+03,2.591734427736721e+03,5.882352941176471e-01,4308554
2.593628324978980e+03,2.588334207331921e+03,1.764705882352941e+00,4308551
2.594333648254475e+03,2.591894348990063e+03,5.882352941176471e-01,4308555
2.595393030861332e+03,2.593432172927784e+03,5.882352941176471e-01,4308557
2.596391985556553e+03,2.594627279674200e+03,5.882352941176471e-01,4308558
2.597157736743685e+03,2.594653303045026e+03,5.882352941176471e-01,4308559
2.598901744178400e+03,2.592259952902770e+03,1.764705882352941e+00,4308556
2.601967056670672e+03,2.598437644905967e+03,1.176470588235294e+00,4308560
2.602378777516696e+03,2.600614071634343e+03,5.882352941176471e-01,4308562
2.603731762553025e+03,2.600874382059717e+03,5.882352941176471e-01,4308563
2.604143483399049e+03,2.601959369104265e+03,5.882352941176471e-01,4308564
2.604480460198624e+03,2.599186342551565e+03,1.764705882352941e+00,4308561
2.607261174317731e+03,2.602376800927091e+03,1.176470588235294e+00,4308565
2.609437601046108e+03,2.602683376140580e+03,1.764705882352941e+00,4308566
2.609774577845683e+03,2.602981738707190e+03,1.764705882352941e+00,4308567
2.611202306928461e+03,2.605489808021211e+03,5.882352941176471e-01,4308569
2.612555291964790e+03,2.604910623746855e+03,1.764705882352941e+00,4308568
2.612967012810814e+03,2.608852247550549e+03,5.882352941176471e-01,4308571
2.614731718693167e+03,2.609325804270008e+03,5.882352941176471e-01,4308573
2.615068695492741e+03,2.608261015140968e+03,1.764705882352941e+00,4308570
2.616496424575520e+03,2.609483589048093e+03,5.882352941176471e-01,4308574
2.617849409611849e+03,2.609009131561540e+03,1.764705882352941e+00,4308572
2.618261130457872e+03,2.612511307917640e+03,5.882352941176471e-01,4308576
2.619614115494202e+03,2.612718472811337e+03,5.882352941176471e-01,4308577
2.620025836340225e+03,2.616663205718738e+03,5.882352941176471e-01,4308578
2.620362813139800e+03,2.610826639674846e+03,1.764705882352941e+00,4308575
2.621378821376555e+03,2.617235542525168e+03,5.882352941176471e-01,4308579
2.621790542222578e+03,2.618230158162264e+03,5.882352941176471e-01,4308580
2.622127519022153e+03,2.618445009478993e+03,5.882352941176471e-01,4308581
2.623555248104931e+03,2.620188568803386e+03,5.882352941176471e-01,4308583
2.626672939023614e+03,2.619925854650482e+03,1.764705882352941e+00,4308582
2.626970188568462e+03,2.625205482686109e+03,5.882352941176471e-01,4308585
2.627707713804551e+03,2.622413596157492e+03,1.764705882352941e+00,4308584
2.628437644905967e+03,2.626289225366899e+03,5.882352941176471e-01,4308586
2.631065435362972e+03,2.629300729480620e+03,5.882352941176471e-01,4308587
2.633660774247508e+03,2.631896068365155e+03,5.882352941176471e-01,4308588
2.636066152758876e+03,2.634301446876523e+03,5.882352941176471e-01,4308590
2.638266838333782e+03,2.632972720686723e+03,1.764705882352941e+00,4308589
2.639595564523582e+03,2.634764479634752e+03,1.176470588235294e+00,4308592
2.640006415586191e+03,2.634712297939132e+03,1.764705882352941e+00,4308591
2.643560955980840e+03,2.636813652759267e+03,1.764705882352941e+00,4308593
2.644889682170640e+03,2.637401233495275e+03,1.764705882352941e+00,4308594
2.645300533233250e+03,2.637515464846265e+03,1.764705882352941e+00,4308595
2.645325661863193e+03,2.642129285244286e+03,5.882352941176471e-01,4308596
2.646654388052993e+03,2.643307465238392e+03,5.882352941176471e-01,4308597
2.647727238120334e+03,2.645962532237981e+03,5.882352941176471e-01,4308599
2.648630566799745e+03,2.646865860917392e+03,5.882352941176471e-01,4308600
2.648899234314945e+03,2.645369822550239e+03,1.176470588235294e+00,4308598
2.649823813230557e+03,2.648059107348204e+03,5.882352941176471e-01,4308601
2.651493049903610e+03,2.649728344021257e+03,5.882352941176471e-01,4308602
2.653022519995951e+03,2.651257814113598e+03,5.882352941176471e-01,4308604
2.656049361773090e+03,2.650755244126032e+03,1.764705882352941e+00,4308603
2.657647468204755e+03,2.655882762322402e+03,5.882352941176471e-01,4308606
2.659216273269022e+03,2.653922155621963e+03,1.764705882352941e+00,4308605
2.661462507553717e+03,2.659697801671364e+03,5.882352941176471e-01,4308607
2.662245939893745e+03,2.660481234011392e+03,5.882352941176471e-01,4308608
2.663532701921956e+03,2.661767996039603e+03,5.882352941176471e-01,4308609
2.666028007550278e+03,2.664263301667925e+03,5.882352941176471e-01,4308610
2.666262173158382e+03,2.664497467276029e+03,5.882352941176471e-01,4308611
2.667147393950682e+03,2.665382688068329e+03,5.882352941176471e-01,4308612
2.668111447561615e+03,2.666346741679262e+03,5.882352941176471e-01,4308613
2.668943239257827e+03,2.667178533375475e+03,5.882352941176471e-01,4308614
2.674487488482934e+03,2.669193370835875e+03,1.764705882352941e+00,4308615
2.676052329008181e+03,2.670758211361122e+03,1.764705882352941e+00,4308616
2.676252194365287e+03,2.672903796173555e+03,5.882352941176471e-01,4308618
2.677010114601211e+03,2.671715996954152e+03,1.764705882352941e+00,4308617
2.678016900247640e+03,2.674329265907554e+03,5.882352941176471e-01,4308620
2.678774820483564e+03,2.676999246001042e+03,5.882352941176471e-01,4308621
2.681346446655240e+03,2.674322622609463e+03,1.764705882352941e+00,4308619
2.682172293155294e+03,2.680407587272941e+03,5.882352941176471e-01,4308622
2.682436491957079e+03,2.680671786074727e+03,5.882352941176471e-01,4308623
2.687434568467912e+03,2.685669862585559e+03,5.882352941176471e-01,4308624
2.688727154671750e+03,2.686962448789397e+03,5.882352941176471e-01,4308626
2.689763834634615e+03,2.687999128752262e+03,5.882352941176471e-01,4308627
2.689824543709951e+03,2.686295131945245e+03,1.176470588235294e+00,4308625
2.691255713435300e+03,2.689491007552947e+03,5.882352941176471e-01,4308628
2.693564313574396e+03,2.691799607692043e+03,5.882352941176471e-01,4308629
2.695037865050302e+03,2.693273159167949e+03,5.882352941176471e-01,4308631
2.697709035377315e+03,2.695944329494962e+03,5.882352941176471e-01,4308632
2.698563436116309e+03,2.693269318469250e+03,1.764705882352941e+00,4308630
2.699991775364957e+03,2.696462363600252e+03,1.176470588235294e+00,4308633
2.702981342300108e+03,2.701216636417755e+03,5.882352941176471e-01,4308635
2.703003153024374e+03,2.697057261045089e+03,1.764705882352941e+00,4308634
2.703631575375670e+03,2.701866869493317e+03,5.882352941176471e-01,4308636
2.707891237559014e+03,2.706126531676661e+03,5.882352941176471e-01,4308638
2.708151395048873e+03,2.706386689166520e+03,5.882352941176471e-01,4308639
2.710123395050050e+03,2.708358689167697e+03,5.882352941176471e-01,4308641
2.711356863603050e+03,2.706062745955991e+03,1.764705882352941e+00,4308637
2.711888100932403e+03,2.709156392638240e+03,5.882352941176471e-01,4308642
2.713121569485402e+03,2.709397605380355e+03,5.882352941176471e-01,4308643
2.713185355206073e+03,2.706406702355595e+03,1.764705882352941e+00,4308640
2.714886275367755e+03,2.710705769541603e+03,5.882352941176471e-01,4308645
2.716650981250108e+03,2.713631224493495e+03,5.882352941176471e-01,4308647
2.716714766970779e+03,2.711132343908689e+03,1.176470588235294e+00,4308646
2.717182218579462e+03,2.710259593018866e+03,1.764705882352941e+00,4308644
2.720763413307634e+03,2.718998707425281e+03,5.882352941176471e-01,4308650
2.721945098897167e+03,2.715899578920336e+03,1.764705882352941e+00,4308648
2.722008884617838e+03,2.716588686031833e+03,1.764705882352941e+00,4308649
2.722528119189987e+03,2.720501458758545e+03,5.882352941176471e-01,4308651
2.723709804779520e+03,2.721716068393789e+03,5.882352941176471e-01,4308652
2.723961460693542e+03,2.722196754811189e+03,5.882352941176471e-01,4308653
2.724292825072340e+03,2.722352235797853e+03,5.882352941176471e-01,4308654
2.725474510661873e+03,2.722987763922586e+03,5.882352941176471e-01,4308655
2.732474547815673e+03,2.730709841933320e+03,5.882352941176471e-01,4308657
2.732530984052099e+03,2.730766278169746e+03,5.882352941176471e-01,4308658
2.734295689934452e+03,2.732090559362240e+03,5.882352941176471e-01,4308660
2.734372792231732e+03,2.729078674584674e+03,1.764705882352941e+00,4308656
2.736060395816805e+03,2.733711303766256e+03,5.882352941176471e-01,4308661
2.736189209353348e+03,2.734424503470995e+03,5.882352941176471e-01,4308662
2.737768665462732e+03,2.731769141604904e+03,1.764705882352941e+00,4308659
2.738274900208923e+03,2.736510194326570e+03,5.882352941176471e-01,4308663
2.741448701307767e+03,2.739683995425414e+03,5.882352941176471e-01,4308665
2.743032264036261e+03,2.739502852271556e+03,1.176470588235294e+00,4308664
2.743736208187881e+03,2.740206796423175e+03,1.176470588235294e+00,4308666
2.744990859733503e+03,2.741461447968797e+03,1.176470588235294e+00,4308667
2.746469163019783e+03,2.744704457137430e+03,5.882352941176471e-01,4308669
2.747329397960138e+03,2.745564692077785e+03,5.882352941176471e-01,4308670
2.748326381683320e+03,2.741673452323488e+03,1.764705882352941e+00,4308668
2.751109895091193e+03,2.749345189208840e+03,5.882352941176471e-01,4308671
2.752101532294760e+03,2.750336826412407e+03,5.882352941176471e-01,4308672
2.756936464031779e+03,2.755171758149426e+03,5.882352941176471e-01,4308675
2.756943122947079e+03,2.751649005300020e+03,1.764705882352941e+00,4308673
2.758701169914132e+03,2.755535454732653e+03,5.882352941176471e-01,4308676
2.758707828829432e+03,2.755999958890058e+03,5.882352941176471e-01,4308677
2.760108589274691e+03,2.754814471627632e+03,1.764705882352941e+00,4308674
2.762594439221064e+03,2.759065027456358e+03,1.176470588235294e+00,4308678
2.762914147753383e+03,2.761149441871030e+03,5.882352941176471e-01,4308679
2.764082960238139e+03,2.762318254355786e+03,5.882352941176471e-01,4308680
2.765195995478863e+03,2.763431289596510e+03,5.882352941176471e-01,4308681
2.765921154798632e+03,2.764156448916279e+03,5.882352941176471e-01,4308683
2.767098377650263e+03,2.763568965885557e+03,1.176470588235294e+00,4308682
2.768086949875144e+03,2.766322243992791e+03,5.882352941176471e-01,4308685
2.770490113125921e+03,2.764352883713964e+03,1.764705882352941e+00,4308684
2.770627789414969e+03,2.767083060741780e+03,1.176470588235294e+00,4308686
2.771616361639850e+03,2.768027288294099e+03,1.176470588235294e+00,4308687
2.772254819008274e+03,2.768958866292664e+03,5.882352941176471e-01,4308688
2.773748394701139e+03,2.771983688818786e+03,5.882352941176471e-01,4308689
2.774034361990631e+03,2.772269656108278e+03,5.882352941176471e-01,4308690
2.779092992899246e+03,2.773798875252187e+03,1.764705882352941e+00,4308691
2.779702827031182e+03,2.777938121148829e+03,5.882352941176471e-01,4308693
2.781540575990892e+03,2.776246458343833e+03,1.764705882352941e+00,4308692
2.783305281873245e+03,2.780388044413511e+03,5.882352941176471e-01,4308696
2.784387110546305e+03,2.778345342112857e+03,1.764705882352941e+00,4308694
2.784996944678241e+03,2.778352317511822e+03,1.764705882352941e+00,4308695
2.786151816428658e+03,2.783553619585249e+03,5.882352941176471e-01,4308698
2.787916522311011e+03,2.785037477706906e+03,5.882352941176471e-01,4308700
2.788611213030111e+03,2.783317095383052e+03,1.764705882352941e+00,4308697
2.790291062325300e+03,2.784556524925044e+03,1.764705882352941e+00,4308699
2.790375918912464e+03,2.786594605702039e+03,5.882352941176471e-01,4308702
2.791445934075716e+03,2.786409833801521e+03,1.176470588235294e+00,4308701
2.792055768207652e+03,2.787599027645570e+03,5.882352941176471e-01,4308703
2.792140624794817e+03,2.787721029174203e+03,5.882352941176471e-01,4308704
2.793820474090005e+03,2.788501458690489e+03,5.882352941176471e-01,4308706
2.795813112488543e+03,2.794048406606190e+03,5.882352941176471e-01,4308708
2.796740051722775e+03,2.787889960625518e+03,1.764705882352941e+00,4308705
2.797577818370896e+03,2.794900445415532e+03,5.882352941176471e-01,4308709
2.798504757605128e+03,2.795876648628406e+03,5.882352941176471e-01,4308710
2.798777402701193e+03,2.793483285054134e+03,1.764705882352941e+00,4308707
2.799342524253249e+03,2.796198600014269e+03,5.882352941176471e-01,4308711
2.800269463487481e+03,2.797248436271558e+03,5.882352941176471e-01,4308712
2.800846079696282e+03,2.799081373813929e+03,5.882352941176471e-01,4308713
2.802920588492827e+03,2.801155882610474e+03,5.882352941176471e-01,4308714
2.807077110243603e+03,2.805312404361250e+03,5.882352941176471e-01,4308716
2.807412511119199e+03,2.805647805236846e+03,5.882352941176471e-01,4308717
2.809461263842653e+03,2.804167146195594e+03,1.764705882352941e+00,4308715
2.810704237514900e+03,2.808939531632547e+03,5.882352941176471e-01,4308718
2.812109594452096e+03,2.810344888569743e+03,5.882352941176471e-01,4308719
2.812312601674826e+03,2.810547895792473e+03,5.882352941176471e-01,4308720
2.815385326818096e+03,2.813620620935743e+03,5.882352941176471e-01,4308721
2.815670928304713e+03,2.813906222422360e+03,5.882352941176471e-01,4308722
2.819786008257760e+03,2.814491890610701e+03,1.764705882352941e+00,4308723
2.820679444465154e+03,2.814624697897360e+03,1.764705882352941e+00,4308724
2.820965045951772e+03,2.815210102636122e+03,1.764705882352941e+00,4308725
2.821553066333791e+03,2.819788360451438e+03,5.882352941176471e-01,4308726
2.825973562112213e+03,2.820567845915544e+03,1.764705882352941e+00,4308727
2.827641862242708e+03,2.822347744595650e+03,1.764705882352941e+00,4308728
2.828689605736977e+03,2.826924899854624e+03,5.882352941176471e-01,4308730
2.829001666529027e+03,2.825472254764321e+03,1.176470588235294e+00,4308729
2.830454311619330e+03,2.827609774163354e+03,5.882352941176471e-01,4308732
2.830892081873886e+03,2.829127375991533e+03,5.882352941176471e-01,4308733
2.832219017501683e+03,2.829569537908843e+03,5.882352941176471e-01,4308734
2.832935979889767e+03,2.827412985349422e+03,1.764705882352941e+00,4308731
2.835654956805786e+03,2.833890250923433e+03,5.882352941176471e-01,4308735
2.838616284101989e+03,2.836851578219636e+03,5.882352941176471e-01,4308736
2.841367286378124e+03,2.839602580495771e+03,5.882352941176471e-01,4308737
2.844991469388450e+03,2.843226763506097e+03,5.882352941176471e-01,4308740
2.845211940611671e+03,2.839917822964612e+03,1.764705882352941e+00,4308738
2.847831531603034e+03,2.846066825720682e+03,5.882352941176471e-01,4308741
2.848080106931399e+03,2.842785989284340e+03,1.764705882352941e+00,4308739
2.849940500384782e+03,2.848175794502429e+03,5.882352941176471e-01,4308742
2.853665938174125e+03,2.848371820527066e+03,1.764705882352941e+00,4308743
2.855432431250130e+03,2.853667725367777e+03,5.882352941176471e-01,4308744
2.856770212914573e+03,2.855005507032220e+03,5.882352941176471e-01,4308745
2.859510320181290e+03,2.857745614298937e+03,5.882352941176471e-01,4308747
2.861394213964874e+03,2.856100096317816e+03,1.764705882352941e+00,4308746
2.861838683601676e+03,2.860073977719323e+03,5.882352941176471e-01,4308749
2.863343141682816e+03,2.858049024035757e+03,1.764705882352941e+00,4308748
2.863353324004867e+03,2.861588618122514e+03,5.882352941176471e-01,4308750
2.863603389484029e+03,2.861722651843282e+03,5.882352941176471e-01,4308751
2.865704891498888e+03,2.863940185616536e+03,5.882352941176471e-01,4308754
2.867469597381241e+03,2.864670900750342e+03,5.882352941176471e-01,4308755
2.868637259329875e+03,2.862329543827812e+03,1.764705882352941e+00,4308752
2.868647441651926e+03,2.862742709507754e+03,1.764705882352941e+00,4308753
2.870401965212228e+03,2.866727241261262e+03,5.882352941176471e-01,4308757
2.872763715028300e+03,2.865466534439667e+03,1.764705882352941e+00,4308756
2.879400010897693e+03,2.875870599132988e+03,1.176470588235294e+00,4308758
2.881549194913291e+03,2.879784489030938e+03,5.882352941176471e-01,4308759
2.885832292635616e+03,2.880538174988558e+03,1.764705882352941e+00,4308760
2.891050793593598e+03,2.889286087711245e+03,5.882352941176471e-01,4308762
2.891775075525842e+03,2.886480957878784e+03,1.764705882352941e+00,4308761
2.893635480376485e+03,2.891870774494132e+03,5.882352941176471e-01,4308764
2.893919946786156e+03,2.892155240903803e+03,5.882352941176471e-01,4308765
2.895475415106616e+03,2.890181297459557e+03,1.764705882352941e+00,4308763
2.896797502633779e+03,2.895032796751426e+03,5.882352941176471e-01,4308767
2.898562208516132e+03,2.896538943065172e+03,5.882352941176471e-01,4308769
2.898929598023544e+03,2.892600691045018e+03,1.764705882352941e+00,4308766
2.899208811229219e+03,2.895679399464513e+03,1.176470588235294e+00,4308768
2.901483967880435e+03,2.899719261998082e+03,5.882352941176471e-01,4308772
2.903856326163190e+03,2.897910074386862e+03,1.764705882352941e+00,4308770
2.904223715670602e+03,2.898700721526383e+03,1.764705882352941e+00,4308771
2.904728511388047e+03,2.902963805505694e+03,5.882352941176471e-01,4308773
2.905719307736554e+03,2.903954601854201e+03,5.882352941176471e-01,4308774
2.906955965575047e+03,2.905191259692694e+03,5.882352941176471e-01,4308775
2.908882706355216e+03,2.905353294590510e+03,1.176470588235294e+00,4308776
2.912581608618801e+03,2.910816902736448e+03,5.882352941176471e-01,4308777
2.916051129865541e+03,2.914286423983188e+03,5.882352941176471e-01,4308778
2.919741469664228e+03,2.916212057899522e+03,1.176470588235294e+00,4308780
2.919794405310607e+03,2.918029699428254e+03,5.882352941176471e-01,4308781
2.920312044989149e+03,2.915017927342090e+03,1.764705882352941e+00,4308779
2.923064800385963e+03,2.921300094503611e+03,5.882352941176471e-01,4308782
2.923418925924024e+03,2.921654220041672e+03,5.882352941176471e-01,4308783
2.924210200273328e+03,2.922445494390975e+03,5.882352941176471e-01,4308784
2.926377608345857e+03,2.924612902463504e+03,5.882352941176471e-01,4308785
2.927193049232002e+03,2.925428343349649e+03,5.882352941176471e-01,4308786
2.928547707143124e+03,2.926783001260771e+03,5.882352941176471e-01,4308787
2.930176445289089e+03,2.928411739406736e+03,5.882352941176471e-01,4308788
2.931385337940196e+03,2.929620632057843e+03,5.882352941176471e-01,4308790
2.931941151171442e+03,2.930115595545225e+03,5.882352941176471e-01,4308791
2.933150043822549e+03,2.931077296052647e+03,5.882352941176471e-01,4308792
2.933990641524748e+03,2.932225935642395e+03,5.882352941176471e-01,4308793
2.934852887248755e+03,2.929558769601696e+03,1.764705882352941e+00,4308789
2.934914749704902e+03,2.932971378817804e+03,5.882352941176471e-01,4308794
2.937006240815410e+03,2.935241534933057e+03,5.882352941176471e-01,4308796
2.939284759171807e+03,2.932992352967705e+03,1.764705882352941e+00,4308795
2.939709031114869e+03,2.937944325232516e+03,5.882352941176471e-01,4308798
2.942357036244148e+03,2.937062918597090e+03,1.764705882352941e+00,4308797
2.942975940832283e+03,2.939446529067577e+03,1.176470588235294e+00,4308799
2.945270893115726e+03,2.943506187233373e+03,5.882352941176471e-01,4308802
2.946081673963055e+03,2.942552262198350e+03,1.176470588235294e+00,4308801
2.947035598998079e+03,2.944543353864068e+03,5.882352941176471e-01,4308803
2.947626945433321e+03,2.942332827786262e+03,1.764705882352941e+00,4308800
2.950028884701119e+03,2.948264178818766e+03,5.882352941176471e-01,4308804
2.950584688833316e+03,2.948819982950963e+03,5.882352941176471e-01,4308805
2.951093011214429e+03,2.949328305332076e+03,5.882352941176471e-01,4308806
2.952478952922332e+03,2.950714247039979e+03,5.882352941176471e-01,4308807
2.955869933089903e+03,2.954105227207550e+03,5.882352941176471e-01,4308810
2.956181826681181e+03,2.950887709034122e+03,1.764705882352941e+00,4308808
2.956515840882769e+03,2.951221723235710e+03,1.764705882352941e+00,4308809
2.957634638972256e+03,2.954325336453312e+03,5.882352941176471e-01,4308811
2.959440120968703e+03,2.957675415086350e+03,5.882352941176471e-01,4308812
2.959786393417367e+03,2.958021687535014e+03,5.882352941176471e-01,4308813
2.962661100184125e+03,2.960896394301772e+03,5.882352941176471e-01,4308815
2.964375035051051e+03,2.959080917403993e+03,1.764705882352941e+00,4308814
2.966740684248327e+03,2.964975978365974e+03,5.882352941176471e-01,4308818
2.967305696318449e+03,2.962011578671390e+03,1.764705882352941e+00,4308816
2.968406476180292e+03,2.963112358533233e+03,1.764705882352941e+00,4308817
2.972616065621317e+03,2.970851359738964e+03,5.882352941176471e-01,4308819
2.974275860134807e+03,2.972511154252455e+03,5.882352941176471e-01,4308821
2.976040566017160e+03,2.974268135843969e+03,5.882352941176471e-01,4308823
2.977746797222422e+03,2.972452679575363e+03,1.764705882352941e+00,4308820
2.977805271899513e+03,2.975047397434852e+03,5.882352941176471e-01,4308824
2.978231514391244e+03,2.972937396744185e+03,1.764705882352941e+00,4308822
2.980406252810152e+03,2.978641546927799e+03,5.882352941176471e-01,4308826
2.982170958692505e+03,2.979208099559759e+03,5.882352941176471e-01,4308828
2.982530492020891e+03,2.979001080256185e+03,1.176470588235294e+00,4308827
2.983040914869481e+03,2.977744189335932e+03,1.764705882352941e+00,4308825
2.983935664574858e+03,2.980027770739649e+03,5.882352941176471e-01,4308829
2.987465076339564e+03,2.982326078063500e+03,1.176470588235294e+00,4308832
2.987824609667950e+03,2.981179210911172e+03,1.764705882352941e+00,4308830
2.988335032516539e+03,2.982278317131848e+03,1.764705882352941e+00,4308831
2.989229782221917e+03,2.983028121645143e+03,5.882352941176471e-01,4308833
2.989589315550303e+03,2.983179203377982e+03,5.882352941176471e-01,4308834
2.990099738398892e+03,2.984797083894258e+03,5.882352941176471e-01,4308835
2.990994488104270e+03,2.985025980673742e+03,5.882352941176471e-01,4308836
2.991354021432656e+03,2.985503338921131e+03,5.882352941176471e-01,4308837
2.991864444281245e+03,2.986277385443271e+03,5.882352941176471e-01,4308838
2.992759193986623e+03,2.986336088257822e+03,5.882352941176471e-01,4308839
2.993629150163598e+03,2.988467837935317e+03,5.882352941176471e-01,4308841
2.994523899868976e+03,2.988824597848746e+03,5.882352941176471e-01,4308842
2.994883433197362e+03,2.986590402189182e+03,1.176470588235294e+00,4308840
2.996288605751329e+03,2.991157325554984e+03,5.882352941176471e-01,4308844
2.996648139079715e+03,2.993728890604897e+03,5.882352941176471e-01,4308845
2.998093734073307e+03,2.996329028190954e+03,5.882352941176471e-01,4308846
2.998679567607881e+03,2.996914861725528e+03,5.882352941176471e-01,4308847
2.998923267810657e+03,2.991082655250775e+03,1.764705882352941e+00,4308843
3.000358379633861e+03,2.998593673751508e+03,5.882352941176471e-01,4308848
3.003150807323580e+03,3.001386101441227e+03,5.882352941176471e-01,4308850
3.004183271355254e+03,3.002418565472901e+03,5.882352941176471e-01,4308851
3.004915513205933e+03,3.002808066517061e+03,5.882352941176471e-01,4308852
3.005832593432680e+03,3.000538475785621e+03,1.764705882352941e+00,4308849
3.012610283953251e+03,3.010845578070898e+03,5.882352941176471e-01,4308854
3.015314174962069e+03,3.010020057315010e+03,1.764705882352941e+00,4308853
3.016302181260021e+03,3.011008063612962e+03,1.764705882352941e+00,4308855
3.017078880844421e+03,3.011696105511305e+03,5.882352941176471e-01,4308857
3.017904401600310e+03,3.011474787095479e+03,1.764705882352941e+00,4308856
3.018066887142374e+03,3.011791973579022e+03,5.882352941176471e-01,4308858
3.018843586726774e+03,3.011976849731138e+03,5.882352941176471e-01,4308859
3.019669107482663e+03,3.012945411694100e+03,5.882352941176471e-01,4308860
3.019831593024727e+03,3.015017444486210e+03,5.882352941176471e-01,4308861
3.024266240793556e+03,3.022501534911203e+03,5.882352941176471e-01,4308862
3.026801486880657e+03,3.025036780998304e+03,5.882352941176471e-01,4308865
3.028566192763009e+03,3.025952347036779e+03,5.882352941176471e-01,4308866
3.028950331088127e+03,3.023656213441068e+03,1.764705882352941e+00,4308863
3.029015973473545e+03,3.023721855826486e+03,1.764705882352941e+00,4308864
3.032095604527715e+03,3.028309348133037e+03,1.176470588235294e+00,4308867
3.032974651012081e+03,3.031209945129728e+03,5.882352941176471e-01,4308868
3.034356723706310e+03,3.032592017823957e+03,5.882352941176471e-01,4308870
3.036711786745731e+03,3.031417669098672e+03,1.764705882352941e+00,4308869
3.038268768659140e+03,3.032604536154314e+03,1.764705882352941e+00,4308871
3.040033474541493e+03,3.037348752852196e+03,5.882352941176471e-01,4308874
3.041782402234408e+03,3.036488284587349e+03,1.764705882352941e+00,4308872
3.041798180423846e+03,3.038615021577607e+03,5.882352941176471e-01,4308875
3.042544671584988e+03,3.037250553937929e+03,1.764705882352941e+00,4308873
3.043547108116761e+03,3.038616670108590e+03,5.882352941176471e-01,4308876
3.043562886306199e+03,3.038672421194355e+03,5.882352941176471e-01,4308877
3.044309377467341e+03,3.038686462476881e+03,5.882352941176471e-01,4308878
3.045327592188552e+03,3.040061481953593e+03,5.882352941176471e-01,4308880
3.046074083349694e+03,3.042174007333382e+03,5.882352941176471e-01,4308881
3.048841225763820e+03,3.039440664145062e+03,1.764705882352941e+00,4308879
3.052749159036055e+03,3.050984453153702e+03,5.882352941176471e-01,4308883
3.052807964712797e+03,3.051043258830444e+03,5.882352941176471e-01,4308884
3.054513864918408e+03,3.051915653764872e+03,5.882352941176471e-01,4308885
3.054572670595150e+03,3.052701964970398e+03,5.882352941176471e-01,4308886
3.055066405699873e+03,3.049772288052814e+03,1.764705882352941e+00,4308882
3.057263185818366e+03,3.055498479936013e+03,5.882352941176471e-01,4308887
3.062543042174579e+03,3.057248924527520e+03,1.764705882352941e+00,4308888
3.070132375887338e+03,3.068367670004985e+03,5.882352941176471e-01,4308891
3.070352108672698e+03,3.065057991025639e+03,1.764705882352941e+00,4308889
3.070652647918437e+03,3.065358530271379e+03,1.764705882352941e+00,4308890
3.072449446209139e+03,3.070684740326786e+03,5.882352941176471e-01,4308893
3.073458479418002e+03,3.071693773535649e+03,5.882352941176471e-01,4308894
3.073661787652044e+03,3.069918589039156e+03,1.176470588235294e+00,4308892
3.076955033584871e+03,3.075190327702518e+03,5.882352941176471e-01,4308895
3.077531961678363e+03,3.075767255796010e+03,5.882352941176471e-01,4308897
3.078856398930372e+03,3.075326987165666e+03,1.176470588235294e+00,4308896
3.080125702833699e+03,3.078360996951346e+03,5.882352941176471e-01,4308898
3.083503019121648e+03,3.081738313239295e+03,5.882352941176471e-01,4308899
3.084715077066595e+03,3.082950371184242e+03,5.882352941176471e-01,4308900
3.086771515206758e+03,3.085006809324405e+03,5.882352941176471e-01,4308901
3.089480972551805e+03,3.087716266669452e+03,5.882352941176471e-01,4308902
3.092906147977789e+03,3.089376736213083e+03,1.176470588235294e+00,4308903
3.093312427047727e+03,3.091547721165374e+03,5.882352941176471e-01,4308904
3.094518831537895e+03,3.092754125655542e+03,5.882352941176471e-01,4308905
3.095674956849254e+03,3.093910250966901e+03,5.882352941176471e-01,4308906
3.102870812285790e+03,3.097576694638731e+03,1.764705882352941e+00,4308907
3.107164251256742e+03,3.101870133609683e+03,1.764705882352941e+00,4308908
3.109587463016519e+03,3.104293345369460e+03,1.764705882352941e+00,4308909
3.110927326159874e+03,3.107397914395168e+03,1.176470588235294e+00,4308911
3.111352168898872e+03,3.108701857792469e+03,5.882352941176471e-01,4308912
3.112558951306385e+03,3.107264833659326e+03,1.764705882352941e+00,4308910
3.113116874781225e+03,3.111035907660712e+03,5.882352941176471e-01,4308914
3.115313242064856e+03,3.113548536182504e+03,5.882352941176471e-01,4308915
3.116221443806933e+03,3.109146906266055e+03,1.764705882352941e+00,4308913
3.118483816774985e+03,3.116719110892632e+03,5.882352941176471e-01,4308916
3.124183164481270e+03,3.122418458598917e+03,5.882352941176471e-01,4308919
3.124247918819176e+03,3.118953801172117e+03,1.764705882352941e+00,4308917
3.125947870363623e+03,3.123424757591239e+03,5.882352941176471e-01,4308920
3.126325522605564e+03,3.121031404958505e+03,1.764705882352941e+00,4308918
3.126539625265223e+03,3.124774919382871e+03,5.882352941176471e-01,4308921
3.129064789653620e+03,3.127300083771267e+03,5.882352941176471e-01,4308922
3.131806266815063e+03,3.128276855050358e+03,1.176470588235294e+00,4308923
3.132043038108137e+03,3.130278332225784e+03,5.882352941176471e-01,4308924
3.133904070180853e+03,3.132139364298500e+03,5.882352941176471e-01,4308925
3.137600101459885e+03,3.135835395577532e+03,5.882352941176471e-01,4308927
3.137917341501673e+03,3.134387929736968e+03,1.176470588235294e+00,4308926
3.138038681509503e+03,3.136273975627150e+03,5.882352941176471e-01,4308928
3.139682047384026e+03,3.137181590839766e+03,5.882352941176471e-01,4308930
3.139803387391856e+03,3.137780395719871e+03,5.882352941176471e-01,4308931
3.141568093274209e+03,3.139239315214851e+03,5.882352941176471e-01,4308933
3.142894219106944e+03,3.136340982472877e+03,1.764705882352941e+00,4308929
3.143896779953762e+03,3.142132074071409e+03,5.882352941176471e-01,4308934
3.144976165031085e+03,3.138387204433015e+03,1.764705882352941e+00,4308932
3.145946060922719e+03,3.144181355040366e+03,5.882352941176471e-01,4308936
3.146850413006650e+03,3.145085707124297e+03,5.882352941176471e-01,4308937
3.147959301376399e+03,3.146194595494046e+03,5.882352941176471e-01,4308938
3.148188336754003e+03,3.142656984873655e+03,1.764705882352941e+00,4308935
3.150592119694378e+03,3.148827413812025e+03,5.882352941176471e-01,4308940
3.152785665624150e+03,3.151020959741797e+03,5.882352941176471e-01,4308942
3.153655201802561e+03,3.148361084155503e+03,1.764705882352941e+00,4308939
3.154550371506503e+03,3.151598174208142e+03,5.882352941176471e-01,4308943
3.154773854306764e+03,3.149479736659705e+03,1.764705882352941e+00,4308941
3.155419907684914e+03,3.152025679931660e+03,5.882352941176471e-01,4308944
3.156315077388856e+03,3.152897335190787e+03,5.882352941176471e-01,4308945
3.156538560189117e+03,3.153401509875924e+03,5.882352941176471e-01,4308946
3.157184613567267e+03,3.153493359660698e+03,5.882352941176471e-01,4308947
3.162110180154093e+03,3.160345474271740e+03,5.882352941176471e-01,4308949
3.162886396804101e+03,3.161121690921748e+03,5.882352941176471e-01,4308950
3.164888395335209e+03,3.159594277688150e+03,1.764705882352941e+00,4308948
3.165959658665178e+03,3.164194952782825e+03,5.882352941176471e-01,4308951
3.167668858406007e+03,3.165904152523654e+03,5.882352941176471e-01,4308952
3.172890137775919e+03,3.167596020128860e+03,1.764705882352941e+00,4308953
3.173741638168321e+03,3.171976932285968e+03,5.882352941176471e-01,4308955
3.174537423960854e+03,3.169243306313796e+03,1.764705882352941e+00,4308954
3.183269926433957e+03,3.179740514669251e+03,1.176470588235294e+00,4308956
3.187287683718588e+03,3.183758271953882e+03,1.176470588235294e+00,4308958
3.187602758145783e+03,3.182308640498724e+03,1.764705882352941e+00,4308957
3.188454831856520e+03,3.186690125974167e+03,5.882352941176471e-01,4308959
3.189106689973487e+03,3.187341984091134e+03,5.882352941176471e-01,4308960
3.190219537738873e+03,3.187840301016341e+03,5.882352941176471e-01,4308962
3.191219892648456e+03,3.189455186766103e+03,5.882352941176471e-01,4308963
3.193068780238174e+03,3.187774662591115e+03,1.764705882352941e+00,4308961
3.194833486120527e+03,3.192727131488810e+03,5.882352941176471e-01,4308966
3.195513655385932e+03,3.189804047685610e+03,1.764705882352941e+00,4308964
3.195811924280973e+03,3.192282512516267e+03,1.176470588235294e+00,4308965
3.197171675081804e+03,3.195406969199451e+03,5.882352941176471e-01,4308967
3.200333574487536e+03,3.198568868605183e+03,5.882352941176471e-01,4308968
3.204218380343381e+03,3.198924262696322e+03,1.764705882352941e+00,4308969
3.204437702454134e+03,3.199143584807075e+03,1.764705882352941e+00,4308970
3.205627692134595e+03,3.199793595785580e+03,1.764705882352941e+00,4308971
3.205983086225734e+03,3.201188620212833e+03,5.882352941176471e-01,4308972
3.209337167174795e+03,3.207572461292442e+03,5.882352941176471e-01,4308974
3.210091283744163e+03,3.208326577861810e+03,5.882352941176471e-01,4308975
3.211189900438784e+03,3.205895782791726e+03,1.764705882352941e+00,4308973
3.212347863615895e+03,3.210583157733542e+03,5.882352941176471e-01,4308976
3.212565960528895e+03,3.210801254646542e+03,5.882352941176471e-01,4308977
3.212954606321137e+03,3.210879955249913e+03,5.882352941176471e-01,4308978
3.214551226394102e+03,3.212786520511749e+03,5.882352941176471e-01,4308979
3.216371788214497e+03,3.212842376449791e+03,1.176470588235294e+00,4308980
3.218601935478692e+03,3.216837229596339e+03,5.882352941176471e-01,4308982
3.221489271178699e+03,3.216195153531641e+03,1.764705882352941e+00,4308981
3.224887600391979e+03,3.219593482744920e+03,1.764705882352941e+00,4308983
3.225820264529957e+03,3.224055558647604e+03,5.882352941176471e-01,4308985
3.226527403360703e+03,3.221233285713644e+03,1.764705882352941e+00,4308984
3.226931562491458e+03,3.225166856609105e+03,5.882352941176471e-01,4308986
3.231610106666815e+03,3.229845400784462e+03,5.882352941176471e-01,4308988
3.235011329160828e+03,3.229717211513769e+03,1.764705882352941e+00,4308987
3.236211850579413e+03,3.234447144697060e+03,5.882352941176471e-01,4308990
3.236473487235325e+03,3.232944075470619e+03,1.176470588235294e+00,4308989
3.236776035043181e+03,3.234507246022519e+03,5.882352941176471e-01,4308991
3.244279187147512e+03,3.238985069500453e+03,1.764705882352941e+00,4308992
3.244283261908111e+03,3.242518556025758e+03,5.882352941176471e-01,4308994
3.244989782634969e+03,3.241460370870263e+03,1.176470588235294e+00,4308993
3.246043893029864e+03,3.243542105955390e+03,5.882352941176471e-01,4308995
3.246047967790464e+03,3.243600323321524e+03,5.882352941176471e-01,4308996
3.248651701087240e+03,3.246886995204887e+03,5.882352941176471e-01,4308999
3.250283900282028e+03,3.244020357619669e+03,1.764705882352941e+00,4308997
3.251338010676923e+03,3.244877457891174e+03,1.764705882352941e+00,4308998
3.252048606164381e+03,3.248052890627798e+03,5.882352941176471e-01,4309001
3.252181112851946e+03,3.247947507016845e+03,1.176470588235294e+00,4309000
3.253102716559276e+03,3.248768059919396e+03,5.882352941176471e-01,4309002
3.253945818734299e+03,3.250501848023091e+03,5.882352941176471e-01,4309004
3.254867422441629e+03,3.252030381476464e+03,5.882352941176471e-01,4309005
3.255578017929087e+03,3.249946730330774e+03,1.176470588235294e+00,4309003
3.255710524616652e+03,3.252333610551311e+03,5.882352941176471e-01,4309006
3.256632128323982e+03,3.254081399646662e+03,5.882352941176471e-01,4309007
3.260212713053019e+03,3.258448007170666e+03,5.882352941176471e-01,4309010
3.261977418935372e+03,3.258710593077148e+03,5.882352941176471e-01,4309011
3.262003978586168e+03,3.256709860939109e+03,1.764705882352941e+00,4309008
3.263355644439877e+03,3.258061526792818e+03,1.764705882352941e+00,4309009
3.264712565784823e+03,3.262947859902470e+03,5.882352941176471e-01,4309012
3.269154200643901e+03,3.267389494761548e+03,5.882352941176471e-01,4309013
3.269606705535266e+03,3.267841999652913e+03,5.882352941176471e-01,4309014
3.274597653496160e+03,3.272832947613807e+03,5.882352941176471e-01,4309015
3.277818231138361e+03,3.276053525256008e+03,5.882352941176471e-01,4309017
3.278598747590995e+03,3.276834041708642e+03,5.882352941176471e-01,4309018
3.278750698603564e+03,3.273456580956505e+03,1.764705882352941e+00,4309016
3.282219126624930e+03,3.280454420742577e+03,5.882352941176471e-01,4309019
3.282970711734779e+03,3.281206005852426e+03,5.882352941176471e-01,4309020
3.288489546698844e+03,3.283195429051785e+03,1.764705882352941e+00,4309021
3.290513914402132e+03,3.288749208519779e+03,5.882352941176471e-01,4309022
3.292373511834513e+03,3.290608805952160e+03,5.882352941176471e-01,4309025
3.292420734198140e+03,3.288891322433434e+03,1.176470588235294e+00,4309023
3.292974655367659e+03,3.289445243602953e+03,1.176470588235294e+00,4309024
3.294138217716866e+03,3.291279475909858e+03,5.882352941176471e-01,4309026
3.298057049399338e+03,3.296292343516985e+03,5.882352941176471e-01,4309027
3.301672275027805e+03,3.299907569145452e+03,5.882352941176471e-01,4309029
3.303108777278470e+03,3.301344071396117e+03,5.882352941176471e-01,4309030
3.303317851098431e+03,3.298023733451372e+03,1.764705882352941e+00,4309028
3.315964697306715e+03,3.310670579659656e+03,1.764705882352941e+00,4309031
3.316135976315596e+03,3.310841858668537e+03,1.764705882352941e+00,4309032
3.317911112811312e+03,3.316146406928959e+03,5.882352941176471e-01,4309034
3.319022594158487e+03,3.317257888276134e+03,5.882352941176471e-01,4309035
3.319982779379476e+03,3.314688661732417e+03,1.764705882352941e+00,4309033
3.324735579625372e+03,3.322970873743019e+03,5.882352941176471e-01,4309036
3.325275027583590e+03,3.323510321701237e+03,5.882352941176471e-01,4309037
3.327449986800339e+03,3.325685280917986e+03,5.882352941176471e-01,4309039
3.328989018806910e+03,3.323694901159851e+03,1.764705882352941e+00,4309038
3.332955510860426e+03,3.331190804978073e+03,5.882352941176471e-01,4309042
3.333249575440627e+03,3.327955457793568e+03,1.764705882352941e+00,4309040
3.334720216742778e+03,3.331578936673685e+03,5.882352941176471e-01,4309043
3.335014281322980e+03,3.331810308208329e+03,5.882352941176471e-01,4309044
3.335573458332014e+03,3.330279340684955e+03,1.764705882352941e+00,4309041
3.338933962238186e+03,3.337169256355833e+03,5.882352941176471e-01,4309046
3.341091268780143e+03,3.335797151133085e+03,1.764705882352941e+00,4309045
3.342507026949325e+03,3.337212909302267e+03,1.764705882352941e+00,4309047
3.342855974662496e+03,3.338285414265241e+03,5.882352941176471e-01,4309049
3.344228079885245e+03,3.338178587482155e+03,1.764705882352941e+00,4309048
3.347801144596384e+03,3.340229497366532e+03,1.764705882352941e+00,4309050
3.348203678400504e+03,3.344674266635798e+03,1.176470588235294e+00,4309052
3.348260278520523e+03,3.342966160873465e+03,1.764705882352941e+00,4309051
3.349968384282857e+03,3.346743274039802e+03,5.882352941176471e-01,4309054
3.352534845013643e+03,3.350770139131290e+03,5.882352941176471e-01,4309055
3.353095262243443e+03,3.346725018059257e+03,1.764705882352941e+00,4309053
3.353277678616958e+03,3.351512972734605e+03,5.882352941176471e-01,4309056
3.354859968125796e+03,3.352057041524389e+03,5.882352941176471e-01,4309058
3.356624674008149e+03,3.353289400561069e+03,5.882352941176471e-01,4309060
3.357828962660701e+03,3.351867489007070e+03,1.764705882352941e+00,4309057
3.358389379890502e+03,3.353978557249763e+03,5.882352941176471e-01,4309061
3.358571796264017e+03,3.352318910478105e+03,1.764705882352941e+00,4309059
3.359593668543054e+03,3.354797006680978e+03,5.882352941176471e-01,4309062
3.363683497537561e+03,3.356563627373073e+03,1.764705882352941e+00,4309063
3.364826798403788e+03,3.363062092521435e+03,5.882352941176471e-01,4309065
3.365172221493366e+03,3.359878103846307e+03,1.764705882352941e+00,4309064
3.368421092785290e+03,3.364891681020585e+03,1.176470588235294e+00,4309066
3.369575806707220e+03,3.367811100824867e+03,5.882352941176471e-01,4309067
3.369596070407172e+03,3.367831364524819e+03,5.882352941176471e-01,4309068
3.370185798667643e+03,3.368244376952241e+03,5.882352941176471e-01,4309069
3.371340512589573e+03,3.368711431677558e+03,5.882352941176471e-01,4309070
3.374804221999387e+03,3.373039516117035e+03,5.882352941176471e-01,4309071
3.375710554227843e+03,3.373945848345491e+03,5.882352941176471e-01,4309073
3.376568927881740e+03,3.374510162113423e+03,5.882352941176471e-01,4309074
3.377387241031916e+03,3.373857829267210e+03,1.176470588235294e+00,4309072
3.377475260110196e+03,3.374664515428844e+03,5.882352941176471e-01,4309075
3.378333633764093e+03,3.375166893576495e+03,5.882352941176471e-01,4309076
3.379705196653599e+03,3.377940490771246e+03,5.882352941176471e-01,4309078
3.380160891513059e+03,3.378396185630706e+03,5.882352941176471e-01,4309079
3.382681358678974e+03,3.377002842735211e+03,1.764705882352941e+00,4309077
3.388071211785281e+03,3.386306505902928e+03,5.882352941176471e-01,4309080
3.392249255879256e+03,3.386955138232197e+03,1.764705882352941e+00,4309081
3.394713706294985e+03,3.392949000412632e+03,5.882352941176471e-01,4309083
3.395863890921201e+03,3.392334479156496e+03,1.176470588235294e+00,4309082
3.397106732867786e+03,3.395342026985433e+03,5.882352941176471e-01,4309084
3.398150226634209e+03,3.396385520751856e+03,5.882352941176471e-01,4309085
3.400662440387342e+03,3.398897734504989e+03,5.882352941176471e-01,4309086
3.402525344110252e+03,3.400760638227899e+03,5.882352941176471e-01,4309088
3.404278334610258e+03,3.398984216963199e+03,1.764705882352941e+00,4309087
3.410615934002300e+03,3.407086522237594e+03,1.176470588235294e+00,4309090
3.412035521326016e+03,3.406741403678957e+03,1.764705882352941e+00,4309089
3.413679881901077e+03,3.408385764254018e+03,1.764705882352941e+00,4309091
3.413800227208369e+03,3.410261208636900e+03,5.882352941176471e-01,4309093
3.415910051649359e+03,3.408673693592944e+03,1.764705882352941e+00,4309092
3.418973999548136e+03,3.410669984916451e+03,1.764705882352941e+00,4309094
3.419094344855428e+03,3.411802837656342e+03,1.764705882352941e+00,4309095
3.419439463414065e+03,3.414121314189840e+03,1.176470588235294e+00,4309096
3.420738705430489e+03,3.415794252997600e+03,5.882352941176471e-01,4309097
3.421204169296418e+03,3.416936600642901e+03,5.882352941176471e-01,4309099
3.422623756620134e+03,3.415935029837887e+03,1.176470588235294e+00,4309098
3.422968875178771e+03,3.418086137489710e+03,5.882352941176471e-01,4309101
3.424388462502487e+03,3.418653365821821e+03,5.882352941176471e-01,4309102
3.424733581061124e+03,3.421113366106175e+03,5.882352941176471e-01,4309103
3.426032823077548e+03,3.417797700390708e+03,1.764705882352941e+00,4309100
3.427797528959901e+03,3.425823288753009e+03,5.882352941176471e-01,4309106
3.429562234842254e+03,3.425918759417479e+03,5.882352941176471e-01,4309107
3.429682580149546e+03,3.423151205891044e+03,1.764705882352941e+00,4309104
3.430102122368078e+03,3.424808004721019e+03,1.764705882352941e+00,4309105
3.431326940724607e+03,3.426152981212427e+03,5.882352941176471e-01,4309108
3.431447286031898e+03,3.426215543106338e+03,5.882352941176471e-01,4309109
3.433631534132783e+03,3.426297405382670e+03,1.176470588235294e+00,4309110
3.434856352489313e+03,3.427290581883454e+03,1.176470588235294e+00,4309111
3.434976697796604e+03,3.427429209354853e+03,1.176470588235294e+00,4309112
3.435396240015136e+03,3.428277650241386e+03,5.882352941176471e-01,4309113
3.436741403678957e+03,3.431774240393819e+03,5.882352941176471e-01,4309115
3.437160945897489e+03,3.433193053124883e+03,5.882352941176471e-01,4309116
3.438925651779842e+03,3.433843855697419e+03,5.882352941176471e-01,4309118
3.440150470136371e+03,3.431436158601390e+03,1.764705882352941e+00,4309114
3.440690357662195e+03,3.435304825907878e+03,5.882352941176471e-01,4309119
3.442035521326016e+03,3.433269973431613e+03,1.764705882352941e+00,4309117
3.444376829366619e+03,3.442612123484266e+03,5.882352941176471e-01,4309121
3.445444587783430e+03,3.437871294772078e+03,1.764705882352941e+00,4309120
3.447209293665783e+03,3.445368201569309e+03,5.882352941176471e-01,4309124
3.448973999548136e+03,3.445999394928837e+03,5.882352941176471e-01,4309125
3.449792208887220e+03,3.444498091240161e+03,1.764705882352941e+00,4309122
3.450371895380431e+03,3.445077777733372e+03,1.764705882352941e+00,4309123
3.450738705430489e+03,3.448209258995993e+03,5.882352941176471e-01,4309126
3.451556914769573e+03,3.449211536794528e+03,5.882352941176471e-01,4309127
3.452774435233985e+03,3.451009729351632e+03,5.882352941176471e-01,4309128
3.458392410059752e+03,3.456627704177399e+03,5.882352941176471e-01,4309129
3.458523779868171e+03,3.456759073985818e+03,5.882352941176471e-01,4309130
3.459863512309494e+03,3.458098806427141e+03,5.882352941176471e-01,4309131
3.460407287448262e+03,3.458642581565909e+03,5.882352941176471e-01,4309132
3.463289129102589e+03,3.461524423220236e+03,5.882352941176471e-01,4309133
3.466267962932635e+03,3.464503257050282e+03,5.882352941176471e-01,4309134
3.470469901462035e+03,3.465175783814976e+03,1.764705882352941e+00,4309135
3.470676460688714e+03,3.468911754806362e+03,5.882352941176471e-01,4309136
3.472677303331179e+03,3.469147891566473e+03,1.176470588235294e+00,4309137
3.475465413748495e+03,3.473700707866142e+03,5.882352941176471e-01,4309138
3.477703268237913e+03,3.474173856473207e+03,1.176470588235294e+00,4309139
3.479289370107195e+03,3.475759958342490e+03,1.176470588235294e+00,4309141
3.480946073288327e+03,3.475651955641268e+03,1.764705882352941e+00,4309140
3.481748745989345e+03,3.479984040106992e+03,5.882352941176471e-01,4309143
3.484027620459542e+03,3.478733502812483e+03,1.764705882352941e+00,4309142
3.484475485053033e+03,3.480558688367636e+03,1.176470588235294e+00,4309144
3.485792326341895e+03,3.482094733733603e+03,5.882352941176471e-01,4309146
3.486240190935386e+03,3.482143399717129e+03,5.882352941176471e-01,4309147
3.487042863636404e+03,3.481357209532731e+03,1.764705882352941e+00,4309145
3.487557032224247e+03,3.482269473390172e+03,5.882352941176471e-01,4309148
3.488807569518757e+03,3.486322430038603e+03,5.882352941176471e-01,4309150
3.491086443988953e+03,3.486613296305349e+03,1.176470588235294e+00,4309151
3.491534308582445e+03,3.482340845518501e+03,1.764705882352941e+00,4309149
3.492336981283463e+03,3.487247203325958e+03,1.176470588235294e+00,4309152
3.494615855753659e+03,3.488034420313765e+03,1.176470588235294e+00,4309153
3.496828426229503e+03,3.488568775785168e+03,1.764705882352941e+00,4309154
3.497631098930522e+03,3.488955797463646e+03,1.764705882352941e+00,4309155
3.498145267518365e+03,3.489115706981847e+03,1.176470588235294e+00,4309156
3.498593132111856e+03,3.489516854032400e+03,5.882352941176471e-01,4309157
3.499395804812874e+03,3.492560142226747e+03,5.882352941176471e-01,4309158
3.501160510695227e+03,3.496218711588335e+03,5.882352941176471e-01,4309161
3.501674679283071e+03,3.494564933231375e+03,1.176470588235294e+00,4309159
3.502925216577580e+03,3.496316381976109e+03,5.882352941176471e-01,4309162
3.503439385165424e+03,3.497060376344203e+03,5.882352941176471e-01,4309163
3.503887249758915e+03,3.495154830219055e+03,1.764705882352941e+00,4309160
3.504689922459933e+03,3.497192629196608e+03,5.882352941176471e-01,4309164
3.505204091047777e+03,3.497747124151469e+03,5.882352941176471e-01,4309165
3.506454628342286e+03,3.500093858384341e+03,5.882352941176471e-01,4309167
3.506968796930130e+03,3.502940210055592e+03,5.882352941176471e-01,4309168
3.508219334224639e+03,3.504035115259023e+03,5.882352941176471e-01,4309169
3.509181367405974e+03,3.498033299268086e+03,1.764705882352941e+00,4309166
3.510946073288327e+03,3.504870932300009e+03,5.882352941176471e-01,4309172
3.512262914577189e+03,3.504480383585491e+03,1.764705882352941e+00,4309170
3.512710779170680e+03,3.505336574383187e+03,5.882352941176471e-01,4309173
3.513513451871698e+03,3.504496930080663e+03,1.764705882352941e+00,4309171
3.514027620459542e+03,3.505995459356316e+03,5.882352941176471e-01,4309174
3.518004896817739e+03,3.506049563816604e+03,1.764705882352941e+00,4309175
3.518807569518757e+03,3.506560491567664e+03,1.764705882352941e+00,4309176
3.519321738106600e+03,3.506995614087001e+03,1.764705882352941e+00,4309177
3.519769602700092e+03,3.510088436105503e+03,5.882352941176471e-01,4309178
3.521086443988953e+03,3.516773114059499e+03,5.882352941176471e-01,4309180
3.521534308582445e+03,3.517456375782777e+03,5.882352941176471e-01,4309181
3.522851149871306e+03,3.517721428479839e+03,5.882352941176471e-01,4309182
3.524101687165816e+03,3.512243268415915e+03,1.764705882352941e+00,4309179
3.524615855753659e+03,3.518765831505260e+03,5.882352941176471e-01,4309184
3.525866393048169e+03,3.520920027129395e+03,5.882352941176471e-01,4309185
3.526380561636012e+03,3.521389801341473e+03,5.882352941176471e-01,4309186
3.526828426229503e+03,3.518204787577462e+03,1.764705882352941e+00,4309183
3.527631098930522e+03,3.522966311600653e+03,5.882352941176471e-01,4309187
3.529395804812874e+03,3.527471476067637e+03,5.882352941176471e-01,4309190
3.531674679283071e+03,3.525868715912539e+03,1.764705882352941e+00,4309188
3.532122543876562e+03,3.526394846519597e+03,1.764705882352941e+00,4309189
3.533439385165424e+03,3.528144635487648e+03,5.882352941176471e-01,4309192
3.533887249758915e+03,3.528592522119575e+03,5.882352941176471e-01,4309193
3.534689922459933e+03,3.527515342808050e+03,1.764705882352941e+00,4309191
3.535204091047777e+03,3.529053523717085e+03,5.882352941176471e-01,4309194
3.538195218558229e+03,3.536430512675876e+03,5.882352941176471e-01,4309196
3.540070640947863e+03,3.538305935065510e+03,5.882352941176471e-01,4309197
3.540123204872457e+03,3.534829087225398e+03,1.764705882352941e+00,4309195
3.541829927311058e+03,3.540065221428705e+03,5.882352941176471e-01,4309198
3.548082587355889e+03,3.542788469708830e+03,1.764705882352941e+00,4309199
3.548727680305529e+03,3.546962974423176e+03,5.882352941176471e-01,4309201
3.550578181983246e+03,3.545284064336187e+03,1.764705882352941e+00,4309200
3.553013974099187e+03,3.549484562334481e+03,1.176470588235294e+00,4309203
3.553887916573053e+03,3.548593798925994e+03,1.764705882352941e+00,4309202
3.556806178408877e+03,3.553276766644171e+03,1.176470588235294e+00,4309205
3.557964864025683e+03,3.552670746378624e+03,1.764705882352941e+00,4309204
3.558570884291230e+03,3.555414703437485e+03,5.882352941176471e-01,4309207
3.559729569908036e+03,3.557732281068501e+03,5.882352941176471e-01,4309208
3.559949522193900e+03,3.554655404546841e+03,1.764705882352941e+00,4309206
3.561436423170611e+03,3.559671717288258e+03,5.882352941176471e-01,4309209
3.566807464215900e+03,3.561513346568842e+03,1.764705882352941e+00,4309210
3.567823141191282e+03,3.566058435308929e+03,5.882352941176471e-01,4309212
3.568951840064658e+03,3.567187134182305e+03,5.882352941176471e-01,4309213
3.569587847073635e+03,3.567439787159002e+03,5.882352941176471e-01,4309214
3.569839202423607e+03,3.564545084776548e+03,1.764705882352941e+00,4309211
3.571603908305960e+03,3.569296349294695e+03,5.882352941176471e-01,4309217
3.574245957711717e+03,3.568034169026840e+03,1.764705882352941e+00,4309215
3.574881964720694e+03,3.569240770158556e+03,1.764705882352941e+00,4309216
3.576010663594070e+03,3.572499844179348e+03,5.882352941176471e-01,4309219
3.576898025953019e+03,3.570385034906074e+03,1.764705882352941e+00,4309218
3.578475417230179e+03,3.576710711347826e+03,5.882352941176471e-01,4309220
3.580258377662322e+03,3.578493671779969e+03,5.882352941176471e-01,4309221
3.584445235744856e+03,3.579151118097797e+03,1.764705882352941e+00,4309222
3.584739616497914e+03,3.582974910615561e+03,5.882352941176471e-01,4309224
3.586504322380267e+03,3.584122070627726e+03,5.882352941176471e-01,4309226
3.588016638607765e+03,3.582722520960706e+03,1.764705882352941e+00,4309223
3.588269028262620e+03,3.584186716726513e+03,5.882352941176471e-01,4309227
3.589739353391914e+03,3.584066275716848e+03,1.764705882352941e+00,4309225
3.591504059274267e+03,3.588701544847068e+03,5.882352941176471e-01,4309230
3.591546050372471e+03,3.585658574411031e+03,1.176470588235294e+00,4309228
3.593563145909679e+03,3.587322383896945e+03,1.764705882352941e+00,4309229
3.593807109396314e+03,3.592042403513961e+03,5.882352941176471e-01,4309231
3.594219553815063e+03,3.592454847932710e+03,5.882352941176471e-01,4309232
3.595327851792032e+03,3.593541736146051e+03,5.882352941176471e-01,4309233
3.596082413412991e+03,3.594317707530638e+03,5.882352941176471e-01,4309234
3.603509304033170e+03,3.601744598150817e+03,5.882352941176471e-01,4309237
3.604891768008083e+03,3.601362356243377e+03,1.176470588235294e+00,4309236
3.604966006700137e+03,3.599671889053078e+03,1.764705882352941e+00,4309235
3.608891389779146e+03,3.607126683896793e+03,5.882352941176471e-01,4309238
3.611068295516991e+03,3.609303589634638e+03,5.882352941176471e-01,4309240
3.614100176186349e+03,3.608806058539290e+03,1.764705882352941e+00,4309239
3.617207856315388e+03,3.613678444550682e+03,1.176470588235294e+00,4309241
3.618972562197741e+03,3.616529905661748e+03,5.882352941176471e-01,4309244
3.619946526420331e+03,3.614652408773272e+03,1.764705882352941e+00,4309242
3.621374188973789e+03,3.619609483091436e+03,5.882352941176471e-01,4309245
3.621792755014338e+03,3.616498637367279e+03,1.764705882352941e+00,4309243
3.626489331223282e+03,3.624724625340930e+03,5.882352941176471e-01,4309246
3.629586248757565e+03,3.627821542875212e+03,5.882352941176471e-01,4309247
3.631350116330445e+03,3.629585410448092e+03,5.882352941176471e-01,4309249
3.631566074416279e+03,3.629801368533926e+03,5.882352941176471e-01,4309250
3.633114822212798e+03,3.629878028734664e+03,5.882352941176471e-01,4309251
3.633330780298632e+03,3.630063984824714e+03,5.882352941176471e-01,4309252
3.633861822969678e+03,3.628567705322619e+03,1.764705882352941e+00,4309248
3.634879528095150e+03,3.632049349824490e+03,5.882352941176471e-01,4309253
3.635095486180985e+03,3.633148853550788e+03,5.882352941176471e-01,4309254
3.637806983008397e+03,3.634277571243691e+03,1.176470588235294e+00,4309255
3.639756389628788e+03,3.637991683746435e+03,5.882352941176471e-01,4309256
3.640688134631915e+03,3.638923428749562e+03,5.882352941176471e-01,4309257
3.642454167436591e+03,3.640689461554238e+03,5.882352941176471e-01,4309258
3.647891652671965e+03,3.646126946789612e+03,5.882352941176471e-01,4309260
3.649362900783068e+03,3.645833489018362e+03,1.176470588235294e+00,4309259
3.654807997266918e+03,3.653043291384565e+03,5.882352941176471e-01,4309262
3.655159066253180e+03,3.653394360370827e+03,5.882352941176471e-01,4309263
3.656011521330713e+03,3.650717403683654e+03,1.764705882352941e+00,4309261
3.656572703149271e+03,3.653691508523069e+03,5.882352941176471e-01,4309264
3.658337409031624e+03,3.655768018740589e+03,5.882352941176471e-01,4309267
3.660102114913977e+03,3.656821685269421e+03,5.882352941176471e-01,4309268
3.660453183900239e+03,3.655141316517388e+03,1.764705882352941e+00,4309265
3.661305638977772e+03,3.655646529513993e+03,1.764705882352941e+00,4309266
3.661866820796330e+03,3.658429164402263e+03,5.882352941176471e-01,4309269
3.663711273038397e+03,3.661946567156045e+03,5.882352941176471e-01,4309270
3.665543659726630e+03,3.663778953844277e+03,5.882352941176471e-01,4309272
3.667657816148018e+03,3.662363698500959e+03,1.764705882352941e+00,4309271
3.669011557806920e+03,3.667246851924567e+03,5.882352941176471e-01,4309274
3.669422522030371e+03,3.667329527526582e+03,5.882352941176471e-01,4309275
3.669683024132003e+03,3.664388906484944e+03,1.764705882352941e+00,4309273
3.672035044215441e+03,3.670270338333088e+03,5.882352941176471e-01,4309277
3.672540969571626e+03,3.667556456069568e+03,1.176470588235294e+00,4309276
3.675425383306245e+03,3.673660677423892e+03,5.882352941176471e-01,4309280
3.676135853044978e+03,3.670841735397919e+03,1.764705882352941e+00,4309278
3.677557193591138e+03,3.675792487708785e+03,5.882352941176471e-01,4309281
3.677884522967709e+03,3.672590405320650e+03,1.764705882352941e+00,4309279
3.682193869089182e+03,3.680429163206829e+03,5.882352941176471e-01,4309282
3.684111604599603e+03,3.680582192834898e+03,1.176470588235294e+00,4309283
3.685876310481956e+03,3.683973403940844e+03,5.882352941176471e-01,4309286
3.686103167624231e+03,3.680809049977172e+03,1.764705882352941e+00,4309284
3.688549436460030e+03,3.683255318812971e+03,1.764705882352941e+00,4309285
3.689104188688952e+03,3.687339482806599e+03,5.882352941176471e-01,4309287
3.690352009214692e+03,3.688587303332339e+03,5.882352941176471e-01,4309288
3.695317426457043e+03,3.693552720574691e+03,5.882352941176471e-01,4309290
3.695858434304706e+03,3.692329022540000e+03,1.176470588235294e+00,4309289
3.697453138148113e+03,3.695688432265760e+03,5.882352941176471e-01,4309291
3.698246374287983e+03,3.696481668405630e+03,5.882352941176471e-01,4309293
3.699365527805828e+03,3.697600821923475e+03,5.882352941176471e-01,4309294
3.700011080170336e+03,3.697966511934251e+03,5.882352941176471e-01,4309295
3.701625418014773e+03,3.696331300367715e+03,1.764705882352941e+00,4309292
3.703063359385255e+03,3.701298653502902e+03,5.882352941176471e-01,4309297
3.703608734113899e+03,3.701844028231546e+03,5.882352941176471e-01,4309298
3.704889246031122e+03,3.699595128384063e+03,1.764705882352941e+00,4309296
3.705373439996252e+03,3.702798193727213e+03,5.882352941176471e-01,4309300
3.706653951913475e+03,3.703337691166710e+03,5.882352941176471e-01,4309301
3.707138145878605e+03,3.703742554130640e+03,5.882352941176471e-01,4309302
3.708357477032313e+03,3.701942730324451e+03,1.764705882352941e+00,4309299
3.708902851760958e+03,3.703806682063713e+03,5.882352941176471e-01,4309304
3.710122182914666e+03,3.704013848020730e+03,5.882352941176471e-01,4309305
3.710183363678181e+03,3.703765285790425e+03,1.176470588235294e+00,4309303
3.713537104414217e+03,3.711772398531864e+03,5.882352941176471e-01,4309307
3.714220970274443e+03,3.712456264392090e+03,5.882352941176471e-01,4309308
3.716719386558984e+03,3.711425268911925e+03,1.764705882352941e+00,4309306
3.718329661171344e+03,3.714800249406638e+03,1.176470588235294e+00,4309310
3.718831222061276e+03,3.713194491339688e+03,1.764705882352941e+00,4309309
3.720094367053696e+03,3.715444808983572e+03,5.882352941176471e-01,4309312
3.721859072936049e+03,3.717994337239087e+03,5.882352941176471e-01,4309314
3.722013504206043e+03,3.714999351206103e+03,1.764705882352941e+00,4309311
3.723623778818402e+03,3.721176475708219e+03,5.882352941176471e-01,4309315
3.723778210088396e+03,3.721569048109997e+03,5.882352941176471e-01,4309316
3.724125339708335e+03,3.717490010596163e+03,1.764705882352941e+00,4309313
3.728917896465461e+03,3.723359616787805e+03,1.764705882352941e+00,4309317
3.729543627066860e+03,3.724249509419801e+03,1.764705882352941e+00,4309318
3.729862516146204e+03,3.724568398499145e+03,1.764705882352941e+00,4309319
3.730682602347814e+03,3.727061761864340e+03,5.882352941176471e-01,4309320
3.731308332949213e+03,3.727134004592701e+03,5.882352941176471e-01,4309321
3.731627222028557e+03,3.728391894026011e+03,5.882352941176471e-01,4309322
3.736076164653631e+03,3.734311458771278e+03,5.882352941176471e-01,4309324
3.736158334916475e+03,3.734393629034122e+03,5.882352941176471e-01,4309325
3.739154452279381e+03,3.733860334632322e+03,1.764705882352941e+00,4309323
3.740354630196531e+03,3.738589924314178e+03,5.882352941176471e-01,4309327
3.740919158161734e+03,3.738744920761849e+03,5.882352941176471e-01,4309328
3.741751622016641e+03,3.736457504369582e+03,1.764705882352941e+00,4309326
3.742119336078883e+03,3.738902419195913e+03,5.882352941176471e-01,4309329
3.742683864044087e+03,3.739696924285364e+03,5.882352941176471e-01,4309330
3.743516327898994e+03,3.739771837788897e+03,5.882352941176471e-01,4309331
3.747236905145590e+03,3.745472199263237e+03,5.882352941176471e-01,4309332
3.751119924055396e+03,3.749355218173043e+03,5.882352941176471e-01,4309333
3.753533737311022e+03,3.751769031428670e+03,5.882352941176471e-01,4309334
3.754531827253201e+03,3.752767121370848e+03,5.882352941176471e-01,4309335
3.756994130205328e+03,3.755229424322975e+03,5.882352941176471e-01,4309336
3.757941174076382e+03,3.756176468194029e+03,5.882352941176471e-01,4309337
3.758922125624636e+03,3.757157419742283e+03,5.882352941176471e-01,4309338
3.761308889055440e+03,3.759544183173087e+03,5.882352941176471e-01,4309339
3.761850816037387e+03,3.760086110155034e+03,5.882352941176471e-01,4309340
3.763071859909408e+03,3.761307154027055e+03,5.882352941176471e-01,4309341
3.763514021539851e+03,3.761749315657498e+03,5.882352941176471e-01,4309342
3.768329550756090e+03,3.763035433109032e+03,1.764705882352941e+00,4309343
3.770447647203227e+03,3.768682941320874e+03,5.882352941176471e-01,4309344
3.771312943137276e+03,3.769548237254923e+03,5.882352941176471e-01,4309345
3.772701554806276e+03,3.770936848923923e+03,5.882352941176471e-01,4309346
3.775350089945826e+03,3.773585384063474e+03,5.882352941176471e-01,4309347
3.776444067094955e+03,3.774679361212602e+03,5.882352941176471e-01,4309348
3.776747013385650e+03,3.774982307503297e+03,5.882352941176471e-01,4309349
3.779018811238979e+03,3.777254105356626e+03,5.882352941176471e-01,4309351
3.780225187664481e+03,3.778460481782128e+03,5.882352941176471e-01,4309352
3.780644207592885e+03,3.775001487109132e+03,1.764705882352941e+00,4309350
3.781584788650068e+03,3.779820082767715e+03,5.882352941176471e-01,4309353
3.782480531245145e+03,3.780715825362792e+03,5.882352941176471e-01,4309354
3.783054132476911e+03,3.781289426594558e+03,5.882352941176471e-01,4309355
3.785537092785764e+03,3.783772386903411e+03,5.882352941176471e-01,4309358
3.786878906297127e+03,3.781473157687269e+03,1.764705882352941e+00,4309356
3.788824309603060e+03,3.783530191956001e+03,1.764705882352941e+00,4309357
3.788948490818082e+03,3.787183784935729e+03,5.882352941176471e-01,4309360
3.790713196700435e+03,3.788074833256963e+03,5.882352941176471e-01,4309362
3.790831210432823e+03,3.784565388373058e+03,1.764705882352941e+00,4309359
3.794118427250119e+03,3.787684216580374e+03,1.764705882352941e+00,4309361
3.794242608465141e+03,3.789628924818580e+03,1.176470588235294e+00,4309363
3.796125328079882e+03,3.789740146964065e+03,1.764705882352941e+00,4309364
3.797647839014824e+03,3.790901186379009e+03,1.176470588235294e+00,4309365
3.799412544897177e+03,3.794659289300308e+03,5.882352941176471e-01,4309368
3.799536726112199e+03,3.793231292409413e+03,1.764705882352941e+00,4309366
3.801177250779530e+03,3.794678218193243e+03,5.882352941176471e-01,4309369
3.801419445726941e+03,3.793762277333872e+03,1.764705882352941e+00,4309367
3.809346072947507e+03,3.807581367065154e+03,5.882352941176471e-01,4309372
3.809384448426201e+03,3.804090330779142e+03,1.764705882352941e+00,4309370
3.809608110474016e+03,3.806078698709311e+03,1.176470588235294e+00,4309371
3.811110778829860e+03,3.808127816408970e+03,5.882352941176471e-01,4309373
3.811149154308554e+03,3.808670279439302e+03,5.882352941176471e-01,4309374
3.811372816356369e+03,3.809542152106471e+03,5.882352941176471e-01,4309375
3.813408082537772e+03,3.811643376655419e+03,5.882352941176471e-01,4309378
3.814708982785459e+03,3.811179571020753e+03,1.176470588235294e+00,4309377
3.815172788420125e+03,3.812831361200097e+03,5.882352941176471e-01,4309379
3.816404896476919e+03,3.810401675196198e+03,1.764705882352941e+00,4309376
3.820003100432518e+03,3.813040061671913e+03,1.764705882352941e+00,4309380
3.820466906067183e+03,3.814492835736245e+03,1.764705882352941e+00,4309381
3.821699014123978e+03,3.814755325843761e+03,1.764705882352941e+00,4309382
3.823463720006331e+03,3.821489764062879e+03,5.882352941176471e-01,4309385
3.825297218079577e+03,3.818055018514678e+03,1.764705882352941e+00,4309383
3.825761023714242e+03,3.818926943840739e+03,1.764705882352941e+00,4309384
3.829134948098207e+03,3.827370242215854e+03,5.882352941176471e-01,4309386
3.829850950669110e+03,3.828086244786757e+03,5.882352941176471e-01,4309387
3.830185719775202e+03,3.828421013892849e+03,5.882352941176471e-01,4309388
3.831348610171985e+03,3.829583904289632e+03,5.882352941176471e-01,4309389
3.836025391393049e+03,3.834260685510696e+03,5.882352941176471e-01,4309391
3.836520798075725e+03,3.831226680428666e+03,1.764705882352941e+00,4309390
3.837790097275401e+03,3.834826411884347e+03,5.882352941176471e-01,4309393
3.839554803157754e+03,3.836859866686524e+03,5.882352941176471e-01,4309395
3.839657605810996e+03,3.834363488163937e+03,1.764705882352941e+00,4309392
3.841319509040107e+03,3.838678748354368e+03,5.882352941176471e-01,4309396
3.841422311693349e+03,3.839042669215792e+03,5.882352941176471e-01,4309397
3.841814915722784e+03,3.835526133504429e+03,1.764705882352941e+00,4309394
3.843084214922460e+03,3.839434193510748e+03,5.882352941176471e-01,4309398
3.843187017575702e+03,3.839686203606021e+03,5.882352941176471e-01,4309399
3.847109033369843e+03,3.841290844668468e+03,1.764705882352941e+00,4309400
3.848378332569519e+03,3.842448152097993e+03,1.764705882352941e+00,4309401
3.848481135222761e+03,3.842664955885636e+03,1.764705882352941e+00,4309402
3.848873739252196e+03,3.843724522724104e+03,5.882352941176471e-01,4309403
3.851773059414861e+03,3.850008353532508e+03,5.882352941176471e-01,4309406
3.853672450216578e+03,3.843871324053541e+03,1.764705882352941e+00,4309404
3.853775252869819e+03,3.846500368187121e+03,1.764705882352941e+00,4309405
3.854766524004256e+03,3.853001818121903e+03,5.882352941176471e-01,4309407
3.856478608154707e+03,3.854713902272354e+03,5.882352941176471e-01,4309408
3.856963603736338e+03,3.855198897853985e+03,5.882352941176471e-01,4309409
3.859963223214272e+03,3.858198517331919e+03,5.882352941176471e-01,4309410
3.863226715470981e+03,3.861462009588628e+03,5.882352941176471e-01,4309411
3.863303472457305e+03,3.861538766574952e+03,5.882352941176471e-01,4309412
3.863898187130265e+03,3.862133481247912e+03,5.882352941176471e-01,4309413
3.865068178339658e+03,3.862977741673694e+03,5.882352941176471e-01,4309415
3.865662893012618e+03,3.863235538785251e+03,5.882352941176471e-01,4309416
3.866832884222011e+03,3.863863953922782e+03,5.882352941176471e-01,4309417
3.867427598894971e+03,3.864113683519506e+03,5.882352941176471e-01,4309418
3.868520833118039e+03,3.862966888609944e+03,1.764705882352941e+00,4309414
3.868597590104364e+03,3.864425202381200e+03,5.882352941176471e-01,4309419
3.870285539000392e+03,3.866920352598085e+03,5.882352941176471e-01,4309421
3.872721716542030e+03,3.866708731703185e+03,1.764705882352941e+00,4309420
3.873891707751423e+03,3.866993726225442e+03,1.764705882352941e+00,4309422
3.874486422424383e+03,3.869638004126008e+03,5.882352941176471e-01,4309424
3.875579656647451e+03,3.869427559128494e+03,1.764705882352941e+00,4309423
3.876251128306736e+03,3.871594971058114e+03,5.882352941176471e-01,4309426
3.877344362529804e+03,3.871605261629650e+03,5.882352941176471e-01,4309427
3.878015834189089e+03,3.874950237816496e+03,5.882352941176471e-01,4309428
3.879185825398482e+03,3.870227561698764e+03,1.764705882352941e+00,4309425
3.879876145813401e+03,3.878111439931048e+03,5.882352941176471e-01,4309430
3.881315023545814e+03,3.879550317663461e+03,5.882352941176471e-01,4309431
3.882638480176863e+03,3.876901363261858e+03,1.764705882352941e+00,4309429
3.883390088982308e+03,3.881625383099955e+03,5.882352941176471e-01,4309432
3.883436871935126e+03,3.881672166052773e+03,5.882352941176471e-01,4309433
3.885417294820592e+03,3.883652588938239e+03,5.882352941176471e-01,4309434
3.889010660645743e+03,3.887245954763390e+03,5.882352941176471e-01,4309435
3.889140983722324e+03,3.887376277839971e+03,5.882352941176471e-01,4309436
3.890717729670263e+03,3.888953023787910e+03,5.882352941176471e-01,4309437
3.894547652079309e+03,3.892782946196956e+03,5.882352941176471e-01,4309439
3.894574670000442e+03,3.889280552353383e+03,1.764705882352941e+00,4309438
3.896597225464501e+03,3.894832519582148e+03,5.882352941176471e-01,4309440
3.899658453660497e+03,3.897893747778144e+03,5.882352941176471e-01,4309443
3.901304940326310e+03,3.897775528561604e+03,1.176470588235294e+00,4309442
3.901402946614108e+03,3.896108828967049e+03,1.764705882352941e+00,4309441
3.903167652496461e+03,3.898517321377143e+03,5.882352941176471e-01,4309446
3.903187865425203e+03,3.898066483763141e+03,1.176470588235294e+00,4309444
3.904932358378814e+03,3.900127665992957e+03,5.882352941176471e-01,4309447
3.904952571307556e+03,3.902169442503724e+03,5.882352941176471e-01,4309448
3.906599057973369e+03,3.898254246550902e+03,1.764705882352941e+00,4309445
3.908481983072262e+03,3.902603688106259e+03,1.176470588235294e+00,4309450
3.910226476025873e+03,3.902351727253530e+03,1.764705882352941e+00,4309449
3.910246688954615e+03,3.904720670256268e+03,5.882352941176471e-01,4309452
3.911893175620428e+03,3.904198891229487e+03,1.764705882352941e+00,4309451
3.911991181908226e+03,3.904891638822885e+03,5.882352941176471e-01,4309453
3.912011394836968e+03,3.904920704976046e+03,5.882352941176471e-01,4309454
3.913657881502781e+03,3.909405331294927e+03,5.882352941176471e-01,4309455
3.913755887790579e+03,3.909487666738392e+03,5.882352941176471e-01,4309456
3.913776100719321e+03,3.909570205808535e+03,5.882352941176471e-01,4309457
3.915422587385134e+03,3.909765347216712e+03,5.882352941176471e-01,4309458
3.915520593672931e+03,3.909833975631615e+03,5.882352941176471e-01,4309459
3.915540806601674e+03,3.911610615406091e+03,5.882352941176471e-01,4309460
3.917187293267486e+03,3.912215768784566e+03,5.882352941176471e-01,4309461
3.917703900398451e+03,3.915939194516099e+03,5.882352941176471e-01,4309463
3.920814711319990e+03,3.914006563473419e+03,1.764705882352941e+00,4309462
3.921030308803435e+03,3.919265602921082e+03,5.882352941176471e-01,4309465
3.922579417202343e+03,3.919373542207147e+03,5.882352941176471e-01,4309466
3.922748225432711e+03,3.919218813668005e+03,1.176470588235294e+00,4309464
3.922795014685788e+03,3.919542746885763e+03,5.882352941176471e-01,4309467
3.924344123084696e+03,3.920475560534060e+03,5.882352941176471e-01,4309468
3.926378097069270e+03,3.924613391186918e+03,5.882352941176471e-01,4309470
3.928042343079770e+03,3.921295334295869e+03,1.764705882352941e+00,4309469
3.929135762967712e+03,3.927371057085359e+03,5.882352941176471e-01,4309471
3.932923693253089e+03,3.927629575606030e+03,1.764705882352941e+00,4309472
3.934018532724844e+03,3.930489120960138e+03,1.176470588235294e+00,4309473
3.935783238607197e+03,3.933733790516883e+03,5.882352941176471e-01,4309476
3.937026573023614e+03,3.933497161258908e+03,1.176470588235294e+00,4309475
3.938047099546189e+03,3.932752981899130e+03,1.764705882352941e+00,4309474
3.938791278905967e+03,3.934643227804682e+03,5.882352941176471e-01,4309478
3.939811805428542e+03,3.936579586414588e+03,5.882352941176471e-01,4309479
3.940555984788320e+03,3.936799549896321e+03,5.882352941176471e-01,4309480
3.941077356254256e+03,3.934017814270709e+03,1.764705882352941e+00,4309477
3.943170862711380e+03,3.941406156829027e+03,5.882352941176471e-01,4309483
3.943341217193248e+03,3.937208500202319e+03,1.176470588235294e+00,4309481
3.944935568593733e+03,3.941785665996522e+03,5.882352941176471e-01,4309484
3.945105923075601e+03,3.942741613295242e+03,5.882352941176471e-01,4309485
3.946584575145439e+03,3.941290457498380e+03,1.764705882352941e+00,4309482
3.946700274476086e+03,3.943286253583174e+03,5.882352941176471e-01,4309486
3.946870628957954e+03,3.944831095842629e+03,5.882352941176471e-01,4309487
3.948349281027792e+03,3.945882104097256e+03,5.882352941176471e-01,4309488
3.949999111314187e+03,3.948234405431834e+03,5.882352941176471e-01,4309489
3.954473641799970e+03,3.949179524152911e+03,1.764705882352941e+00,4309490
3.956928585269844e+03,3.955163879387491e+03,5.882352941176471e-01,4309492
3.958189642273872e+03,3.952895524626814e+03,1.764705882352941e+00,4309491
3.961476074181433e+03,3.959711368299080e+03,5.882352941176471e-01,4309494
3.962310739442360e+03,3.960546033560007e+03,5.882352941176471e-01,4309495
3.962587227324333e+03,3.957293109677274e+03,1.764705882352941e+00,4309493
3.964075445324713e+03,3.961223232305434e+03,5.882352941176471e-01,4309497
3.966524778217733e+03,3.964760072335380e+03,5.882352941176471e-01,4309499
3.966770191828492e+03,3.960893676670207e+03,1.764705882352941e+00,4309496
3.968755980727015e+03,3.966991274844662e+03,5.882352941176471e-01,4309500
3.968773281885245e+03,3.963479164238186e+03,1.764705882352941e+00,4309498
3.969131591081649e+03,3.967366885199296e+03,5.882352941176471e-01,4309501
3.972086772887489e+03,3.970322067005136e+03,5.882352941176471e-01,4309503
3.972495631215008e+03,3.970730925332655e+03,5.882352941176471e-01,4309504
3.974050098374073e+03,3.967692727640234e+03,1.764705882352941e+00,4309502
3.975814804256426e+03,3.971510188718051e+03,5.882352941176471e-01,4309507
3.977380890534548e+03,3.971234205563159e+03,1.764705882352941e+00,4309505
3.977789748862067e+03,3.971374303254871e+03,1.764705882352941e+00,4309506
3.979145596416901e+03,3.972926602558542e+03,5.882352941176471e-01,4309509
3.979554454744420e+03,3.975920495016740e+03,5.882352941176471e-01,4309510
3.980910302299254e+03,3.976060995424349e+03,5.882352941176471e-01,4309511
3.981108921903485e+03,3.972596365956008e+03,1.764705882352941e+00,4309508
3.981319160626773e+03,3.976161246003695e+03,5.882352941176471e-01,4309512
3.984439714063959e+03,3.976634628858949e+03,1.176470588235294e+00,4309513
3.984638333668191e+03,3.977010812120587e+03,1.176470588235294e+00,4309514
3.986204419946312e+03,3.981223902981043e+03,5.882352941176471e-01,4309516
3.986613278273832e+03,3.977086261174270e+03,1.764705882352941e+00,4309515
3.988600179863917e+03,3.986835473981564e+03,5.882352941176471e-01,4309517
3.990842708164108e+03,3.989078002281755e+03,5.882352941176471e-01,4309519
3.990996126390303e+03,3.989231420507950e+03,5.882352941176471e-01,4309520
3.992052448493515e+03,3.988523036728809e+03,1.176470588235294e+00,4309518
3.992760832272656e+03,3.990338634691211e+03,5.882352941176471e-01,4309522
3.993817154375868e+03,3.990483975858005e+03,5.882352941176471e-01,4309523
3.994525538155009e+03,3.992263670494269e+03,5.882352941176471e-01,4309524
3.996136825811167e+03,3.990179770277738e+03,1.764705882352941e+00,4309521
3.996473806427292e+03,3.994709100544939e+03,5.882352941176471e-01,4309525
3.998536099217475e+03,3.996771393335122e+03,5.882352941176471e-01,4309526
3.999243777412646e+03,3.997479071530293e+03,5.882352941176471e-01,4309527
4.004251320483045e+03,4.002486614600692e+03,5.882352941176471e-01,4309529
4.006325647177929e+03,4.001031529530870e+03,1.764705882352941e+00,4309528
4.008880593061628e+03,4.003586475414570e+03,1.764705882352941e+00,4309530
4.009074860522728e+03,4.007310154640375e+03,5.882352941176471e-01,4309531
4.015586795154104e+03,4.013822089271751e+03,5.882352941176471e-01,4309534
4.017560947495090e+03,4.012266829848031e+03,1.764705882352941e+00,4309532
4.018136213256558e+03,4.012842095609499e+03,1.764705882352941e+00,4309533
4.019012814227431e+03,4.017248108345079e+03,5.882352941176471e-01,4309535
4.023240468297072e+03,4.017946350650013e+03,1.764705882352941e+00,4309536
4.024599797568327e+03,4.022835091685974e+03,5.882352941176471e-01,4309538
4.025466576995626e+03,4.023701871113273e+03,5.882352941176471e-01,4309539
4.026462322288907e+03,4.024697616406554e+03,5.882352941176471e-01,4309540
4.026721198285157e+03,4.021427080638098e+03,1.764705882352941e+00,4309537
4.027885533856105e+03,4.026120827973752e+03,5.882352941176471e-01,4309541
4.028227028171260e+03,4.026214996441078e+03,5.882352941176471e-01,4309542
4.028526291896259e+03,4.026761586013906e+03,5.882352941176471e-01,4309543
4.029991734053613e+03,4.028121162659473e+03,5.882352941176471e-01,4309545
4.030290997778612e+03,4.028518047268700e+03,5.882352941176471e-01,4309546
4.032055703660965e+03,4.028820952045347e+03,5.882352941176471e-01,4309548
4.033179651503164e+03,4.027205389032296e+03,1.764705882352941e+00,4309544
4.033820409543318e+03,4.029737067376177e+03,5.882352941176471e-01,4309549
4.034944357385517e+03,4.029789068338999e+03,5.882352941176471e-01,4309550
4.035285851700672e+03,4.028760146602641e+03,1.764705882352941e+00,4309547
4.035585115425671e+03,4.030482830252626e+03,5.882352941176471e-01,4309551
4.037050557583025e+03,4.035209543187920e+03,5.882352941176471e-01,4309553
4.040238475032576e+03,4.031353015313371e+03,1.764705882352941e+00,4309552
4.042003180914929e+03,4.040053495008908e+03,5.882352941176471e-01,4309556
4.044779735643641e+03,4.039485617996582e+03,1.764705882352941e+00,4309554
4.044956838568958e+03,4.039662720921899e+03,1.764705882352941e+00,4309555
4.046544441525994e+03,4.042794654697666e+03,5.882352941176471e-01,4309558
4.046721544451311e+03,4.043002405961520e+03,5.882352941176471e-01,4309559
4.047765406118344e+03,4.042471288471285e+03,1.764705882352941e+00,4309557
4.048309147408347e+03,4.043332861691280e+03,5.882352941176471e-01,4309560
4.049476108381866e+03,4.047711402499513e+03,5.882352941176471e-01,4309561
4.050781119852765e+03,4.049016413970412e+03,5.882352941176471e-01,4309563
4.051240814264219e+03,4.049259312001453e+03,5.882352941176471e-01,4309564
4.052433843763361e+03,4.048904431998655e+03,1.176470588235294e+00,4309562
4.052545825735118e+03,4.049662348414252e+03,5.882352941176471e-01,4309565
4.053005520146572e+03,4.050897174563189e+03,5.882352941176471e-01,4309566
4.054880136256324e+03,4.053115430373971e+03,5.882352941176471e-01,4309567
4.057083198140980e+03,4.053553786376274e+03,1.176470588235294e+00,4309568
4.058523365930331e+03,4.056758660047978e+03,5.882352941176471e-01,4309570
4.061194586255310e+03,4.059429880372957e+03,5.882352941176471e-01,4309571
4.061765157283703e+03,4.056471039636644e+03,1.764705882352941e+00,4309569
4.062185641105198e+03,4.060420935222845e+03,5.882352941176471e-01,4309572
4.062959292137663e+03,4.060950674022313e+03,5.882352941176471e-01,4309573
4.063894790972822e+03,4.062130085090469e+03,5.882352941176471e-01,4309574
4.068458964806589e+03,4.066694258924236e+03,5.882352941176471e-01,4309575
4.068518319030912e+03,4.066753613148559e+03,5.882352941176471e-01,4309576
4.068998908362684e+03,4.067234202480331e+03,5.882352941176471e-01,4309577
4.072662382428461e+03,4.070897676546108e+03,5.882352941176471e-01,4309578
4.073039941429599e+03,4.071275235547246e+03,5.882352941176471e-01,4309579
4.074762132347629e+03,4.072997426465276e+03,5.882352941176471e-01,4309581
4.075098010395445e+03,4.073333304513092e+03,5.882352941176471e-01,4309582
4.076170227390335e+03,4.072640815625629e+03,1.176470588235294e+00,4309580
4.076862716277798e+03,4.074536934218137e+03,5.882352941176471e-01,4309584
4.077934933272688e+03,4.075967210556900e+03,5.882352941176471e-01,4309585
4.079662648947984e+03,4.077897943065631e+03,5.882352941176471e-01,4309586
4.080056249994688e+03,4.073973510025480e+03,1.764705882352941e+00,4309583
4.080161656535007e+03,4.078396950652654e+03,5.882352941176471e-01,4309587
4.081733335077871e+03,4.079968629195518e+03,5.882352941176471e-01,4309588
4.084845505906002e+03,4.083080800023649e+03,5.882352941176471e-01,4309589
4.085137797238825e+03,4.083373091356473e+03,5.882352941176471e-01,4309590
4.086975598152389e+03,4.085210892270036e+03,5.882352941176471e-01,4309591
4.091193923875570e+03,4.085899806228511e+03,1.764705882352941e+00,4309592
4.092103245162050e+03,4.090338539279697e+03,5.882352941176471e-01,4309593
4.092303005575704e+03,4.090538299693351e+03,5.882352941176471e-01,4309594
4.093141996602585e+03,4.091377290720233e+03,5.882352941176471e-01,4309595
4.093973280433887e+03,4.092208574551535e+03,5.882352941176471e-01,4309596
4.096682466311087e+03,4.094917760428734e+03,5.882352941176471e-01,4309597
4.096819703622183e+03,4.095054997739831e+03,5.882352941176471e-01,4309598
4.096940212575348e+03,4.095175506692995e+03,5.882352941176471e-01,4309599
4.098447172193439e+03,4.095655136763414e+03,5.882352941176471e-01,4309600
4.098584409504536e+03,4.096286553154149e+03,5.882352941176471e-01,4309601
4.100211878075792e+03,4.096476603281006e+03,5.882352941176471e-01,4309603
4.100349115386889e+03,4.097097283922782e+03,5.882352941176471e-01,4309604
4.102113821269242e+03,4.097604460120285e+03,5.882352941176471e-01,4309606
4.102234330222407e+03,4.096352351679244e+03,1.764705882352941e+00,4309602
4.103741289840498e+03,4.097178229014779e+03,1.176470588235294e+00,4309605
4.103878527151595e+03,4.097759729443687e+03,5.882352941176471e-01,4309607
4.104922161061698e+03,4.103157455179346e+03,5.882352941176471e-01,4309608
4.109013589965116e+03,4.107248884082763e+03,5.882352941176471e-01,4309610
4.111825799993537e+03,4.110061094111184e+03,5.882352941176471e-01,4309611
4.112422826388174e+03,4.107128708741115e+03,1.764705882352941e+00,4309609
4.124008328647652e+03,4.118714211000593e+03,1.764705882352941e+00,4309612
4.124388685148929e+03,4.122623979266576e+03,5.882352941176471e-01,4309613
4.126445151246483e+03,4.124680445364130e+03,5.882352941176471e-01,4309614
4.127479634838232e+03,4.125714928955880e+03,5.882352941176471e-01,4309615
4.129924205501643e+03,4.128159499619290e+03,5.882352941176471e-01,4309617
4.131052874642067e+03,4.127523462877361e+03,1.176470588235294e+00,4309616
4.131206040249046e+03,4.129441334366693e+03,5.882352941176471e-01,4309618
4.133678702236654e+03,4.131913996354301e+03,5.882352941176471e-01,4309619
4.135443408119007e+03,4.132980856541460e+03,5.882352941176471e-01,4309622
4.137426106177602e+03,4.132131988530543e+03,1.764705882352941e+00,4309620
4.137647029384178e+03,4.135882323501825e+03,5.882352941176471e-01,4309623
4.138184255519896e+03,4.132890137872837e+03,1.764705882352941e+00,4309621
4.139190812059955e+03,4.136079468601681e+03,5.882352941176471e-01,4309624
4.140448792884901e+03,4.138684087002548e+03,5.882352941176471e-01,4309625
4.143290404210048e+03,4.141525698327695e+03,5.882352941176471e-01,4309626
4.146064574964625e+03,4.144299869082272e+03,5.882352941176471e-01,4309628
4.147719148003314e+03,4.144189736238608e+03,1.176470588235294e+00,4309627
4.148432213341086e+03,4.146667507458733e+03,5.882352941176471e-01,4309630
4.151330792014210e+03,4.149566086131857e+03,5.882352941176471e-01,4309632
4.151520712596475e+03,4.146226594949416e+03,1.764705882352941e+00,4309629
4.152522734624148e+03,4.148993322859443e+03,1.176470588235294e+00,4309631
4.153285418478828e+03,4.150199782325539e+03,5.882352941176471e-01,4309634
4.154287440506501e+03,4.150228287907810e+03,5.882352941176471e-01,4309635
4.156624909661268e+03,4.150105107043496e+03,1.764705882352941e+00,4309633
4.158634373336531e+03,4.156869667454178e+03,5.882352941176471e-01,4309637
4.161071166088018e+03,4.159306460205665e+03,5.882352941176471e-01,4309639
4.161739419259288e+03,4.156445301612229e+03,1.764705882352941e+00,4309636
4.162968723932228e+03,4.157674606285169e+03,1.764705882352941e+00,4309638
4.164655172821816e+03,4.162890466939463e+03,5.882352941176471e-01,4309641
4.166365283735077e+03,4.160554906202221e+03,1.764705882352941e+00,4309640
4.166738903922134e+03,4.164974198039781e+03,5.882352941176471e-01,4309642
4.169345120570683e+03,4.167580414688330e+03,5.882352941176471e-01,4309643
4.169650847299766e+03,4.167886141417413e+03,5.882352941176471e-01,4309644
4.170034467216589e+03,4.168269761334236e+03,5.882352941176471e-01,4309645
4.171415553182119e+03,4.169594666575095e+03,5.882352941176471e-01,4309647
4.171799173098941e+03,4.169990586713624e+03,5.882352941176471e-01,4309648
4.173563878981294e+03,4.170225761716680e+03,5.882352941176471e-01,4309650
4.174639238217742e+03,4.169171502308167e+03,1.764705882352941e+00,4309646
4.174944964946825e+03,4.170076257434440e+03,1.176470588235294e+00,4309649
4.175328584863647e+03,4.172657606830671e+03,5.882352941176471e-01,4309651
4.176810994281460e+03,4.175046288399107e+03,5.882352941176471e-01,4309652
4.178890004137581e+03,4.177125298255228e+03,5.882352941176471e-01,4309653
4.183717471086907e+03,4.178423353439848e+03,1.764705882352941e+00,4309654
4.186565352214718e+03,4.184800646332365e+03,5.882352941176471e-01,4309655
4.188406529805099e+03,4.186641823922746e+03,5.882352941176471e-01,4309656
4.193338272987259e+03,4.191573567104906e+03,5.882352941176471e-01,4309657
4.194533626377314e+03,4.192768920494961e+03,5.882352941176471e-01,4309659
4.198043039885397e+03,4.192748922238338e+03,1.764705882352941e+00,4309658
4.199551744064210e+03,4.194257626417151e+03,1.764705882352941e+00,4309660
4.201572451650103e+03,4.196690202437314e+03,1.176470588235294e+00,4309662
4.201636089982455e+03,4.196341972335396e+03,1.764705882352941e+00,4309661
4.203081155828916e+03,4.196862341515400e+03,1.176470588235294e+00,4309663
4.203337157532456e+03,4.200316655991365e+03,5.882352941176471e-01,4309664
4.203400795864808e+03,4.201583830657488e+03,5.882352941176471e-01,4309665
4.204845861711269e+03,4.202578342054133e+03,5.882352941176471e-01,4309666
4.210907108924327e+03,4.205612991277268e+03,1.764705882352941e+00,4309667
4.211354996998501e+03,4.206060879351442e+03,1.764705882352941e+00,4309668
4.213990954350112e+03,4.212226248467759e+03,5.882352941176471e-01,4309670
4.216182517030011e+03,4.214417811147658e+03,5.882352941176471e-01,4309671
4.217373972640003e+03,4.212079854992944e+03,1.764705882352941e+00,4309669
4.223425154508968e+03,4.218131036861910e+03,1.764705882352941e+00,4309672
4.224509687463485e+03,4.222744981581132e+03,5.882352941176471e-01,4309673
4.227081756827730e+03,4.225317050945377e+03,5.882352941176471e-01,4309674
4.228461898091043e+03,4.226697192208690e+03,5.882352941176471e-01,4309675
4.229155254856507e+03,4.227390548974154e+03,5.882352941176471e-01,4309676
4.229352873522664e+03,4.227588167640311e+03,5.882352941176471e-01,4309677
4.232080590760423e+03,4.230315884878070e+03,5.882352941176471e-01,4309679
4.232746955862776e+03,4.230982249980423e+03,5.882352941176471e-01,4309680
4.233756015738102e+03,4.227608505607618e+03,1.764705882352941e+00,4309678
4.233845296642776e+03,4.231809455177133e+03,5.882352941176471e-01,4309681
4.234511661745129e+03,4.231960816650242e+03,5.882352941176471e-01,4309682
4.236689955462506e+03,4.234925249580153e+03,5.882352941176471e-01,4309684
4.238848345148408e+03,4.237083639266055e+03,5.882352941176471e-01,4309685
4.239050133385161e+03,4.232729878513003e+03,1.764705882352941e+00,4309683
4.240716297118803e+03,4.238951591236450e+03,5.882352941176471e-01,4309686
4.241556330153434e+03,4.239791624271081e+03,5.882352941176471e-01,4309687
4.241862289483005e+03,4.240097583600652e+03,5.882352941176471e-01,4309688
4.242548508936320e+03,4.240783803053967e+03,5.882352941176471e-01,4309689
4.247024173085591e+03,4.245259467203238e+03,5.882352941176471e-01,4309691
4.248097959328995e+03,4.242803841681936e+03,1.764705882352941e+00,4309690
4.248530169237553e+03,4.246765463355201e+03,5.882352941176471e-01,4309692
4.248788878967944e+03,4.246896558734384e+03,5.882352941176471e-01,4309693
4.249862665211348e+03,4.247946777208225e+03,5.882352941176471e-01,4309694
4.250729874028241e+03,4.248965168145888e+03,5.882352941176471e-01,4309696
4.251627371093701e+03,4.249619563829464e+03,5.882352941176471e-01,4309697
4.253824286884612e+03,4.248042502403874e+03,1.764705882352941e+00,4309695
4.255588992766965e+03,4.251251237491337e+03,5.882352941176471e-01,4309700
4.256023991675299e+03,4.250194053807258e+03,1.764705882352941e+00,4309698
4.256921488740759e+03,4.250709053395518e+03,1.764705882352941e+00,4309699
4.257788697557652e+03,4.255849456290400e+03,5.882352941176471e-01,4309702
4.259118404531671e+03,4.253204578702939e+03,1.176470588235294e+00,4309701
4.261280389637317e+03,4.259515683754964e+03,5.882352941176471e-01,4309705
4.262215606387818e+03,4.256621375997955e+03,1.764705882352941e+00,4309703
4.263564744634305e+03,4.258270626987247e+03,1.764705882352941e+00,4309704
4.267137634917305e+03,4.261843517270246e+03,1.764705882352941e+00,4309706
4.269624006232295e+03,4.266094594467589e+03,1.176470588235294e+00,4309708
4.270948054149319e+03,4.265653936502260e+03,1.764705882352941e+00,4309707
4.273476202043772e+03,4.269946790279066e+03,1.176470588235294e+00,4309709
4.275702763641725e+03,4.272173351877019e+03,1.176470588235294e+00,4309710
4.276020372977002e+03,4.272490961212296e+03,1.176470588235294e+00,4309711
4.277692684897110e+03,4.275927979014757e+03,5.882352941176471e-01,4309712
4.279452202768735e+03,4.277687496886382e+03,5.882352941176471e-01,4309713
4.281594880447500e+03,4.279830174565147e+03,5.882352941176471e-01,4309715
4.281601275767812e+03,4.279836569885459e+03,5.882352941176471e-01,4309716
4.283274132594110e+03,4.279744720829404e+03,1.176470588235294e+00,4309714
4.285446174446800e+03,4.281916762682094e+03,1.176470588235294e+00,4309718
4.286888998094559e+03,4.280544012932515e+03,1.764705882352941e+00,4309717
4.287210880329153e+03,4.284153582197954e+03,5.882352941176471e-01,4309720
4.288568250241169e+03,4.282102034802098e+03,1.764705882352941e+00,4309719
4.288653703976912e+03,4.284263479102769e+03,5.882352941176471e-01,4309721
4.290332956123522e+03,4.285149472937566e+03,5.882352941176471e-01,4309723
4.290418409859265e+03,4.286251511210873e+03,5.882352941176471e-01,4309724
4.292400236587491e+03,4.290635530705138e+03,5.882352941176471e-01,4309725
4.292504997976212e+03,4.284481104420511e+03,1.764705882352941e+00,4309722
4.293757833629412e+03,4.291993127747059e+03,5.882352941176471e-01,4309726
4.294164942469844e+03,4.292133826381036e+03,5.882352941176471e-01,4309727
4.297694354234550e+03,4.293215527614822e+03,1.176470588235294e+00,4309730
4.297799115623271e+03,4.292311255293984e+03,1.764705882352941e+00,4309728
4.299051951276471e+03,4.292688940460578e+03,1.764705882352941e+00,4309729
4.299563821505624e+03,4.294985525873084e+03,5.882352941176471e-01,4309732
4.300816657158824e+03,4.297130736899244e+03,5.882352941176471e-01,4309733
4.301223765999256e+03,4.293509923727096e+03,1.176470588235294e+00,4309731
4.306442086164269e+03,4.304677380281916e+03,5.882352941176471e-01,4309735
4.308114068788894e+03,4.302819951141835e+03,1.764705882352941e+00,4309734
4.308367415290742e+03,4.306602709408389e+03,5.882352941176471e-01,4309736
4.312017629746972e+03,4.310252923864619e+03,5.882352941176471e-01,4309738
4.313129467981571e+03,4.311364762099219e+03,5.882352941176471e-01,4309739
4.315195249648887e+03,4.313430543766534e+03,5.882352941176471e-01,4309741
4.315508183777511e+03,4.310214066130452e+03,1.764705882352941e+00,4309737
4.317275472390394e+03,4.315510766508041e+03,5.882352941176471e-01,4309742
4.318371021961804e+03,4.313076904314746e+03,1.764705882352941e+00,4309740
4.319040178272747e+03,4.317190490201780e+03,5.882352941176471e-01,4309744
4.320041276934172e+03,4.316511865169466e+03,1.176470588235294e+00,4309743
4.322241802031809e+03,4.320477096149456e+03,5.882352941176471e-01,4309745
4.322507133219712e+03,4.320742427337359e+03,5.882352941176471e-01,4309746
4.322649193215135e+03,4.320884487332782e+03,5.882352941176471e-01,4309747
4.327535919678868e+03,4.320904362350909e+03,1.764705882352941e+00,4309748
4.327801250866771e+03,4.322199719996368e+03,1.764705882352941e+00,4309749
4.328115912689738e+03,4.322821795042679e+03,1.764705882352941e+00,4309750
4.329300625561221e+03,4.323742766849299e+03,5.882352941176471e-01,4309751
4.329565956749124e+03,4.324333123903779e+03,5.882352941176471e-01,4309752
4.331065331443574e+03,4.324519688813590e+03,5.882352941176471e-01,4309754
4.332830037325927e+03,4.325761251699668e+03,5.882352941176471e-01,4309756
4.333410030336797e+03,4.324367236570007e+03,1.764705882352941e+00,4309753
4.334860074396183e+03,4.325284772018530e+03,1.764705882352941e+00,4309755
4.335174736219149e+03,4.326674705129209e+03,5.882352941176471e-01,4309758
4.336624780278536e+03,4.327931182138994e+03,5.882352941176471e-01,4309759
4.336984478147860e+03,4.335219772265507e+03,5.882352941176471e-01,4309760
4.338124154972986e+03,4.326368517788498e+03,1.764705882352941e+00,4309757
4.338392498528139e+03,4.336627792645786e+03,5.882352941176471e-01,4309761
4.339888860855339e+03,4.337658192074783e+03,5.882352941176471e-01,4309763
4.341068547368126e+03,4.337539135603420e+03,1.176470588235294e+00,4309762
4.344299826234894e+03,4.342535120352541e+03,5.882352941176471e-01,4309765
4.344745343599414e+03,4.341215931834709e+03,1.176470588235294e+00,4309764
4.344844462750719e+03,4.343079756868366e+03,5.882352941176471e-01,4309766
4.348919342990346e+03,4.347154637107993e+03,5.882352941176471e-01,4309768
4.349622695216137e+03,4.347857989333785e+03,5.882352941176471e-01,4309769
4.350861311168905e+03,4.349096605286552e+03,5.882352941176471e-01,4309770
4.351970042883003e+03,4.346675925235944e+03,1.764705882352941e+00,4309767
4.355306993146576e+03,4.350012875499517e+03,1.764705882352941e+00,4309771
4.356556718408993e+03,4.351262600761934e+03,1.764705882352941e+00,4309772
4.357082289063571e+03,4.355317583181218e+03,5.882352941176471e-01,4309773
4.357696977381695e+03,4.355932271499342e+03,5.882352941176471e-01,4309774
4.358321424291346e+03,4.356509262622271e+03,5.882352941176471e-01,4309775
4.366966000099675e+03,4.365201294217322e+03,5.882352941176471e-01,4309778
4.367434622346315e+03,4.363905210581609e+03,1.176470588235294e+00,4309776
4.368730705982028e+03,4.366066258064558e+03,5.882352941176471e-01,4309779
4.369199328228668e+03,4.366359588666077e+03,5.882352941176471e-01,4309780
4.369900109079422e+03,4.364605991432363e+03,1.764705882352941e+00,4309777
4.374575746772663e+03,4.372811040890310e+03,5.882352941176471e-01,4309782
4.376034917082607e+03,4.370740799435548e+03,1.764705882352941e+00,4309781
4.376340452655016e+03,4.374041835247026e+03,5.882352941176471e-01,4309784
4.378454019981321e+03,4.373159902334263e+03,1.764705882352941e+00,4309783
4.378561512526675e+03,4.376796806644322e+03,5.882352941176471e-01,4309785
4.382978510806686e+03,4.381213804924334e+03,5.882352941176471e-01,4309788
4.383002393927937e+03,4.377708276280878e+03,1.764705882352941e+00,4309786
4.384743216689039e+03,4.382439293080268e+03,5.882352941176471e-01,4309789
4.385137301316643e+03,4.379843183669584e+03,1.764705882352941e+00,4309787
4.391638654183299e+03,4.389873948300946e+03,5.882352941176471e-01,4309791
4.392489560695843e+03,4.387195443048784e+03,1.764705882352941e+00,4309790
4.393185124103963e+03,4.391420418221610e+03,5.882352941176471e-01,4309792
4.393443699436835e+03,4.391678993554482e+03,5.882352941176471e-01,4309793
4.394254266578196e+03,4.391928114953005e+03,5.882352941176471e-01,4309794
4.395116444118388e+03,4.393351738236036e+03,5.882352941176471e-01,4309795
4.397176217380025e+03,4.395411511497672e+03,5.882352941176471e-01,4309797
4.398926864915855e+03,4.395397453151149e+03,1.176470588235294e+00,4309796
4.399296044885630e+03,4.397531339003277e+03,5.882352941176471e-01,4309799
4.400691570798208e+03,4.398216444684988e+03,5.882352941176471e-01,4309800
4.401621770575406e+03,4.396327652928348e+03,1.764705882352941e+00,4309798
4.404782100558529e+03,4.403017394676176e+03,5.882352941176471e-01,4309802
4.406601577319313e+03,4.401307459672254e+03,1.764705882352941e+00,4309801
4.407410146521130e+03,4.405645440638777e+03,5.882352941176471e-01,4309803
4.411023917138496e+03,4.409259211256143e+03,5.882352941176471e-01,4309805
4.412002151362914e+03,4.406708033715855e+03,1.764705882352941e+00,4309804
4.414323811510745e+03,4.412559105628392e+03,5.882352941176471e-01,4309806
4.414953623359379e+03,4.413188917477026e+03,5.882352941176471e-01,4309807
4.416088517393098e+03,4.413650683785498e+03,5.882352941176471e-01,4309809
4.418705944453393e+03,4.416941238571040e+03,5.882352941176471e-01,4309810
4.418832867988878e+03,4.413538750341819e+03,1.764705882352941e+00,4309808
4.425626284294534e+03,4.423861578412181e+03,5.882352941176471e-01,4309812
4.427390990176887e+03,4.425390457996346e+03,5.882352941176471e-01,4309814
4.427851814537600e+03,4.422557696890542e+03,1.764705882352941e+00,4309811
4.429606203665713e+03,4.424312086018655e+03,1.764705882352941e+00,4309813
4.430094829907906e+03,4.428330124025553e+03,5.882352941176471e-01,4309815
4.430839811458799e+03,4.429075105576446e+03,5.882352941176471e-01,4309816
4.432914242557790e+03,4.431149536675437e+03,5.882352941176471e-01,4309819
4.433919573317538e+03,4.430390161552832e+03,1.176470588235294e+00,4309818
4.434900321312772e+03,4.429409298913228e+03,1.764705882352941e+00,4309817
4.435684279199890e+03,4.432295467007080e+03,5.882352941176471e-01,4309821
4.436443654322496e+03,4.431396509977955e+03,1.176470588235294e+00,4309820
4.436665027195125e+03,4.433486836078361e+03,5.882352941176471e-01,4309822
4.437448985082243e+03,4.433808711732116e+03,5.882352941176471e-01,4309823
4.438208360204849e+03,4.434348946033598e+03,5.882352941176471e-01,4309824
4.438429733077478e+03,4.434654461613158e+03,5.882352941176471e-01,4309825
4.439973066087202e+03,4.436928479463331e+03,5.882352941176471e-01,4309827
4.441737771969555e+03,4.437503931538245e+03,5.882352941176471e-01,4309829
4.442743102729302e+03,4.435135527957928e+03,1.764705882352941e+00,4309826
4.443502477851908e+03,4.437710110733364e+03,5.882352941176471e-01,4309830
4.443723850724537e+03,4.436964413060184e+03,1.764705882352941e+00,4309828
4.445488556606890e+03,4.442384024202557e+03,5.882352941176471e-01,4309833
4.446272514494008e+03,4.440147297768708e+03,1.176470588235294e+00,4309831
4.447031889616614e+03,4.440718786850138e+03,1.176470588235294e+00,4309832
4.447253262489243e+03,4.443878023164976e+03,5.882352941176471e-01,4309834
4.448037220376361e+03,4.444072834763685e+03,5.882352941176471e-01,4309835
4.450782674253949e+03,4.445409975848685e+03,1.176470588235294e+00,4309837
4.452326007263673e+03,4.444276645704504e+03,1.764705882352941e+00,4309836
4.453331338023420e+03,4.447188216543784e+03,1.764705882352941e+00,4309838
4.455400440760701e+03,4.453635734878348e+03,5.882352941176471e-01,4309839
4.456422600201309e+03,4.454657894318956e+03,5.882352941176471e-01,4309841
4.457487356690469e+03,4.453957944925763e+03,1.176470588235294e+00,4309840
4.460969018955417e+03,4.455674901308358e+03,1.764705882352941e+00,4309842
4.461016768455175e+03,4.455866458327374e+03,1.176470588235294e+00,4309844
4.461716717848367e+03,4.455729496253314e+03,1.764705882352941e+00,4309843
4.462733724837770e+03,4.455930796124297e+03,5.882352941176471e-01,4309845
4.464498430720123e+03,4.459661973964368e+03,5.882352941176471e-01,4309848
4.466263136602476e+03,4.460223717066703e+03,5.882352941176471e-01,4309849
4.466310886102234e+03,4.457950413234184e+03,1.764705882352941e+00,4309846
4.467010835495426e+03,4.458866117984796e+03,1.764705882352941e+00,4309847
4.469792548367181e+03,4.462074752236695e+03,1.176470588235294e+00,4309850
4.471557254249534e+03,4.463886830121324e+03,5.882352941176471e-01,4309853
4.471605003749292e+03,4.462501488087291e+03,1.764705882352941e+00,4309851
4.472304953142485e+03,4.463861089383999e+03,1.764705882352941e+00,4309852
4.473321960131887e+03,4.466930680023812e+03,5.882352941176471e-01,4309854
4.473369709631645e+03,4.467102521190894e+03,5.882352941176471e-01,4309855
4.474069659024838e+03,4.467765499555719e+03,5.882352941176471e-01,4309856
4.475086666014240e+03,4.469288316259020e+03,5.882352941176471e-01,4309857
4.475834364907191e+03,4.471331360214042e+03,5.882352941176471e-01,4309859
4.476851371896593e+03,4.472527230134842e+03,5.882352941176471e-01,4309860
4.478616077778946e+03,4.475958581893202e+03,5.882352941176471e-01,4309862
4.478663827278704e+03,4.469595735718045e+03,1.764705882352941e+00,4309858
4.480380783661299e+03,4.476558663395870e+03,5.882352941176471e-01,4309863
4.480428533161057e+03,4.476748239871827e+03,5.882352941176471e-01,4309864
4.481128482554250e+03,4.472624325739763e+03,1.764705882352941e+00,4309861
4.483992094930424e+03,4.482227389048072e+03,5.882352941176471e-01,4309866
4.484850659146618e+03,4.481321247381912e+03,1.176470588235294e+00,4309865
4.488473297390181e+03,4.483179179743122e+03,1.764705882352941e+00,4309867
4.489054875182518e+03,4.485525463417812e+03,1.176470588235294e+00,4309868
4.490238003272534e+03,4.487590548317206e+03,5.882352941176471e-01,4309870
4.492381178524491e+03,4.487087060877432e+03,1.764705882352941e+00,4309869
4.497198657395647e+03,4.493669245630941e+03,1.176470588235294e+00,4309871
4.500065065975266e+03,4.498300360092913e+03,5.882352941176471e-01,4309873
4.500903921728280e+03,4.497374509963574e+03,1.176470588235294e+00,4309872
4.503173651665493e+03,4.501408945783140e+03,5.882352941176471e-01,4309876
4.503945202942994e+03,4.498651085295935e+03,1.764705882352941e+00,4309874
4.505126955659395e+03,4.503362249777042e+03,5.882352941176471e-01,4309877
4.506682024916333e+03,4.501387907269274e+03,1.764705882352941e+00,4309875
4.508904505877999e+03,4.507139799995646e+03,5.882352941176471e-01,4309878
4.510123105197494e+03,4.508358399315141e+03,5.882352941176471e-01,4309879
4.511447391004697e+03,4.509682685122344e+03,5.882352941176471e-01,4309881
4.514140592624290e+03,4.512375886741937e+03,5.882352941176471e-01,4309882
4.514725137738896e+03,4.509431020091838e+03,1.764705882352941e+00,4309880
4.515694169022702e+03,4.513929463140349e+03,5.882352941176471e-01,4309883
4.517677365432192e+03,4.515912659549839e+03,5.882352941176471e-01,4309884
4.519218407929615e+03,4.517453702047262e+03,5.882352941176471e-01,4309885
4.519356479808204e+03,4.517591773925851e+03,5.882352941176471e-01,4309886
4.521278137379799e+03,4.517748725615093e+03,1.176470588235294e+00,4309887
4.525994975953963e+03,4.520700858306904e+03,1.764705882352941e+00,4309888
4.526908007902259e+03,4.521613890255200e+03,1.764705882352941e+00,4309889
4.527102801250725e+03,4.521808683603666e+03,1.764705882352941e+00,4309890
4.527759681836316e+03,4.522728058644185e+03,5.882352941176471e-01,4309891
4.528672713784612e+03,4.523791457755306e+03,5.882352941176471e-01,4309892
4.528867507133078e+03,4.524087139975185e+03,5.882352941176471e-01,4309893
4.529524387718669e+03,4.524307096779275e+03,5.882352941176471e-01,4309894
4.530437419666965e+03,4.524596229133042e+03,5.882352941176471e-01,4309895
4.530632213015431e+03,4.524889974820379e+03,5.882352941176471e-01,4309896
4.533743405731901e+03,4.531978699849548e+03,5.882352941176471e-01,4309898
4.535396498727600e+03,4.533631792845247e+03,5.882352941176471e-01,4309899
4.535508111614254e+03,4.533694162463117e+03,5.882352941176471e-01,4309900
4.535729153570450e+03,4.530435035923391e+03,1.764705882352941e+00,4309897
4.537781248498300e+03,4.536016542615947e+03,5.882352941176471e-01,4309902
4.539545954380653e+03,4.536695396070100e+03,5.882352941176471e-01,4309904
4.539639351161162e+03,4.536109939396456e+03,1.176470588235294e+00,4309903
4.540690616374659e+03,4.534249052334103e+03,1.764705882352941e+00,4309901
4.541310660263006e+03,4.539301998459998e+03,5.882352941176471e-01,4309905
4.551997428177097e+03,4.548468016412391e+03,1.176470588235294e+00,4309906
4.553625432924391e+03,4.551860727042038e+03,5.882352941176471e-01,4309907
4.563050951834150e+03,4.557756834187091e+03,1.764705882352941e+00,4309908
4.564716967349455e+03,4.562952261467102e+03,5.882352941176471e-01,4309909
4.565621876518541e+03,4.563857170636188e+03,5.882352941176471e-01,4309910
4.567674385309021e+03,4.565909679426668e+03,5.882352941176471e-01,4309911
4.574076822234901e+03,4.568782704587842e+03,1.764705882352941e+00,4309912
4.574882257481636e+03,4.573117551599283e+03,5.882352941176471e-01,4309913
4.582612033215352e+03,4.577317915568293e+03,1.764705882352941e+00,4309914
4.582902260585040e+03,4.579372848820334e+03,1.176470588235294e+00,4309916
4.582963872595635e+03,4.577669754948576e+03,1.764705882352941e+00,4309915
4.584376739097705e+03,4.580148199983830e+03,5.882352941176471e-01,4309917
4.588196378232099e+03,4.582092402024481e+03,1.764705882352941e+00,4309918
4.590296592610077e+03,4.588531886727724e+03,5.882352941176471e-01,4309919
4.592003994050855e+03,4.590239288168502e+03,5.882352941176471e-01,4309920
4.597663739197424e+03,4.592369621550365e+03,1.764705882352941e+00,4309921
4.598194485229722e+03,4.592900367582663e+03,1.764705882352941e+00,4309922
4.599359761627818e+03,4.594065643980759e+03,1.764705882352941e+00,4309923
4.599428445079777e+03,4.596530849780689e+03,5.882352941176471e-01,4309924
4.599959191112075e+03,4.596546494561138e+03,5.882352941176471e-01,4309925
4.604730985340728e+03,4.599436867693669e+03,1.764705882352941e+00,4309926
4.606786706590033e+03,4.601492588942974e+03,1.764705882352941e+00,4309927
4.607044546086631e+03,4.601750428439572e+03,1.764705882352941e+00,4309928
4.609621204834484e+03,4.607856498952131e+03,5.882352941176471e-01,4309930
4.611912591548460e+03,4.606618473901401e+03,1.764705882352941e+00,4309929
4.613168402474065e+03,4.609638990709359e+03,1.176470588235294e+00,4309931
4.616273945853835e+03,4.610979828206776e+03,1.764705882352941e+00,4309932
4.616438720874564e+03,4.614674014992211e+03,5.882352941176471e-01,4309933
4.617256116300138e+03,4.615491410417785e+03,5.882352941176471e-01,4309934
4.621240511055616e+03,4.619475805173263e+03,5.882352941176471e-01,4309935
4.622680043058423e+03,4.620915337176070e+03,5.882352941176471e-01,4309936
4.624224634293904e+03,4.622459928411551e+03,5.882352941176471e-01,4309937
4.624783546077231e+03,4.623018840194878e+03,5.882352941176471e-01,4309938
4.625989340176257e+03,4.624086028109699e+03,5.882352941176471e-01,4309940
4.628958602169046e+03,4.623664484521988e+03,1.764705882352941e+00,4309939
4.634887743745754e+03,4.633123037863401e+03,5.882352941176471e-01,4309942
4.635021678287097e+03,4.633256972404744e+03,5.882352941176471e-01,4309943
4.635348075031261e+03,4.630053957384202e+03,1.764705882352941e+00,4309941
4.638929674808961e+03,4.637164968926608e+03,5.882352941176471e-01,4309944
4.643985424466909e+03,4.642220718584556e+03,5.882352941176471e-01,4309945
4.646308094284465e+03,4.644543388402112e+03,5.882352941176471e-01,4309946
4.646454244392463e+03,4.644689538510110e+03,5.882352941176471e-01,4309947
4.649488526095650e+03,4.647723820213297e+03,5.882352941176471e-01,4309949
4.650620302517589e+03,4.647090890752883e+03,1.176470588235294e+00,4309948
4.653627625062179e+03,4.648333507415120e+03,1.764705882352941e+00,4309950
4.656037218910692e+03,4.650743101263633e+03,1.764705882352941e+00,4309951
4.656106671911691e+03,4.654341966029338e+03,5.882352941176471e-01,4309952
4.661870132483229e+03,4.658340720718523e+03,1.176470588235294e+00,4309953
4.662396203486050e+03,4.658866791721344e+03,1.176470588235294e+00,4309954
4.663634838365582e+03,4.659526510324066e+03,5.882352941176471e-01,4309956
4.664354675150809e+03,4.659060557503751e+03,1.764705882352941e+00,4309955
4.665925615250756e+03,4.659625281666391e+03,1.176470588235294e+00,4309957
4.667164250130288e+03,4.661024225646427e+03,1.176470588235294e+00,4309958
4.667690321133109e+03,4.661346450774220e+03,5.882352941176471e-01,4309960
4.668928956012641e+03,4.663021885600510e+03,5.882352941176471e-01,4309961
4.669455027015462e+03,4.663727657060357e+03,5.882352941176471e-01,4309962
4.669648792797868e+03,4.661059909554400e+03,1.764705882352941e+00,4309959
4.670693661894994e+03,4.664420340805004e+03,5.882352941176471e-01,4309963
4.674749144662521e+03,4.669194057270763e+03,1.764705882352941e+00,4309964
4.676396142316485e+03,4.674631436434132e+03,5.882352941176471e-01,4309965
4.677688492060388e+03,4.675923786178035e+03,5.882352941176471e-01,4309966
4.678297574030023e+03,4.676532868147670e+03,5.882352941176471e-01,4309967
4.681498595826669e+03,4.679733889944316e+03,5.882352941176471e-01,4309968
4.685249253623374e+03,4.683484547741021e+03,5.882352941176471e-01,4309970
4.686209865698761e+03,4.680915748051702e+03,1.764705882352941e+00,4309969
4.690492094098823e+03,4.685197976451765e+03,1.764705882352941e+00,4309971
4.692118569055609e+03,4.686824451408550e+03,1.764705882352941e+00,4309972
4.692289346384314e+03,4.686995228737256e+03,1.764705882352941e+00,4309973
4.694054052266667e+03,4.689212106887624e+03,5.882352941176471e-01,4309976
4.695786211745882e+03,4.687707033513730e+03,1.764705882352941e+00,4309974
4.697412686702668e+03,4.688174089431341e+03,1.764705882352941e+00,4309975
4.697550917628235e+03,4.691658774274493e+03,5.882352941176471e-01,4309978
4.699177392585021e+03,4.691899672371596e+03,5.882352941176471e-01,4309979
4.699315623510588e+03,4.692096912867174e+03,5.882352941176471e-01,4309980
4.699348169913726e+03,4.690795994495979e+03,1.764705882352941e+00,4309977
4.701080329392941e+03,4.692814451419388e+03,5.882352941176471e-01,4309982
4.701112875796079e+03,4.693424300286890e+03,5.882352941176471e-01,4309983
4.702877581678432e+03,4.695284255564064e+03,5.882352941176471e-01,4309985
4.704471510232080e+03,4.692543825550333e+03,1.764705882352941e+00,4309981
4.704609741157647e+03,4.694364223601047e+03,1.176470588235294e+00,4309984
4.706374447040000e+03,4.697946145936241e+03,5.882352941176471e-01,4309988
4.708139152922353e+03,4.699036404700407e+03,5.882352941176471e-01,4309989
4.708171699325491e+03,4.696975442594446e+03,1.764705882352941e+00,4309986
4.709765627879138e+03,4.697834472548658e+03,1.764705882352941e+00,4309987
4.709903858804706e+03,4.699686586052887e+03,5.882352941176471e-01,4309990
4.709936405207844e+03,4.700025969277233e+03,5.882352941176471e-01,4309991
4.711701111090197e+03,4.706565866983701e+03,5.882352941176471e-01,4309994
4.713433270569412e+03,4.705639817116833e+03,1.176470588235294e+00,4309993
4.713926172776445e+03,4.712161466894092e+03,5.882352941176471e-01,4309995
4.715059745526197e+03,4.700822324272410e+03,1.764705882352941e+00,4309992
4.718268155309716e+03,4.714738743545010e+03,1.176470588235294e+00,4309996
4.719317389167538e+03,4.717552683285185e+03,5.882352941176471e-01,4309998
4.721032371007945e+03,4.717502959243239e+03,1.176470588235294e+00,4309997
4.726994966475867e+03,4.725230260593514e+03,5.882352941176471e-01,4310001
4.727422900107868e+03,4.722128782460809e+03,1.764705882352941e+00,4309999
4.728051303846226e+03,4.724521892081520e+03,1.176470588235294e+00,4310000
4.730211378166363e+03,4.728446672284010e+03,5.882352941176471e-01,4310003
4.731074673362699e+03,4.729309967480346e+03,5.882352941176471e-01,4310004
4.733154931587319e+03,4.727860813940260e+03,1.764705882352941e+00,4310002
4.734708212133592e+03,4.731178800368886e+03,1.176470588235294e+00,4310006
4.734919637469672e+03,4.731291596957274e+03,5.882352941176471e-01,4310007
4.736168607204495e+03,4.730874489557437e+03,1.764705882352941e+00,4310005
4.736684343352025e+03,4.731611730013349e+03,5.882352941176471e-01,4310009
4.737933313086848e+03,4.732067095743464e+03,5.882352941176471e-01,4310010
4.738449049234378e+03,4.733029357176207e+03,5.882352941176471e-01,4310011
4.740002329780651e+03,4.731360766047774e+03,1.764705882352941e+00,4310008
4.740213755116731e+03,4.736700006883305e+03,5.882352941176471e-01,4310013
4.741767035663004e+03,4.737621131080425e+03,5.882352941176471e-01,4310014
4.741978460999084e+03,4.739200265506629e+03,5.882352941176471e-01,4310015
4.743227430733907e+03,4.734382057634255e+03,1.764705882352941e+00,4310012
4.743531741545357e+03,4.740878889079811e+03,5.882352941176471e-01,4310016
4.743743166881437e+03,4.740910259830698e+03,5.882352941176471e-01,4310017
4.744992136616260e+03,4.741689653984355e+03,5.882352941176471e-01,4310018
4.745296447427710e+03,4.742831037516620e+03,5.882352941176471e-01,4310019
4.748425171833706e+03,4.746660465951353e+03,5.882352941176471e-01,4310020
4.749890622476677e+03,4.748125916594324e+03,5.882352941176471e-01,4310021
4.754323344678182e+03,4.750793932913476e+03,1.176470588235294e+00,4310022
4.756304066281071e+03,4.754539360398718e+03,5.882352941176471e-01,4310023
4.756478987818870e+03,4.754714281936517e+03,5.882352941176471e-01,4310024
4.758971130645330e+03,4.755441718880624e+03,1.176470588235294e+00,4310025
4.760367827398593e+03,4.758603121516240e+03,5.882352941176471e-01,4310027
4.763288256271976e+03,4.757994138624917e+03,1.764705882352941e+00,4310026
4.767956435482269e+03,4.762662317835210e+03,1.764705882352941e+00,4310028
4.770810289822271e+03,4.769045583939918e+03,5.882352941176471e-01,4310029
4.772459644255942e+03,4.770694938373590e+03,5.882352941176471e-01,4310030
4.776224362911770e+03,4.774459657029418e+03,5.882352941176471e-01,4310032
4.777830378435298e+03,4.774300966670592e+03,1.176470588235294e+00,4310031
4.778022900567324e+03,4.776258194684971e+03,5.882352941176471e-01,4310033
4.779820567140501e+03,4.778055861258148e+03,5.882352941176471e-01,4310035
4.781443405037656e+03,4.777913993272951e+03,1.176470588235294e+00,4310034
4.783414435440946e+03,4.778120317793888e+03,1.764705882352941e+00,4310036
4.785034882501165e+03,4.781505470736459e+03,1.176470588235294e+00,4310037
4.785422954828522e+03,4.783658248946169e+03,5.882352941176471e-01,4310039
4.786799588383518e+03,4.783679183255723e+03,5.882352941176471e-01,4310040
4.788491325687038e+03,4.783197208039979e+03,1.764705882352941e+00,4310038
4.789117535387411e+03,4.787352829505058e+03,5.882352941176471e-01,4310042
4.790882241269764e+03,4.788905059700743e+03,5.882352941176471e-01,4310044
4.791654433099438e+03,4.786360315452379e+03,1.764705882352941e+00,4310041
4.792646947152117e+03,4.789101505642275e+03,5.882352941176471e-01,4310045
4.793419138981791e+03,4.790646299765201e+03,5.882352941176471e-01,4310046
4.793785443334096e+03,4.788012655241424e+03,1.764705882352941e+00,4310043
4.795183844864144e+03,4.791509842874519e+03,5.882352941176471e-01,4310048
4.797941064799176e+03,4.790726359174511e+03,1.764705882352941e+00,4310047
4.801409852131893e+03,4.799645146249540e+03,5.882352941176471e-01,4310049
4.805133137499249e+03,4.803368431616896e+03,5.882352941176471e-01,4310052
4.806476479252971e+03,4.801182361605912e+03,1.764705882352941e+00,4310050
4.806897843381602e+03,4.803743486026174e+03,5.882352941176471e-01,4310053
4.807018589131513e+03,4.801724471484454e+03,1.764705882352941e+00,4310051
4.808241185135324e+03,4.805401019422665e+03,5.882352941176471e-01,4310054
4.812256685309268e+03,4.806962567662209e+03,1.764705882352941e+00,4310055
4.813654149079002e+03,4.810124737314297e+03,1.176470588235294e+00,4310057
4.813736411590575e+03,4.808442293943516e+03,1.764705882352941e+00,4310056
4.816225920504839e+03,4.814461214622486e+03,5.882352941176471e-01,4310058
4.818525086231903e+03,4.816760380349550e+03,5.882352941176471e-01,4310059
4.822936298126993e+03,4.821171592244640e+03,5.882352941176471e-01,4310060
4.826105709711037e+03,4.824341003828684e+03,5.882352941176471e-01,4310062
4.826297669317314e+03,4.824532963434961e+03,5.882352941176471e-01,4310063
4.827302126346720e+03,4.823772714582014e+03,1.176470588235294e+00,4310061
4.828459595355550e+03,4.826694889473197e+03,5.882352941176471e-01,4310064
4.830631920759520e+03,4.827102508994814e+03,1.176470588235294e+00,4310065
4.834489713082608e+03,4.829195595435550e+03,1.764705882352941e+00,4310066
4.835629900570656e+03,4.830335782923597e+03,1.764705882352941e+00,4310067
4.836254418964961e+03,4.832698168438128e+03,5.882352941176471e-01,4310069
4.837196645628747e+03,4.831902527981688e+03,1.764705882352941e+00,4310068
4.838027351026828e+03,4.836262645144475e+03,5.882352941176471e-01,4310071
4.839792056909181e+03,4.837584392328700e+03,5.882352941176471e-01,4310073
4.841493842625865e+03,4.836199724978806e+03,1.764705882352941e+00,4310070
4.841556762791534e+03,4.838796704656254e+03,5.882352941176471e-01,4310074
4.842490763275805e+03,4.836568390698313e+03,1.764705882352941e+00,4310072
4.845150745524981e+03,4.843386039642628e+03,5.882352941176471e-01,4310076
4.845903899943861e+03,4.844139194061508e+03,5.882352941176471e-01,4310077
4.846787960272923e+03,4.838895708587033e+03,1.764705882352941e+00,4310075
4.847087930748706e+03,4.845323224866354e+03,5.882352941176471e-01,4310078
4.850633237439934e+03,4.848868531557581e+03,5.882352941176471e-01,4310080
4.851554437623592e+03,4.846260319976533e+03,1.764705882352941e+00,4310079
4.852905162154836e+03,4.851140456272483e+03,5.882352941176471e-01,4310082
4.852924533576207e+03,4.849395121811501e+03,1.176470588235294e+00,4310081
4.853760999281916e+03,4.851996293399563e+03,5.882352941176471e-01,4310083
4.855932048269884e+03,4.854167342387531e+03,5.882352941176471e-01,4310085
4.857696754152237e+03,4.855026440699166e+03,5.882352941176471e-01,4310087
4.857980000058108e+03,4.854450588293402e+03,1.176470588235294e+00,4310086
4.859034055608480e+03,4.853739937961421e+03,1.764705882352941e+00,4310084
4.859461460034590e+03,4.856033670782291e+03,5.882352941176471e-01,4310088
4.860798761490833e+03,4.856761405734558e+03,5.882352941176471e-01,4310090
4.862563467373186e+03,4.859414013466611e+03,5.882352941176471e-01,4310092
4.863274117705167e+03,4.856115886756694e+03,1.764705882352941e+00,4310089
4.864328173255539e+03,4.860068026112900e+03,5.882352941176471e-01,4310093
4.864755577681649e+03,4.858629536087812e+03,1.764705882352941e+00,4310091
4.865038823587520e+03,4.860226386797948e+03,5.882352941176471e-01,4310094
4.866092879137891e+03,4.860412398578510e+03,5.882352941176471e-01,4310095
4.866803529469873e+03,4.861155922450374e+03,5.882352941176471e-01,4310097
4.869622290902597e+03,4.861158780746931e+03,1.176470588235294e+00,4310098
4.870049695328708e+03,4.860782642317595e+03,1.764705882352941e+00,4310096
4.870332941234579e+03,4.861570711423086e+03,1.176470588235294e+00,4310099
4.871386996784950e+03,4.863040471462396e+03,5.882352941176471e-01,4310100
4.872097647116932e+03,4.863470596208457e+03,5.882352941176471e-01,4310102
4.873151702667303e+03,4.869062200628574e+03,5.882352941176471e-01,4310103
4.873862352999285e+03,4.870297168668714e+03,5.882352941176471e-01,4310104
4.874916408549656e+03,4.871368181781981e+03,5.882352941176471e-01,4310105
4.875343812975766e+03,4.863258384236576e+03,1.764705882352941e+00,4310101
4.876008003325293e+03,4.874243297442940e+03,5.882352941176471e-01,4310106
4.878735934754693e+03,4.876971228872340e+03,5.882352941176471e-01,4310109
4.880210526196715e+03,4.874563256658696e+03,1.764705882352941e+00,4310107
4.880500640637046e+03,4.877298216626747e+03,5.882352941176471e-01,4310110
4.881975232079068e+03,4.878230003221500e+03,5.882352941176471e-01,4310111
4.882127393009714e+03,4.876833275362656e+03,1.764705882352941e+00,4310108
4.882265346519399e+03,4.879300986038325e+03,5.882352941176471e-01,4310112
4.884030052401751e+03,4.881044019929093e+03,5.882352941176471e-01,4310115
4.887269349726127e+03,4.879753229957280e+03,1.764705882352941e+00,4310113
4.887421510656773e+03,4.880860519333433e+03,1.764705882352941e+00,4310114
4.889324170048810e+03,4.881561047520192e+03,1.764705882352941e+00,4310116
4.892953146917552e+03,4.887659029270493e+03,1.764705882352941e+00,4310117
4.894118835788856e+03,4.892354129906503e+03,5.882352941176471e-01,4310119
4.894278045138897e+03,4.888983927491839e+03,1.764705882352941e+00,4310118
4.894717852799905e+03,4.892365218179314e+03,5.882352941176471e-01,4310120
4.895883541671209e+03,4.893155726184736e+03,5.882352941176471e-01,4310121
4.898190572280397e+03,4.896425866398044e+03,5.882352941176471e-01,4310122
4.903370044448458e+03,4.899840632683752e+03,1.176470588235294e+00,4310123
4.903509057496401e+03,4.899979645731695e+03,1.176470588235294e+00,4310124
4.906527060208563e+03,4.901232942561504e+03,1.764705882352941e+00,4310125
4.907319176270226e+03,4.903789764505521e+03,1.176470588235294e+00,4310126
4.907559944787467e+03,4.904030533022761e+03,1.176470588235294e+00,4310127
4.909083882152579e+03,4.904825599473678e+03,5.882352941176471e-01,4310129
4.909324650669820e+03,4.905619186024129e+03,5.882352941176471e-01,4310130
4.910056471973269e+03,4.904060529690335e+03,1.176470588235294e+00,4310128
4.911470555946241e+03,4.909705850063888e+03,5.882352941176471e-01,4310132
4.912613293917285e+03,4.906186559615878e+03,1.176470588235294e+00,4310131
4.916210094533254e+03,4.914445388650902e+03,5.882352941176471e-01,4310133
4.916486232562747e+03,4.914721526680394e+03,5.882352941176471e-01,4310134
4.921290490517254e+03,4.919525784634901e+03,5.882352941176471e-01,4310136
4.921561817850438e+03,4.919797111968085e+03,5.882352941176471e-01,4310137
4.923055196399607e+03,4.920273757562332e+03,5.882352941176471e-01,4310138
4.924424338574699e+03,4.922659632692347e+03,5.882352941176471e-01,4310139
4.924619384065316e+03,4.919325266418257e+03,1.764705882352941e+00,4310135
4.931563917845422e+03,4.928034506080716e+03,1.176470588235294e+00,4310140
4.933168512054658e+03,4.931403806172305e+03,5.882352941176471e-01,4310142
4.933579055674473e+03,4.931814349792121e+03,5.882352941176471e-01,4310143
4.934554393084183e+03,4.929260275437124e+03,1.764705882352941e+00,4310141
4.935845729739375e+03,4.934081023857022e+03,5.882352941176471e-01,4310144
4.938615684672140e+03,4.936850978789787e+03,5.882352941176471e-01,4310145
4.939666028679883e+03,4.937901322797530e+03,5.882352941176471e-01,4310146
4.940770084646590e+03,4.939005378764237e+03,5.882352941176471e-01,4310147
4.942071138028398e+03,4.940306432146045e+03,5.882352941176471e-01,4310149
4.944510417409505e+03,4.942745711527152e+03,5.882352941176471e-01,4310150
4.945336430650935e+03,4.940042313003876e+03,1.764705882352941e+00,4310148
4.945341243509713e+03,4.943576537627360e+03,5.882352941176471e-01,4310151
4.946275123291857e+03,4.943632819462436e+03,5.882352941176471e-01,4310152
4.949931468738540e+03,4.946402056973834e+03,1.176470588235294e+00,4310153
4.952787931708109e+03,4.947493814061050e+03,1.764705882352941e+00,4310154
4.954431948178989e+03,4.949137830531930e+03,1.764705882352941e+00,4310155
4.954552637590462e+03,4.952421927911750e+03,5.882352941176471e-01,4310157
4.955920207574702e+03,4.952390795809997e+03,1.176470588235294e+00,4310156
4.956455928943373e+03,4.954691223061020e+03,5.882352941176471e-01,4310158
4.960561238141268e+03,4.955267120494209e+03,1.764705882352941e+00,4310159
4.960860193166144e+03,4.957330781401438e+03,1.176470588235294e+00,4310160
4.962670140292383e+03,4.957376022645324e+03,1.764705882352941e+00,4310161
4.966411412657440e+03,4.964646706775087e+03,5.882352941176471e-01,4310163
4.969078241990359e+03,4.963784124343300e+03,1.764705882352941e+00,4310162
4.969839630388612e+03,4.968074924506259e+03,5.882352941176471e-01,4310164
4.969898002778771e+03,4.968133296896418e+03,5.882352941176471e-01,4310165
4.972955921505242e+03,4.969426509740536e+03,1.176470588235294e+00,4310166
4.975252058770841e+03,4.973487352888488e+03,5.882352941176471e-01,4310168
4.975421368054202e+03,4.970127250407143e+03,1.764705882352941e+00,4310167
4.976797814539966e+03,4.975033108657613e+03,5.882352941176471e-01,4310169
4.981161100936428e+03,4.979396395054075e+03,5.882352941176471e-01,4310170
4.981546015629802e+03,4.979781309747449e+03,5.882352941176471e-01,4310171
4.985074291254012e+03,4.983309585371659e+03,5.882352941176471e-01,4310174
4.986864008309430e+03,4.985099302427077e+03,5.882352941176471e-01,4310175
4.987883151872959e+03,4.982589034225900e+03,1.764705882352941e+00,4310172
4.988205311099547e+03,4.982911193452488e+03,1.764705882352941e+00,4310173
4.989647857755311e+03,4.986129300041838e+03,5.882352941176471e-01,4310177
4.989970016981900e+03,4.986236064136753e+03,5.882352941176471e-01,4310178
4.991734722864253e+03,4.987186291277395e+03,5.882352941176471e-01,4310180
4.992158125956489e+03,4.985148233827173e+03,1.764705882352941e+00,4310176
4.994941975402370e+03,4.986496123390579e+03,1.764705882352941e+00,4310179
4.996706681284723e+03,4.994290930845618e+03,5.882352941176471e-01,4310183
4.997028840511312e+03,4.990840601939569e+03,1.764705882352941e+00,4310181
4.997452243603548e+03,4.991002977394205e+03,1.764705882352941e+00,4310182
4.998471387167076e+03,4.995240429138373e+03,5.882352941176471e-01,4310184
4.998793546393665e+03,4.995794772482258e+03,5.882352941176471e-01,4310185
5.000558252276018e+03,4.997243236459109e+03,5.882352941176471e-01,4310188
5.002746361250607e+03,4.995842118402034e+03,1.764705882352941e+00,4310186
5.003765504814135e+03,4.997125843001418e+03,1.764705882352941e+00,4310187
5.005530210696488e+03,5.000383037640955e+03,5.882352941176471e-01,4310191
5.005852369923077e+03,4.998288668615957e+03,1.764705882352941e+00,4310189
5.008040478897666e+03,4.999764729929115e+03,1.764705882352941e+00,4310190
5.009805184780019e+03,5.005197667765749e+03,5.882352941176471e-01,4310194
5.010824328343547e+03,5.004330164391891e+03,1.764705882352941e+00,4310192
5.011146487570135e+03,5.004399535244925e+03,1.764705882352941e+00,4310193
5.011569890662372e+03,5.005682485735997e+03,5.882352941176471e-01,4310195
5.012589034225900e+03,5.009003425403608e+03,5.882352941176471e-01,4310196
5.012911193452488e+03,5.009314459362071e+03,5.882352941176471e-01,4310197
5.013334596544724e+03,5.010714427721913e+03,5.882352941176471e-01,4310198
5.014933162047184e+03,5.013168456164831e+03,5.882352941176471e-01,4310200
5.015312788700798e+03,5.013548082818445e+03,5.882352941176471e-01,4310201
5.016697867929537e+03,5.013558043315259e+03,5.882352941176471e-01,4310202
5.017883151872959e+03,5.012336005220324e+03,1.764705882352941e+00,4310199
5.019647857755311e+03,5.017687723734904e+03,5.882352941176471e-01,4310205
5.021166411592430e+03,5.017636999827724e+03,1.176470588235294e+00,4310204
5.022615008770942e+03,5.017320891123883e+03,1.764705882352941e+00,4310203
5.022931117474782e+03,5.018330538743101e+03,5.882352941176471e-01,4310207
5.024379714653295e+03,5.022096086276599e+03,5.882352941176471e-01,4310208
5.024695823357135e+03,5.022205888420831e+03,5.882352941176471e-01,4310209
5.024941975402370e+03,5.018301214912917e+03,1.764705882352941e+00,4310206
5.026911838655681e+03,5.025147132773328e+03,5.882352941176471e-01,4310212
5.027909126418001e+03,5.022212933165766e+03,1.176470588235294e+00,4310210
5.028676544538034e+03,5.025227285654254e+03,5.882352941176471e-01,4310213
5.029989941004194e+03,5.023411161743977e+03,1.764705882352941e+00,4310211
5.031614841102146e+03,5.029850135219794e+03,5.882352941176471e-01,4310214
5.032136450493368e+03,5.030371744611015e+03,5.882352941176471e-01,4310215
5.032475257758926e+03,5.030710551876573e+03,5.882352941176471e-01,4310216
5.033379546984499e+03,5.031442573473818e+03,5.882352941176471e-01,4310217
5.033901156375721e+03,5.031867097511362e+03,5.882352941176471e-01,4310218
5.035268790276329e+03,5.033504084393976e+03,5.882352941176471e-01,4310219
5.035517008438709e+03,5.033752302556356e+03,5.882352941176471e-01,4310220
5.040924692464598e+03,5.039159986582245e+03,5.882352941176471e-01,4310221
5.045973661123795e+03,5.044208955241442e+03,5.882352941176471e-01,4310223
5.046103941285848e+03,5.044339235403495e+03,5.882352941176471e-01,4310224
5.047306128336087e+03,5.042012010689028e+03,1.764705882352941e+00,4310222
5.047738367006148e+03,5.044567290355838e+03,5.882352941176471e-01,4310225
5.049070834218440e+03,5.046223011014163e+03,5.882352941176471e-01,4310227
5.050147498476737e+03,5.048382792594384e+03,5.882352941176471e-01,4310228
5.050835540100793e+03,5.048874039697960e+03,5.882352941176471e-01,4310229
5.051398058932906e+03,5.045504584392559e+03,1.764705882352941e+00,4310226
5.051912204359090e+03,5.049079745272252e+03,5.882352941176471e-01,4310230
5.053676910241443e+03,5.049961776122826e+03,5.882352941176471e-01,4310233
5.055441616123795e+03,5.050556495135223e+03,5.882352941176471e-01,4310234
5.056129657747852e+03,5.049898810410731e+03,1.764705882352941e+00,4310231
5.056692176579965e+03,5.049933102013228e+03,1.764705882352941e+00,4310232
5.057206322006148e+03,5.051599356298323e+03,5.882352941176471e-01,4310235
5.057894363630205e+03,5.051771721942133e+03,5.882352941176471e-01,4310236
5.058456882462318e+03,5.052318158380170e+03,5.882352941176471e-01,4310237
5.059659069512558e+03,5.054813080772703e+03,5.882352941176471e-01,4310239
5.060221588344671e+03,5.054886244456180e+03,5.882352941176471e-01,4310240
5.061423775394911e+03,5.057366951926192e+03,5.882352941176471e-01,4310241
5.062500439653207e+03,5.053386202040239e+03,1.764705882352941e+00,4310238
5.063188481277264e+03,5.058824717394530e+03,5.882352941176471e-01,4310243
5.065515705991730e+03,5.057383343005951e+03,1.764705882352941e+00,4310242
5.067280411874083e+03,5.061602197123918e+03,5.882352941176471e-01,4310246
5.067794557300266e+03,5.059360239277257e+03,1.764705882352941e+00,4310244
5.068482598924322e+03,5.060181487001398e+03,1.764705882352941e+00,4310245
5.069559263182619e+03,5.063857619817058e+03,5.882352941176471e-01,4310248
5.070247304806675e+03,5.064757845763228e+03,5.882352941176471e-01,4310249
5.071323969064972e+03,5.065946958224396e+03,5.882352941176471e-01,4310250
5.072012010689028e+03,5.066903679844180e+03,5.882352941176471e-01,4310251
5.072574529521142e+03,5.062798902784922e+03,1.764705882352941e+00,4310247
5.073776716571381e+03,5.070814648758169e+03,5.882352941176471e-01,4310253
5.076618086712031e+03,5.069836103952666e+03,1.764705882352941e+00,4310252
5.077868647168200e+03,5.071863625647804e+03,1.764705882352941e+00,4310254
5.079471425031143e+03,5.074177307384084e+03,1.764705882352941e+00,4310255
5.081689456237148e+03,5.079924750354795e+03,5.882352941176471e-01,4310256
5.082776727388363e+03,5.081012021506010e+03,5.882352941176471e-01,4310257
5.082998383664554e+03,5.081233677782201e+03,5.882352941176471e-01,4310258
5.085764257358511e+03,5.083999551476158e+03,5.882352941176471e-01,4310259
5.087492738193101e+03,5.085728032310748e+03,5.882352941176471e-01,4310261
5.089257444075454e+03,5.087123993148097e+03,5.882352941176471e-01,4310263
5.090399167586909e+03,5.086869755822204e+03,1.176470588235294e+00,4310262
5.090997958618371e+03,5.085703840971312e+03,1.764705882352941e+00,4310260
5.091022149957807e+03,5.087579901794359e+03,5.882352941176471e-01,4310264
5.093518687546107e+03,5.091753981663754e+03,5.882352941176471e-01,4310266
5.095998256384983e+03,5.090704138737924e+03,1.764705882352941e+00,4310265
5.097762962267336e+03,5.093847141123951e+03,5.882352941176471e-01,4310269
5.098177222502183e+03,5.092883104855124e+03,1.764705882352941e+00,4310267
5.099098113521700e+03,5.093803995874642e+03,1.764705882352941e+00,4310268
5.099527668149689e+03,5.094258983913952e+03,5.882352941176471e-01,4310270
5.100862819404053e+03,5.096390701094929e+03,5.882352941176471e-01,4310272
5.101292374032042e+03,5.096754050654449e+03,5.882352941176471e-01,4310273
5.102627525286406e+03,5.098968522798323e+03,5.882352941176471e-01,4310274
5.103057079914395e+03,5.099327642284538e+03,5.882352941176471e-01,4310275
5.103471340149242e+03,5.094764704172970e+03,1.764705882352941e+00,4310271
5.104392231168759e+03,5.100044155308722e+03,5.882352941176471e-01,4310276
5.105236046031595e+03,5.100212189568832e+03,5.882352941176471e-01,4310278
5.108351197561454e+03,5.100129328623155e+03,1.764705882352941e+00,4310277
5.109836954756681e+03,5.108072248874328e+03,5.882352941176471e-01,4310279
5.111773898976853e+03,5.110009193094500e+03,5.882352941176471e-01,4310280
5.111817422035636e+03,5.110052716153283e+03,5.882352941176471e-01,4310281
5.114839589550611e+03,5.113074883668258e+03,5.882352941176471e-01,4310282
5.122427695602148e+03,5.117133577955089e+03,1.764705882352941e+00,4310283
5.126757331682304e+03,5.124992625799951e+03,5.882352941176471e-01,4310285
5.126821815638813e+03,5.125057109756461e+03,5.882352941176471e-01,4310286
5.127078928472133e+03,5.121784810825074e+03,1.764705882352941e+00,4310284
5.128522037564657e+03,5.126254739629973e+03,5.882352941176471e-01,4310287
5.128723638445471e+03,5.126958932563118e+03,5.882352941176471e-01,4310288
5.132373059915832e+03,5.130608354033479e+03,5.882352941176471e-01,4310291
5.132804732798015e+03,5.127510615150956e+03,1.764705882352941e+00,4310289
5.134403922869875e+03,5.129109805222816e+03,1.764705882352941e+00,4310290
5.134722468375340e+03,5.132957762492987e+03,5.882352941176471e-01,4310292
5.135876820284177e+03,5.134112114401824e+03,5.882352941176471e-01,4310293
5.136598050222477e+03,5.134833344340125e+03,5.882352941176471e-01,4310295
5.138465977751252e+03,5.136701271868899e+03,5.882352941176471e-01,4310296
5.139917818947571e+03,5.134623701300512e+03,1.764705882352941e+00,4310294
5.141132126484578e+03,5.139367420602225e+03,5.882352941176471e-01,4310297
5.142732988968091e+03,5.140968283085738e+03,5.882352941176471e-01,4310299
5.145091467338024e+03,5.143326761455671e+03,5.882352941176471e-01,4310300
5.145748255499932e+03,5.140454137852873e+03,1.764705882352941e+00,4310298
5.148534264087335e+03,5.146769558204982e+03,5.882352941176471e-01,4310301
5.151081419228143e+03,5.149316713345790e+03,5.882352941176471e-01,4310302
5.151811538461334e+03,5.150046832578981e+03,5.882352941176471e-01,4310303
5.156169844146857e+03,5.150875726499798e+03,1.764705882352941e+00,4310304
5.160557316607918e+03,5.155263198960860e+03,1.764705882352941e+00,4310305
5.162070703301061e+03,5.160305997418708e+03,5.882352941176471e-01,4310307
5.162963879021227e+03,5.161199173138874e+03,5.882352941176471e-01,4310308
5.163675171822525e+03,5.158381054175466e+03,1.764705882352941e+00,4310306
5.164087925256483e+03,5.162323219374130e+03,5.882352941176471e-01,4310309
5.168269682278406e+03,5.162975564631347e+03,1.764705882352941e+00,4310310
5.171535808556163e+03,5.166241690909104e+03,1.764705882352941e+00,4310311
5.176564500490196e+03,5.174799794607843e+03,5.882352941176471e-01,4310314
5.177394010673066e+03,5.172099893026007e+03,1.764705882352941e+00,4310312
5.179934650906087e+03,5.174640533259028e+03,1.764705882352941e+00,4310313
5.180093912254902e+03,5.175103306205879e+03,1.176470588235294e+00,4310315
5.180923422437772e+03,5.175963007663968e+03,1.176470588235294e+00,4310316
5.185228768553146e+03,5.176773150810307e+03,1.764705882352941e+00,4310317
5.185388029901961e+03,5.178776565282756e+03,1.764705882352941e+00,4310318
5.186710244079054e+03,5.184945538196701e+03,5.882352941176471e-01,4310319
5.187627507304612e+03,5.185862801422259e+03,5.882352941176471e-01,4310320
5.189230819052986e+03,5.187466113170633e+03,5.882352941176471e-01,4310321
5.190302381877260e+03,5.188537675994907e+03,5.882352941176471e-01,4310323
5.190995524935339e+03,5.189068828298106e+03,5.882352941176471e-01,4310324
5.193671319831673e+03,5.188377202184615e+03,1.764705882352941e+00,4310322
5.195069479603948e+03,5.193304773721595e+03,5.882352941176471e-01,4310326
5.195977072524015e+03,5.194212366641662e+03,5.882352941176471e-01,4310327
5.197482546479273e+03,5.192188428832214e+03,1.764705882352941e+00,4310325
5.200075438058142e+03,5.198310732175790e+03,5.882352941176471e-01,4310329
5.203576360016535e+03,5.198282242369476e+03,1.764705882352941e+00,4310328
5.205494060922539e+03,5.200199943275480e+03,1.764705882352941e+00,4310330
5.205698978956784e+03,5.200404861309725e+03,1.764705882352941e+00,4310331
5.207258766804892e+03,5.204989727386243e+03,5.882352941176471e-01,4310333
5.207525614521703e+03,5.205760908639350e+03,5.882352941176471e-01,4310334
5.208870477663594e+03,5.203352020152864e+03,1.764705882352941e+00,4310332
5.210788178569598e+03,5.205975908555825e+03,1.176470588235294e+00,4310335
5.212880749522102e+03,5.207586631875043e+03,1.764705882352941e+00,4310336
5.214164595310653e+03,5.208670610371382e+03,1.764705882352941e+00,4310337
5.215526483261771e+03,5.213761777379419e+03,5.882352941176471e-01,4310338
5.216869548680457e+03,5.215104842798104e+03,5.882352941176471e-01,4310339
5.224148977968558e+03,5.220619566203852e+03,1.176470588235294e+00,4310340
5.224198233262253e+03,5.222433527379900e+03,5.882352941176471e-01,4310341
5.229005736644939e+03,5.227241030762586e+03,5.882352941176471e-01,4310342
5.235612448674797e+03,5.230318331027739e+03,1.764705882352941e+00,4310343
5.235898927949882e+03,5.234134222067529e+03,5.882352941176471e-01,4310345
5.237672028454788e+03,5.232377910807729e+03,1.764705882352941e+00,4310344
5.238105488135546e+03,5.236340782253193e+03,5.882352941176471e-01,4310347
5.241283026456425e+03,5.235988908809367e+03,1.764705882352941e+00,4310346
5.241638477967107e+03,5.239873772084755e+03,5.882352941176471e-01,4310348
5.243047732338778e+03,5.240741310814818e+03,5.882352941176471e-01,4310350
5.244490534202061e+03,5.242725828319708e+03,5.882352941176471e-01,4310351
5.244962306597187e+03,5.243197600714834e+03,5.882352941176471e-01,4310352
5.245955737179200e+03,5.240661619532141e+03,1.764705882352941e+00,4310349
5.247546951900251e+03,5.245782246017898e+03,5.882352941176471e-01,4310354
5.249784651849120e+03,5.243345784643888e+03,1.764705882352941e+00,4310353
5.250388225552590e+03,5.248623519670237e+03,5.882352941176471e-01,4310355
5.251271632003563e+03,5.249506926121211e+03,5.882352941176471e-01,4310356
5.252205421468841e+03,5.250440715586488e+03,5.882352941176471e-01,4310357
5.253093455921660e+03,5.251328750039307e+03,5.882352941176471e-01,4310358
5.253101122607852e+03,5.251336416725499e+03,5.882352941176471e-01,4310359
5.253970127351194e+03,5.251398468191532e+03,5.882352941176471e-01,4310360
5.254858161804013e+03,5.252395850429208e+03,5.882352941176471e-01,4310361
5.257404125393820e+03,5.255639419511467e+03,5.882352941176471e-01,4310363
5.257796517639142e+03,5.256031811756789e+03,5.882352941176471e-01,4310364
5.258388703050143e+03,5.254859291285437e+03,1.176470588235294e+00,4310362
5.265525638421331e+03,5.261996226656625e+03,1.176470588235294e+00,4310365
5.265883798908159e+03,5.264119093025806e+03,5.882352941176471e-01,4310367
5.267290344303684e+03,5.264665801151470e+03,5.882352941176471e-01,4310368
5.267327743011658e+03,5.263798331246952e+03,1.176470588235294e+00,4310366
5.270605169676142e+03,5.268840463793789e+03,5.882352941176471e-01,4310371
5.272466414059076e+03,5.267172296412017e+03,1.764705882352941e+00,4310369
5.273497584489774e+03,5.268203466842715e+03,1.764705882352941e+00,4310370
5.274523908044635e+03,5.270994496279929e+03,1.176470588235294e+00,4310372
5.276628449437610e+03,5.274863743555257e+03,5.882352941176471e-01,4310373
5.278393155319963e+03,5.276085780079914e+03,5.882352941176471e-01,4310376
5.280306944975570e+03,5.275012827328511e+03,1.764705882352941e+00,4310374
5.280693331331882e+03,5.275399213684824e+03,1.764705882352941e+00,4310375
5.282458037214235e+03,5.277271352260051e+03,5.882352941176471e-01,4310379
5.283687272967022e+03,5.276577229566514e+03,1.764705882352941e+00,4310377
5.284222743096588e+03,5.278085948558432e+03,5.882352941176471e-01,4310380
5.285451978849375e+03,5.278218307981396e+03,5.882352941176471e-01,4310381
5.285601062622629e+03,5.276969541210828e+03,1.764705882352941e+00,4310378
5.285987448978941e+03,5.280530587688928e+03,5.882352941176471e-01,4310382
5.287216684731728e+03,5.280638352266552e+03,5.882352941176471e-01,4310383
5.287752154861294e+03,5.282537541955608e+03,5.882352941176471e-01,4310385
5.289130474387335e+03,5.280893402216168e+03,1.176470588235294e+00,4310384
5.291281566626000e+03,5.285185249038398e+03,1.176470588235294e+00,4310387
5.292376268047720e+03,5.290611562165367e+03,5.882352941176471e-01,4310388
5.292510802378787e+03,5.284573476515671e+03,1.764705882352941e+00,4310386
5.296570163291976e+03,5.293040751527270e+03,1.176470588235294e+00,4310390
5.297953827346371e+03,5.292659709699313e+03,1.764705882352941e+00,4310389
5.298763091898201e+03,5.293468974251142e+03,1.764705882352941e+00,4310391
5.301864280939035e+03,5.295497200322174e+03,1.764705882352941e+00,4310392
5.302233420055256e+03,5.300468714172903e+03,5.882352941176471e-01,4310393
5.303613777701453e+03,5.301849071819101e+03,5.882352941176471e-01,4310394
5.303652251732299e+03,5.301887545849946e+03,5.882352941176471e-01,4310395
5.303998125937608e+03,5.301988857630472e+03,5.882352941176471e-01,4310396
5.305378483583806e+03,5.303173386456099e+03,5.882352941176471e-01,4310397
5.305416957614652e+03,5.303229979664546e+03,5.882352941176471e-01,4310398
5.305762831819961e+03,5.303589197926841e+03,5.882352941176471e-01,4310399
5.308863295759492e+03,5.307098589877139e+03,5.882352941176471e-01,4310402
5.310672601230865e+03,5.303887289727371e+03,1.764705882352941e+00,4310400
5.311498772208116e+03,5.309734066325763e+03,5.882352941176471e-01,4310403
5.311851344335977e+03,5.306557226688919e+03,1.764705882352941e+00,4310401
5.312437307113218e+03,5.309876620467715e+03,5.882352941176471e-01,4310404
5.313263478090469e+03,5.310274795477410e+03,5.882352941176471e-01,4310405
5.315380756100683e+03,5.310824984861414e+03,1.176470588235294e+00,4310406
5.316453870151331e+03,5.314689164268978e+03,5.882352941176471e-01,4310408
5.317663485493399e+03,5.315898779611046e+03,5.882352941176471e-01,4310409
5.318473685089025e+03,5.313179567441966e+03,1.764705882352941e+00,4310407
5.319428191375752e+03,5.317020316349086e+03,5.882352941176471e-01,4310411
5.319983281916036e+03,5.316046933514092e+03,1.176470588235294e+00,4310410
5.321192897258105e+03,5.318754541873800e+03,5.882352941176471e-01,4310413
5.321747987798389e+03,5.319217578270092e+03,5.882352941176471e-01,4310414
5.322003096853730e+03,5.318472091512092e+03,1.176470588235294e+00,4310412
5.322957603140458e+03,5.319247771965865e+03,5.882352941176471e-01,4310415
5.324472205863372e+03,5.322707499981019e+03,5.882352941176471e-01,4310416
5.327844016543098e+03,5.326079310660745e+03,5.882352941176471e-01,4310417
5.327983159568888e+03,5.326218453686535e+03,5.882352941176471e-01,4310418
5.328448289818400e+03,5.326683583936047e+03,5.882352941176471e-01,4310419
5.333138134190157e+03,5.327488007272675e+03,1.764705882352941e+00,4310420
5.334911824913444e+03,5.329617707266385e+03,1.764705882352941e+00,4310421
5.335245851286749e+03,5.333481145404396e+03,5.882352941176471e-01,4310422
5.336786351393103e+03,5.335021645510750e+03,5.882352941176471e-01,4310423
5.340671495592333e+03,5.338906789709981e+03,5.882352941176471e-01,4310426
5.341502197478453e+03,5.336208079831394e+03,1.764705882352941e+00,4310424
5.342107687392835e+03,5.338578275628129e+03,1.176470588235294e+00,4310425
5.342436201474686e+03,5.339559823793207e+03,5.882352941176471e-01,4310427
5.345252528917019e+03,5.343487823034666e+03,5.882352941176471e-01,4310428
5.345410050969810e+03,5.343645345087457e+03,5.882352941176471e-01,4310429
5.346525816642043e+03,5.344761110759690e+03,5.882352941176471e-01,4310430
5.348686833656061e+03,5.346922127773708e+03,5.882352941176471e-01,4310431
5.350216533276010e+03,5.348451827393657e+03,5.882352941176471e-01,4310433
5.350571752637091e+03,5.348807046754738e+03,5.882352941176471e-01,4310434
5.351981239158362e+03,5.350160230173443e+03,5.882352941176471e-01,4310435
5.353508747549740e+03,5.348214629902681e+03,1.764705882352941e+00,4310432
5.355476323298514e+03,5.353711617416161e+03,5.882352941176471e-01,4310436
5.357914653495433e+03,5.356149947613080e+03,5.882352941176471e-01,4310437
5.360932571636140e+03,5.359167865753787e+03,5.882352941176471e-01,4310438
5.361928544428843e+03,5.360163838546490e+03,5.882352941176471e-01,4310439
5.363495817970502e+03,5.361731112088149e+03,5.882352941176471e-01,4310441
5.365553839297880e+03,5.360259721650821e+03,1.764705882352941e+00,4310440
5.366014962565100e+03,5.364250256682747e+03,5.882352941176471e-01,4310442
5.374886750581235e+03,5.373122044698882e+03,5.882352941176471e-01,4310443
5.381936291455369e+03,5.380171585573016e+03,5.882352941176471e-01,4310445
5.382664623219736e+03,5.379135211455030e+03,1.176470588235294e+00,4310444
5.383501397414059e+03,5.381736691531706e+03,5.882352941176471e-01,4310446
5.387344499328550e+03,5.385579793446197e+03,5.882352941176471e-01,4310447
5.388876014691201e+03,5.387111308808848e+03,5.882352941176471e-01,4310448
5.388914765066664e+03,5.387150059184311e+03,5.882352941176471e-01,4310449
5.391113234553074e+03,5.389348528670721e+03,5.882352941176471e-01,4310451
5.392740138172082e+03,5.390975432289729e+03,5.882352941176471e-01,4310452
5.393802860054381e+03,5.388508742407322e+03,1.764705882352941e+00,4310450
5.395354872274228e+03,5.391825460509523e+03,1.176470588235294e+00,4310453
5.395362484598129e+03,5.393597778715776e+03,5.882352941176471e-01,4310454
5.395600189070278e+03,5.393835483187925e+03,5.882352941176471e-01,4310455
5.399596098774458e+03,5.397831392892105e+03,5.882352941176471e-01,4310457
5.400320913768479e+03,5.398556207886126e+03,5.882352941176471e-01,4310458
5.401360804656811e+03,5.398742369596099e+03,5.882352941176471e-01,4310459
5.402393013868573e+03,5.397098896221514e+03,1.764705882352941e+00,4310456
5.403632755011076e+03,5.401868049128723e+03,5.882352941176471e-01,4310460
5.406368223285987e+03,5.404603517403634e+03,5.882352941176471e-01,4310463
5.406847506172523e+03,5.403318094407817e+03,1.176470588235294e+00,4310462
5.408384337927891e+03,5.403090220280832e+03,1.764705882352941e+00,4310461
5.409166034211436e+03,5.407401328329083e+03,5.882352941176471e-01,4310464
5.412999985641449e+03,5.407705867994390e+03,1.764705882352941e+00,4310465
5.413624175856527e+03,5.410094764091822e+03,1.176470588235294e+00,4310466
5.414764691523802e+03,5.412975710076055e+03,5.882352941176471e-01,4310468
5.415588769764349e+03,5.413824063881996e+03,5.882352941176471e-01,4310469
5.416229315351386e+03,5.410935197704327e+03,1.764705882352941e+00,4310467
5.416529397406155e+03,5.414463865235917e+03,5.882352941176471e-01,4310470
5.417963845708725e+03,5.416199139826372e+03,5.882352941176471e-01,4310471
5.427440335110550e+03,5.425675629228197e+03,5.882352941176471e-01,4310473
5.427544792487950e+03,5.422250674840891e+03,1.764705882352941e+00,4310472
5.431660369368845e+03,5.429895663486492e+03,5.882352941176471e-01,4310474
5.435046168391350e+03,5.433281462508997e+03,5.882352941176471e-01,4310477
5.437381625386478e+03,5.432087507739419e+03,1.764705882352941e+00,4310475
5.437465848019092e+03,5.432171730372033e+03,1.764705882352941e+00,4310476
5.439146331268831e+03,5.437156922316134e+03,5.882352941176471e-01,4310479
5.440340286038408e+03,5.434501584836176e+03,1.764705882352941e+00,4310478
5.443789825371329e+03,5.438495707724270e+03,1.764705882352941e+00,4310480
5.444033416917764e+03,5.442268711035411e+03,5.882352941176471e-01,4310482
5.445554531253681e+03,5.442772473129982e+03,5.882352941176471e-01,4310483
5.446224162744976e+03,5.440930045097917e+03,1.764705882352941e+00,4310481
5.447319237136034e+03,5.443604536541232e+03,5.882352941176471e-01,4310485
5.449327534564823e+03,5.443021250766742e+03,1.764705882352941e+00,4310484
5.449753574509682e+03,5.443632349307348e+03,1.176470588235294e+00,4310486
5.450848648900740e+03,5.443641229729112e+03,1.176470588235294e+00,4310487
5.454378060665446e+03,5.446835027584736e+03,1.176470588235294e+00,4310490
5.454621652211882e+03,5.445076192097530e+03,1.764705882352941e+00,4310488
5.455047692156741e+03,5.445537352224004e+03,1.764705882352941e+00,4310489
5.456142766547799e+03,5.447356496028666e+03,5.882352941176471e-01,4310491
5.456812398039094e+03,5.449690134185838e+03,5.882352941176471e-01,4310493
5.457907472430152e+03,5.450426045922247e+03,5.882352941176471e-01,4310494
5.458577103921447e+03,5.451699967551826e+03,5.882352941176471e-01,4310495
5.459915769858941e+03,5.447588105078416e+03,1.764705882352941e+00,4310492
5.462106515686153e+03,5.453172686319228e+03,1.176470588235294e+00,4310497
5.463201590077211e+03,5.452928517429981e+03,1.764705882352941e+00,4310496
5.465209887506000e+03,5.454350102459619e+03,1.764705882352941e+00,4310498
5.466974593388353e+03,5.458342991479389e+03,5.882352941176471e-01,4310501
5.467400633333212e+03,5.454945758029899e+03,1.764705882352941e+00,4310499
5.468495707724270e+03,5.456242424611893e+03,1.764705882352941e+00,4310500
5.468739299270705e+03,5.461200560860993e+03,5.882352941176471e-01,4310502
5.470260413606623e+03,5.461533916640039e+03,5.882352941176471e-01,4310504
5.470504005153058e+03,5.461794019577061e+03,5.882352941176471e-01,4310505
5.472025119488976e+03,5.463222198487199e+03,5.882352941176471e-01,4310506
5.472694750980270e+03,5.461289276013755e+03,1.764705882352941e+00,4310503
5.474459456862623e+03,5.471750531661620e+03,5.882352941176471e-01,4310509
5.475798122800117e+03,5.464395135894734e+03,1.764705882352941e+00,4310507
5.477319237136034e+03,5.466094474555992e+03,1.764705882352941e+00,4310508
5.477562828682470e+03,5.475604525156371e+03,5.882352941176471e-01,4310511
5.479083943018387e+03,5.476306671659743e+03,5.882352941176471e-01,4310512
5.479415765003949e+03,5.477651059121596e+03,5.882352941176471e-01,4310513
5.479753574509682e+03,5.472636642556895e+03,1.764705882352941e+00,4310510
5.482054096805687e+03,5.480289390923334e+03,5.882352941176471e-01,4310515
5.483705550153538e+03,5.481940844271185e+03,5.882352941176471e-01,4310516
5.484378060665446e+03,5.478538972138591e+03,1.764705882352941e+00,4310514
5.485190533957961e+03,5.483425828075608e+03,5.882352941176471e-01,4310517
5.486333011630568e+03,5.484568305748215e+03,5.882352941176471e-01,4310518
5.487154570709046e+03,5.485389864826693e+03,5.882352941176471e-01,4310519
5.487942088186945e+03,5.486177382304592e+03,5.882352941176471e-01,4310520
5.488105520811687e+03,5.486340814929334e+03,5.882352941176471e-01,4310521
5.489540778393428e+03,5.487776072511075e+03,5.882352941176471e-01,4310522
5.489725390082910e+03,5.487960684200557e+03,5.882352941176471e-01,4310523
5.493421196129660e+03,5.491656490247307e+03,5.882352941176471e-01,4310525
5.494992558470928e+03,5.493227852588575e+03,5.882352941176471e-01,4310526
5.496315356387635e+03,5.491021238740576e+03,1.764705882352941e+00,4310524
5.498136106891315e+03,5.496371401008962e+03,5.882352941176471e-01,4310527
5.501906838763449e+03,5.500142132881096e+03,5.882352941176471e-01,4310529
5.502836905879622e+03,5.501072199997269e+03,5.882352941176471e-01,4310530
5.503696654626660e+03,5.498402536979601e+03,1.764705882352941e+00,4310528
5.509094750474235e+03,5.503800632827176e+03,1.764705882352941e+00,4310531
5.509826054742804e+03,5.504531937095746e+03,1.764705882352941e+00,4310532
5.510050475402138e+03,5.504756357755079e+03,1.764705882352941e+00,4310533
5.511195032414776e+03,5.509430326532423e+03,5.882352941176471e-01,4310534
5.516455861319970e+03,5.511161743672911e+03,1.764705882352941e+00,4310535
5.517792092178051e+03,5.512497974530992e+03,1.764705882352941e+00,4310536
5.518697498758817e+03,5.516932792876465e+03,5.882352941176471e-01,4310538
5.519515629473180e+03,5.514221511826121e+03,1.764705882352941e+00,4310537
5.519556798060404e+03,5.517246977059098e+03,5.882352941176471e-01,4310539
5.520462204641170e+03,5.517728622272838e+03,5.882352941176471e-01,4310540
5.524346958701565e+03,5.522582252819212e+03,5.882352941176471e-01,4310543
5.524809747120238e+03,5.519447529167423e+03,1.764705882352941e+00,4310541
5.524988562482248e+03,5.519694444835189e+03,1.764705882352941e+00,4310542
5.527192286047045e+03,5.525427580164692e+03,5.882352941176471e-01,4310544
5.531475515013915e+03,5.529710809131562e+03,5.882352941176471e-01,4310547
5.531812723453797e+03,5.526518605806738e+03,1.764705882352941e+00,4310545
5.532236061335675e+03,5.526941943688616e+03,1.764705882352941e+00,4310546
5.534682382843432e+03,5.532917676961079e+03,5.882352941176471e-01,4310550
5.535342135218503e+03,5.531431954146195e+03,1.176470588235294e+00,4310549
5.536769632660974e+03,5.531240168292977e+03,1.764705882352941e+00,4310548
5.538871546983209e+03,5.534725888459556e+03,1.176470588235294e+00,4310552
5.539976500490491e+03,5.534549672762932e+03,1.764705882352941e+00,4310551
5.540636252865562e+03,5.536012880882745e+03,5.882352941176471e-01,4310554
5.542063750308033e+03,5.534841796855888e+03,1.764705882352941e+00,4310553
5.543828456190386e+03,5.538922810823892e+03,5.882352941176471e-01,4310557
5.545270618137550e+03,5.536375699986407e+03,1.764705882352941e+00,4310555
5.545930370512621e+03,5.537543882680580e+03,1.764705882352941e+00,4310556
5.549122573837444e+03,5.540650757560504e+03,1.764705882352941e+00,4310558
5.550564735784609e+03,5.543831025968640e+03,1.764705882352941e+00,4310559
5.550887279719797e+03,5.544303217345974e+03,5.882352941176471e-01,4310561
5.551224488159679e+03,5.543859529324889e+03,1.764705882352941e+00,4310560
5.552989194042032e+03,5.550986403338132e+03,5.882352941176471e-01,4310564
5.554753899924385e+03,5.551120529988584e+03,5.882352941176471e-01,4310565
5.555858853431667e+03,5.547974290567675e+03,1.764705882352941e+00,4310562
5.556181397366856e+03,5.550323287240406e+03,1.764705882352941e+00,4310563
5.556518605806738e+03,5.551951789014051e+03,5.882352941176471e-01,4310566
5.557623559314020e+03,5.552131187479568e+03,5.882352941176471e-01,4310567
5.557946103249209e+03,5.552141207567298e+03,5.882352941176471e-01,4310568
5.561812723453797e+03,5.556417605075238e+03,1.764705882352941e+00,4310569
5.562236160079622e+03,5.560471454197269e+03,5.882352941176471e-01,4310571
5.562912878497978e+03,5.559383466733272e+03,1.176470588235294e+00,4310570
5.563577429336150e+03,5.560867447402452e+03,5.882352941176471e-01,4310572
5.564000865961975e+03,5.561053564374192e+03,5.882352941176471e-01,4310573
5.568015820957529e+03,5.564486409192823e+03,1.176470588235294e+00,4310576
5.568206996145037e+03,5.562184859066499e+03,1.764705882352941e+00,4310574
5.568983899553983e+03,5.563689781906925e+03,1.764705882352941e+00,4310575
5.569971702027390e+03,5.566153507048339e+03,5.882352941176471e-01,4310578
5.571736407909743e+03,5.569137505449469e+03,5.882352941176471e-01,4310580
5.573309938604588e+03,5.565260079366641e+03,1.764705882352941e+00,4310577
5.574278017201042e+03,5.566343125315852e+03,1.764705882352941e+00,4310579
5.577984491878966e+03,5.576219785996613e+03,5.882352941176471e-01,4310581
5.578942195029290e+03,5.577177489146938e+03,5.882352941176471e-01,4310582
5.579010016247386e+03,5.577245310365033e+03,5.882352941176471e-01,4310583
5.579868378517949e+03,5.578103672635596e+03,5.882352941176471e-01,4310584
5.582029386990604e+03,5.580264681108251e+03,5.882352941176471e-01,4310586
5.582643055249537e+03,5.579113643484831e+03,1.176470588235294e+00,4310585
5.584236285617038e+03,5.580706873852332e+03,1.176470588235294e+00,4310587
5.585869467691973e+03,5.584104761809620e+03,5.882352941176471e-01,4310588
5.587735017244983e+03,5.584205605480277e+03,1.176470588235294e+00,4310589
5.589665893381436e+03,5.586136481616730e+03,1.176470588235294e+00,4310591
5.590282128953870e+03,5.584988011306811e+03,1.764705882352941e+00,4310590
5.591430599263789e+03,5.586471680966324e+03,5.882352941176471e-01,4310593
5.593029134892042e+03,5.586343800412951e+03,1.764705882352941e+00,4310592
5.593307585489757e+03,5.591542879607404e+03,5.882352941176471e-01,4310595
5.594370166581322e+03,5.590840754816616e+03,1.176470588235294e+00,4310594
5.594793840774395e+03,5.591646413627770e+03,5.882352941176471e-01,4310596
5.595183416481696e+03,5.593418710599343e+03,5.882352941176471e-01,4310597
5.596968624812688e+03,5.595203918930335e+03,5.882352941176471e-01,4310598
5.601119315552890e+03,5.599354609670537e+03,5.882352941176471e-01,4310600
5.602828027513111e+03,5.597533909866052e+03,1.764705882352941e+00,4310599
5.606302045285835e+03,5.604537339403482e+03,5.882352941176471e-01,4310601
5.606606610808811e+03,5.604841904926458e+03,5.882352941176471e-01,4310603
5.608371316691164e+03,5.606271906967527e+03,5.882352941176471e-01,4310605
5.609977363838433e+03,5.604683246191375e+03,1.764705882352941e+00,4310602
5.611596162932894e+03,5.605770691357082e+03,1.764705882352941e+00,4310604
5.613360868815247e+03,5.609823582210216e+03,5.882352941176471e-01,4310608
5.613665434338223e+03,5.606743017543953e+03,1.764705882352941e+00,4310606
5.615271481485492e+03,5.607294559029113e+03,1.764705882352941e+00,4310607
5.615430140220576e+03,5.611479439220483e+03,5.882352941176471e-01,4310610
5.617194846102929e+03,5.614648987793425e+03,5.882352941176471e-01,4310612
5.618654986462306e+03,5.610412191614556e+03,1.764705882352941e+00,4310609
5.618959551985282e+03,5.614871241651152e+03,5.882352941176471e-01,4310613
5.620419692344659e+03,5.615340230278322e+03,5.882352941176471e-01,4310614
5.620565599132551e+03,5.611777488111151e+03,1.764705882352941e+00,4310611
5.622184398227012e+03,5.617687105983120e+03,5.882352941176471e-01,4310616
5.622488963749988e+03,5.615386761097071e+03,1.176470588235294e+00,4310615
5.626557649185916e+03,5.621263531538857e+03,1.764705882352941e+00,4310617
5.629380263687934e+03,5.627615557805581e+03,5.882352941176471e-01,4310618
5.633225630169939e+03,5.631460924287586e+03,5.882352941176471e-01,4310619
5.634538455047225e+03,5.632773749164872e+03,5.882352941176471e-01,4310621
5.634990336052292e+03,5.632996492935201e+03,5.882352941176471e-01,4310622
5.636287487748717e+03,5.632758075984011e+03,1.176470588235294e+00,4310620
5.636303160929577e+03,5.633073886005177e+03,5.882352941176471e-01,4310623
5.638740419191931e+03,5.636975713309578e+03,5.882352941176471e-01,4310625
5.638959251555646e+03,5.637194545673293e+03,5.882352941176471e-01,4310626
5.641374712548283e+03,5.636080594901224e+03,1.764705882352941e+00,4310624
5.644619954003154e+03,5.639325836356096e+03,1.764705882352941e+00,4310627
5.645495762012648e+03,5.643731056130295e+03,5.882352941176471e-01,4310628
5.646150882514218e+03,5.644386176631865e+03,5.882352941176471e-01,4310629
5.647049670023244e+03,5.645284964140891e+03,5.882352941176471e-01,4310630
5.648561619464324e+03,5.646796913581971e+03,5.882352941176471e-01,4310631
5.652374241061401e+03,5.647080123414343e+03,1.764705882352941e+00,4310632
5.652895069851142e+03,5.647600952204083e+03,1.764705882352941e+00,4310633
5.654138946943754e+03,5.649929217048995e+03,5.882352941176471e-01,4310635
5.654659775733495e+03,5.650322435008794e+03,5.882352941176471e-01,4310636
5.654991604117802e+03,5.649697486470743e+03,1.764705882352941e+00,4310634
5.656756310000155e+03,5.651908585002872e+03,5.882352941176471e-01,4310639
5.659433064590813e+03,5.651286672948438e+03,1.764705882352941e+00,4310637
5.659953893380554e+03,5.651516387144249e+03,1.764705882352941e+00,4310638
5.660285721764861e+03,5.653955285972960e+03,1.176470588235294e+00,4310640
5.661197770473166e+03,5.655270901055492e+03,5.882352941176471e-01,4310641
5.662050427647214e+03,5.657560662089775e+03,5.882352941176471e-01,4310643
5.663815133529566e+03,5.659716534255289e+03,5.882352941176471e-01,4310645
5.664727182237872e+03,5.657689045785694e+03,1.176470588235294e+00,4310644
5.665248011027613e+03,5.657448792230933e+03,1.764705882352941e+00,4310642
5.665579839411919e+03,5.661072602615131e+03,5.882352941176471e-01,4310646
5.667344545294272e+03,5.663446221376074e+03,5.882352941176471e-01,4310649
5.670021299884931e+03,5.662656071615734e+03,1.764705882352941e+00,4310647
5.670542128674672e+03,5.663296010588665e+03,1.764705882352941e+00,4310648
5.671786005767284e+03,5.669512528406854e+03,5.882352941176471e-01,4310651
5.672638662941331e+03,5.665213372168561e+03,1.764705882352941e+00,4310650
5.675995330853611e+03,5.670701213206552e+03,1.764705882352941e+00,4310652
5.677438782266310e+03,5.675674076383957e+03,5.882352941176471e-01,4310654
5.677760036735964e+03,5.675925260282705e+03,5.882352941176471e-01,4310655
5.679203488148663e+03,5.676025858624611e+03,5.882352941176471e-01,4310656
5.679524742618317e+03,5.676557529144300e+03,5.882352941176471e-01,4310657
5.680438979754978e+03,5.675144862107919e+03,1.764705882352941e+00,4310653
5.681831514694613e+03,5.680066808812260e+03,5.882352941176471e-01,4310659
5.682732899913369e+03,5.676997612764538e+03,1.176470588235294e+00,4310658
5.682841107745018e+03,5.681076401862666e+03,5.882352941176471e-01,4310660
5.683596220576966e+03,5.681742812436724e+03,5.882352941176471e-01,4310661
5.684497605795721e+03,5.682414526314170e+03,5.882352941176471e-01,4310662
5.684799781072086e+03,5.683035075189733e+03,5.882352941176471e-01,4310663
5.686305867700306e+03,5.684541161817953e+03,5.882352941176471e-01,4310665
5.689008362200054e+03,5.683714244552996e+03,1.764705882352941e+00,4310664
5.689521242425715e+03,5.687756536543362e+03,5.882352941176471e-01,4310666
5.690666507942222e+03,5.688901802059869e+03,5.882352941176471e-01,4310667
5.692184772074396e+03,5.690420066192043e+03,5.882352941176471e-01,4310668
5.692623750093087e+03,5.690859044210734e+03,5.882352941176471e-01,4310670
5.695230538993783e+03,5.693465833111430e+03,5.882352941176471e-01,4310671
5.696085516185528e+03,5.690791398538469e+03,1.764705882352941e+00,4310669
5.700293020072693e+03,5.698528314190340e+03,5.882352941176471e-01,4310672
5.701172389625601e+03,5.699407683743248e+03,5.882352941176471e-01,4310673
5.703396354641362e+03,5.701631648759009e+03,5.882352941176471e-01,4310674
5.705771355878923e+03,5.702241944114217e+03,1.176470588235294e+00,4310675
5.708102554051705e+03,5.702808436404646e+03,1.764705882352941e+00,4310676
5.709263776196696e+03,5.707499070314343e+03,5.882352941176471e-01,4310677
5.709346573572590e+03,5.707581867690237e+03,5.882352941176471e-01,4310678
5.714027141059496e+03,5.712262435177143e+03,5.882352941176471e-01,4310679
5.714732153777966e+03,5.712967447895613e+03,5.882352941176471e-01,4310680
5.718315009111808e+03,5.716550303229455e+03,5.882352941176471e-01,4310682
5.719019920096413e+03,5.713725802449354e+03,1.764705882352941e+00,4310681
5.720705435465837e+03,5.718940729583484e+03,5.882352941176471e-01,4310683
5.722515338850092e+03,5.720750632967739e+03,5.882352941176471e-01,4310685
5.723907134905273e+03,5.722142429022920e+03,5.882352941176471e-01,4310686
5.725717487483544e+03,5.720423369836485e+03,1.764705882352941e+00,4310684
5.727809456497151e+03,5.722280888589637e+03,1.764705882352941e+00,4310687
5.729201252552332e+03,5.722765925656048e+03,1.764705882352941e+00,4310688
5.731011605130603e+03,5.723556713507208e+03,1.764705882352941e+00,4310689
5.733103574144210e+03,5.723736152375276e+03,1.764705882352941e+00,4310690
5.734495370199390e+03,5.724993647010048e+03,1.764705882352941e+00,4310691
5.734868280026563e+03,5.732417291773563e+03,5.882352941176471e-01,4310693
5.736260076081743e+03,5.732933633720047e+03,5.882352941176471e-01,4310694
5.736305722777662e+03,5.729700948449506e+03,1.764705882352941e+00,4310692
5.737283193213174e+03,5.735518487330821e+03,5.882352941176471e-01,4310695
5.738568523686181e+03,5.736803817803828e+03,5.882352941176471e-01,4310696
5.739033058665476e+03,5.737268352783123e+03,5.882352941176471e-01,4310697
5.739675770210866e+03,5.737911064328513e+03,5.882352941176471e-01,4310698
5.741435242165974e+03,5.739670536283621e+03,5.882352941176471e-01,4310700
5.741440512197440e+03,5.739675806315087e+03,5.882352941176471e-01,4310701
5.743035041621194e+03,5.739505629856488e+03,1.176470588235294e+00,4310699
5.744494572942172e+03,5.742729867059820e+03,5.882352941176471e-01,4310703
5.746182908293183e+03,5.744418202410830e+03,5.882352941176471e-01,4310704
5.746605517948129e+03,5.744840812065776e+03,5.882352941176471e-01,4310705
5.747671953895176e+03,5.742377836248117e+03,1.764705882352941e+00,4310702
5.749712320057889e+03,5.745364509358865e+03,1.176470588235294e+00,4310706
5.750070346994524e+03,5.748305641112171e+03,5.882352941176471e-01,4310707
5.753371361833406e+03,5.751606655951053e+03,5.882352941176471e-01,4310710
5.754599709326363e+03,5.749305591679304e+03,1.764705882352941e+00,4310708
5.755136067715759e+03,5.752488884911117e+03,5.882352941176471e-01,4310711
5.756364415208716e+03,5.752576890622767e+03,5.882352941176471e-01,4310712
5.756885735703306e+03,5.751591618056247e+03,1.764705882352941e+00,4310709
5.758129121091069e+03,5.754795344646664e+03,5.882352941176471e-01,4310714
5.758650441585659e+03,5.755234253362291e+03,5.882352941176471e-01,4310715
5.758665479480464e+03,5.752866151002314e+03,1.176470588235294e+00,4310713
5.760415147468012e+03,5.757386660326504e+03,5.882352941176471e-01,4310717
5.760430185362817e+03,5.757403755373373e+03,5.882352941176471e-01,4310718
5.761658532855775e+03,5.756858643918637e+03,1.176470588235294e+00,4310716
5.762179853350365e+03,5.758299201274262e+03,5.882352941176471e-01,4310719
5.765724303009876e+03,5.759373226417048e+03,1.764705882352941e+00,4310720
5.766135025455835e+03,5.764370319573482e+03,5.882352941176471e-01,4310722
5.766952650502833e+03,5.760714097114463e+03,1.764705882352941e+00,4310721
5.769923029382880e+03,5.768158323500527e+03,5.882352941176471e-01,4310723
5.771842154629220e+03,5.770077448746868e+03,5.882352941176471e-01,4310724
5.773042754356706e+03,5.771278048474353e+03,5.882352941176471e-01,4310725
5.776684989037556e+03,5.774920283155203e+03,5.882352941176471e-01,4310727
5.778569513226403e+03,5.773275395579344e+03,1.764705882352941e+00,4310726
5.779100388332673e+03,5.775570976567967e+03,1.176470588235294e+00,4310728
5.780214400802262e+03,5.776243889349331e+03,1.176470588235294e+00,4310729
5.780865094215026e+03,5.778341054047115e+03,5.882352941176471e-01,4310731
5.781979106684615e+03,5.778796165155511e+03,5.882352941176471e-01,4310732
5.783863630873462e+03,5.777702547527062e+03,1.764705882352941e+00,4310730
5.786254877119299e+03,5.780960759472240e+03,1.764705882352941e+00,4310733
5.787630877767093e+03,5.785866171884740e+03,5.882352941176471e-01,4310734
5.788983737255553e+03,5.787219031373200e+03,5.882352941176471e-01,4310735
5.794198021611720e+03,5.788903903964661e+03,1.764705882352941e+00,4310736
5.796143568607582e+03,5.794378862725229e+03,5.882352941176471e-01,4310737
5.797908274489935e+03,5.795465917472746e+03,5.882352941176471e-01,4310740
5.797990425905765e+03,5.794461014141059e+03,1.176470588235294e+00,4310738
5.799672980372288e+03,5.796549161782123e+03,5.882352941176471e-01,4310741
5.800621684729211e+03,5.795327567082152e+03,1.764705882352941e+00,4310739
5.801437686254641e+03,5.798447626006546e+03,5.882352941176471e-01,4310743
5.802386390611564e+03,5.798827680747815e+03,5.882352941176471e-01,4310744
5.803202392136994e+03,5.801296212846258e+03,5.882352941176471e-01,4310745
5.803284543552823e+03,5.796812986272404e+03,1.764705882352941e+00,4310742
5.807680508258623e+03,5.801662235580432e+03,1.764705882352941e+00,4310746
5.808496509784052e+03,5.802742741744469e+03,1.764705882352941e+00,4310747
5.812370150163933e+03,5.810605444281580e+03,5.882352941176471e-01,4310748
5.813977531797281e+03,5.812212825914928e+03,5.882352941176471e-01,4310750
5.816363856912308e+03,5.811069739265249e+03,1.764705882352941e+00,4310749
5.820340200598547e+03,5.818575494716194e+03,5.882352941176471e-01,4310751
5.822617477820622e+03,5.820852771938269e+03,5.882352941176471e-01,4310752
5.826843981927713e+03,5.825079276045360e+03,5.882352941176471e-01,4310753
5.831029716289405e+03,5.825735598642346e+03,1.764705882352941e+00,4310754
5.833667012659099e+03,5.828372895012040e+03,1.764705882352941e+00,4310755
5.834071655445826e+03,5.832306949563473e+03,5.882352941176471e-01,4310757
5.836016122861065e+03,5.834251416978712e+03,5.882352941176471e-01,4310758
5.837263380235213e+03,5.831969262588154e+03,1.764705882352941e+00,4310756
5.839285787990836e+03,5.837521082108483e+03,5.882352941176471e-01,4310760
5.839976084218508e+03,5.838211378336155e+03,5.882352941176471e-01,4310761
5.841267468656966e+03,5.835973351009907e+03,1.764705882352941e+00,4310759
5.842696353039302e+03,5.840931647156949e+03,5.882352941176471e-01,4310762
5.844785988810464e+03,5.843021282928111e+03,5.882352941176471e-01,4310765
5.846495600399609e+03,5.841201482752550e+03,1.764705882352941e+00,4310763
5.846498193334228e+03,5.842968781569522e+03,1.176470588235294e+00,4310764
5.846550694692817e+03,5.843302862809713e+03,5.882352941176471e-01,4310766
5.848260306281962e+03,5.844084298453184e+03,5.882352941176471e-01,4310767
5.848262899216581e+03,5.844592338404837e+03,5.882352941176471e-01,4310768
5.848315400575170e+03,5.846169101302336e+03,5.882352941176471e-01,4310769
5.850025012164315e+03,5.846479081567665e+03,5.882352941176471e-01,4310770
5.850027605098933e+03,5.847895755112319e+03,5.882352941176471e-01,4310771
5.851686203734759e+03,5.849921497852406e+03,5.882352941176471e-01,4310772
5.852119252056961e+03,5.850354546174608e+03,5.882352941176471e-01,4310773
5.852846370817162e+03,5.851081664934809e+03,5.882352941176471e-01,4310774
5.857600288263683e+03,5.855835582381330e+03,5.882352941176471e-01,4310775
5.858966524845110e+03,5.857201818962757e+03,5.882352941176471e-01,4310777
5.859981108005811e+03,5.856451696241105e+03,1.176470588235294e+00,4310776
5.860154283503015e+03,5.858389577620662e+03,5.882352941176471e-01,4310778
5.862496837568937e+03,5.860732131686584e+03,5.882352941176471e-01,4310780
5.864260642492169e+03,5.858455965895130e+03,1.764705882352941e+00,4310779
5.865952820862924e+03,5.864188114980571e+03,5.882352941176471e-01,4310781
5.867919838828661e+03,5.866155132946308e+03,5.882352941176471e-01,4310782
5.871395092491186e+03,5.869630386608833e+03,5.882352941176471e-01,4310783
5.873591244580579e+03,5.871826538698226e+03,5.882352941176471e-01,4310784
5.875418654463493e+03,5.873653948581140e+03,5.882352941176471e-01,4310785
5.878343537690445e+03,5.876578831808092e+03,5.882352941176471e-01,4310786
5.880182331073805e+03,5.878417625191452e+03,5.882352941176471e-01,4310787
5.880550655552729e+03,5.878785949670376e+03,5.882352941176471e-01,4310788
5.880620181178158e+03,5.878855475295805e+03,5.882352941176471e-01,4310789
5.882895842832491e+03,5.881131136950138e+03,5.882352941176471e-01,4310790
5.887669651925994e+03,5.882375534278935e+03,1.764705882352941e+00,4310791
5.888907731108680e+03,5.887143025226327e+03,5.882352941176471e-01,4310792
5.889606579912183e+03,5.887841874029830e+03,5.882352941176471e-01,4310793
5.889726506167908e+03,5.887961800285555e+03,5.882352941176471e-01,4310794
5.890672436991033e+03,5.888211461330784e+03,5.882352941176471e-01,4310795
5.891371285794536e+03,5.888915126700415e+03,5.882352941176471e-01,4310796
5.895272277904320e+03,5.893507572021967e+03,5.882352941176471e-01,4310799
5.896579923521833e+03,5.893050511757127e+03,1.176470588235294e+00,4310798
5.896738627120638e+03,5.891444509473579e+03,1.764705882352941e+00,4310797
5.898344629404186e+03,5.896499544663814e+03,5.882352941176471e-01,4310801
5.899344177208155e+03,5.897579471325803e+03,5.882352941176471e-01,4310802
5.900109335286539e+03,5.898023619153353e+03,5.882352941176471e-01,4310803
5.900566395551379e+03,5.895017075780723e+03,1.764705882352941e+00,4310800
5.902175963459643e+03,5.900411257577290e+03,5.882352941176471e-01,4310805
5.903940669341996e+03,5.901735839453383e+03,5.882352941176471e-01,4310807
5.904638294855214e+03,5.898082358820062e+03,1.764705882352941e+00,4310804
5.905127170120876e+03,5.901597758356170e+03,1.176470588235294e+00,4310806
5.905705375224349e+03,5.901796113603569e+03,5.882352941176471e-01,4310808
5.906403000737567e+03,5.903690275913450e+03,5.882352941176471e-01,4310809
5.909234786989055e+03,5.905675924604721e+03,1.176470588235294e+00,4310811
5.909544761369172e+03,5.907780055486819e+03,5.882352941176471e-01,4310812
5.910421287767934e+03,5.904568728715768e+03,1.764705882352941e+00,4310810
5.910999492871408e+03,5.908907796633156e+03,5.882352941176471e-01,4310813
5.913061792848402e+03,5.911297086966049e+03,5.882352941176471e-01,4310815
5.913121414125178e+03,5.911356708242825e+03,5.882352941176471e-01,4310816
5.914826498730755e+03,5.912872247937487e+03,5.882352941176471e-01,4310817
5.914843508439578e+03,5.909549390792519e+03,1.764705882352941e+00,4310814
5.916591204613108e+03,5.914226774742035e+03,5.882352941176471e-01,4310819
5.918355910495461e+03,5.915489141730958e+03,5.882352941176471e-01,4310821
5.918415531772237e+03,5.913016482894010e+03,1.764705882352941e+00,4310818
5.918733402419237e+03,5.915203990654531e+03,1.176470588235294e+00,4310820
5.923650028142520e+03,5.918025093740384e+03,1.764705882352941e+00,4310822
5.925117064805429e+03,5.921587653040723e+03,1.176470588235294e+00,4310824
5.925560930121623e+03,5.920266812474564e+03,1.764705882352941e+00,4310823
5.926746951580670e+03,5.924982245698317e+03,5.882352941176471e-01,4310825
5.928851076144006e+03,5.927086370261654e+03,5.882352941176471e-01,4310827
5.928996330014981e+03,5.927231624132628e+03,5.882352941176471e-01,4310828
5.931695366291038e+03,5.929930660408685e+03,5.882352941176471e-01,4310830
5.932189642326609e+03,5.926895524679550e+03,1.764705882352941e+00,4310826
5.933460072173390e+03,5.930952140176274e+03,5.882352941176471e-01,4310831
5.934783171003543e+03,5.929489053356485e+03,1.764705882352941e+00,4310829
5.936547876885896e+03,5.932044440820689e+03,5.882352941176471e-01,4310834
5.937483759973668e+03,5.931406957068247e+03,1.764705882352941e+00,4310832
5.938312582768249e+03,5.934871377929729e+03,5.882352941176471e-01,4310835
5.938754189820449e+03,5.931492594869684e+03,1.764705882352941e+00,4310833
5.939248465856021e+03,5.935423299501870e+03,5.882352941176471e-01,4310836
5.940518895702802e+03,5.935511471910718e+03,5.882352941176471e-01,4310838
5.941013171738374e+03,5.937975079004296e+03,5.882352941176471e-01,4310839
5.942871568284214e+03,5.941106862401861e+03,5.882352941176471e-01,4310841
5.943606700415308e+03,5.935497264124713e+03,1.764705882352941e+00,4310837
5.945813013349861e+03,5.938433344069247e+03,1.764705882352941e+00,4310840
5.947810036177931e+03,5.946045330295578e+03,5.882352941176471e-01,4310842
5.949564864473217e+03,5.947800158590865e+03,5.882352941176471e-01,4310843
5.951329570355570e+03,5.948325914835988e+03,5.882352941176471e-01,4310846
5.953116466667445e+03,5.947822349020386e+03,1.764705882352941e+00,4310844
5.953548821995807e+03,5.948254704348748e+03,1.764705882352941e+00,4310845
5.955378941465108e+03,5.953614235582755e+03,5.882352941176471e-01,4310849
5.956623688002629e+03,5.951153724401536e+03,1.764705882352941e+00,4310847
5.957143647347461e+03,5.954005235002871e+03,5.882352941176471e-01,4310850
5.958388393884982e+03,5.954996794542489e+03,5.882352941176471e-01,4310851
5.958410584314504e+03,5.952120329917639e+03,1.764705882352941e+00,4310848
5.962604992299882e+03,5.960840286417529e+03,5.882352941176471e-01,4310852
5.963070272724117e+03,5.961305566841764e+03,5.882352941176471e-01,4310853
5.964588719709957e+03,5.962824013827604e+03,5.882352941176471e-01,4310854
5.966129481513473e+03,5.964364775631120e+03,5.882352941176471e-01,4310855
5.967894187395826e+03,5.965167866508516e+03,5.882352941176471e-01,4310858
5.969694657597839e+03,5.964400539950780e+03,1.764705882352941e+00,4310856
5.970033179259947e+03,5.964739061612888e+03,1.764705882352941e+00,4310857
5.973188305042885e+03,5.965450422285109e+03,1.764705882352941e+00,4310859
5.974953010925238e+03,5.973110709238349e+03,5.882352941176471e-01,4310862
5.974988775244898e+03,5.968851459275353e+03,1.764705882352941e+00,4310860
5.975327296907005e+03,5.969189392938233e+03,1.764705882352941e+00,4310861
5.976848722705910e+03,5.975084016823557e+03,5.882352941176471e-01,4310864
5.980247128572297e+03,5.973125217281595e+03,1.764705882352941e+00,4310863
5.983732704728339e+03,5.978438587081280e+03,1.764705882352941e+00,4310865
5.985497410610692e+03,5.983626187609517e+03,5.882352941176471e-01,4310868
5.985809151110541e+03,5.980515033463482e+03,1.764705882352941e+00,4310866
5.986086423605118e+03,5.980792305958059e+03,1.764705882352941e+00,4310867
5.987733703073911e+03,5.985968997191558e+03,5.882352941176471e-01,4310869
5.988457711091733e+03,5.986693005209380e+03,5.882352941176471e-01,4310870
5.991307691824525e+03,5.989542985942172e+03,5.882352941176471e-01,4310873
5.992020610312521e+03,5.986726492665462e+03,1.764705882352941e+00,4310871
5.993027820720969e+03,5.987359333403351e+03,1.764705882352941e+00,4310872
5.993517662366970e+03,5.991752956484617e+03,5.882352941176471e-01,4310874
5.996301237348154e+03,5.994536531465801e+03,5.882352941176471e-01,4310876
5.998437831684973e+03,5.996673125802620e+03,5.882352941176471e-01,4310878
5.999485291105769e+03,5.994191173458710e+03,1.764705882352941e+00,4310875
6.000169799732573e+03,5.994875682085514e+03,1.764705882352941e+00,4310877
6.003011475805477e+03,6.001246769923124e+03,5.882352941176471e-01,4310880
6.003955726933509e+03,5.998661609286451e+03,1.764705882352941e+00,4310879
6.006408315455615e+03,6.004643609573262e+03,5.882352941176471e-01,4310881
6.006777619744878e+03,6.005012913862526e+03,5.882352941176471e-01,4310882
6.016076787015393e+03,6.012547375250687e+03,1.176470588235294e+00,4310885
6.017098009909766e+03,6.011803892262708e+03,1.764705882352941e+00,4310883
6.017515519708555e+03,6.012221402061496e+03,1.764705882352941e+00,4310884
6.020414809357739e+03,6.018650103475386e+03,5.882352941176471e-01,4310886
6.025713811922903e+03,6.020419694275844e+03,1.764705882352941e+00,4310887
6.027478517805256e+03,6.024784157050083e+03,5.882352941176471e-01,4310890
6.028525863892402e+03,6.023231746245344e+03,1.764705882352941e+00,4310888
6.029013090343073e+03,6.023718972696014e+03,1.764705882352941e+00,4310889
6.029243223687609e+03,6.025154911030174e+03,5.882352941176471e-01,4310891
6.030777796225426e+03,6.026167166457182e+03,5.882352941176471e-01,4310893
6.031007929569962e+03,6.026849108048640e+03,5.882352941176471e-01,4310894
6.033819981539461e+03,6.025634552404262e+03,1.764705882352941e+00,4310892
6.034307207990132e+03,6.027382818193609e+03,1.176470588235294e+00,4310895
6.035584687421814e+03,6.030089773390152e+03,5.882352941176471e-01,4310897
6.036071913872485e+03,6.030183757800654e+03,5.882352941176471e-01,4310898
6.036302047217020e+03,6.027655246350775e+03,1.764705882352941e+00,4310896
6.037349393304167e+03,6.030714099604856e+03,5.882352941176471e-01,4310899
6.037836619754838e+03,6.031986376135928e+03,5.882352941176471e-01,4310900
6.038066753099373e+03,6.032073949971058e+03,5.882352941176471e-01,4310901
6.042643510951226e+03,6.032691424165757e+03,1.764705882352941e+00,4310902
6.043130737401896e+03,6.034540679125005e+03,1.764705882352941e+00,4310903
6.043360870746432e+03,6.037886434548190e+03,1.764705882352941e+00,4310904
6.044408216833579e+03,6.039971245984319e+03,5.882352941176471e-01,4310905
6.046172922715932e+03,6.043852041436021e+03,5.882352941176471e-01,4310908
6.047937628598285e+03,6.044387593881471e+03,5.882352941176471e-01,4310909
6.049127244857194e+03,6.043833127210135e+03,1.764705882352941e+00,4310906
6.049143489317404e+03,6.043849371670345e+03,1.764705882352941e+00,4310907
6.049702334480638e+03,6.044553325521058e+03,5.882352941176471e-01,4310910
6.053615032400476e+03,6.051850326518123e+03,5.882352941176471e-01,4310911
6.054805150511749e+03,6.053040444629396e+03,5.882352941176471e-01,4310913
6.055379738282829e+03,6.053193230007307e+03,5.882352941176471e-01,4310914
6.056569856394102e+03,6.053864394803227e+03,5.882352941176471e-01,4310915
6.057144444165182e+03,6.054424571107492e+03,5.882352941176471e-01,4310916
6.057535027011683e+03,6.052240909364624e+03,1.764705882352941e+00,4310912
6.058334562276455e+03,6.055008368145718e+03,5.882352941176471e-01,4310917
6.058909150047535e+03,6.056491081375709e+03,5.882352941176471e-01,4310918
6.059299732894036e+03,6.056838224029467e+03,5.882352941176471e-01,4310919
6.060099268158808e+03,6.056903160808650e+03,5.882352941176471e-01,4310920
6.060751160099412e+03,6.058986454217059e+03,5.882352941176471e-01,4310921
6.061446543251099e+03,6.059681837368746e+03,5.882352941176471e-01,4310922
6.062377999634854e+03,6.060613293752501e+03,5.882352941176471e-01,4310923
6.065175211194536e+03,6.063410505312183e+03,5.882352941176471e-01,4310925
6.065579560330654e+03,6.062050148565948e+03,1.176470588235294e+00,4310924
6.068991512034438e+03,6.067226806152085e+03,5.882352941176471e-01,4310926
6.070980646746652e+03,6.069215940864299e+03,5.882352941176471e-01,4310927
6.074267773005925e+03,6.072503067123572e+03,5.882352941176471e-01,4310928
6.074701378394505e+03,6.072936672512152e+03,5.882352941176471e-01,4310929
6.076061990579171e+03,6.074297284696818e+03,5.882352941176471e-01,4310930
6.078386760898468e+03,6.076622055016115e+03,5.882352941176471e-01,4310932
6.078693878658155e+03,6.076929172775802e+03,5.882352941176471e-01,4310933
6.079791765259222e+03,6.074497647612164e+03,1.764705882352941e+00,4310931
6.080151466780821e+03,6.077031440287648e+03,5.882352941176471e-01,4310934
6.081556471141575e+03,6.077507600054616e+03,5.882352941176471e-01,4310936
6.083321177023928e+03,6.079812093398368e+03,5.882352941176471e-01,4310938
6.083680878545527e+03,6.078288196083578e+03,1.176470588235294e+00,4310937
6.083987996305214e+03,6.077146141621219e+03,1.764705882352941e+00,4310935
6.085085882906281e+03,6.080884223314834e+03,5.882352941176471e-01,4310939
6.085752702187566e+03,6.083847192446466e+03,5.882352941176471e-01,4310941
6.087517408069919e+03,6.085263817182833e+03,5.882352941176471e-01,4310943
6.088974996192586e+03,6.082867413559087e+03,1.764705882352941e+00,4310940
6.090380000553340e+03,6.084181987898317e+03,1.764705882352941e+00,4310942
6.091149721366331e+03,6.089385015483978e+03,5.882352941176471e-01,4310944
6.091164253371055e+03,6.089399547488702e+03,5.882352941176471e-01,4310945
6.095663995995990e+03,6.093899290113637e+03,5.882352941176471e-01,4310947
6.096575845592184e+03,6.094811139709831e+03,5.882352941176471e-01,4310948
6.097234508536519e+03,6.091940390889460e+03,1.764705882352941e+00,4310946
6.100593269010020e+03,6.097063857245314e+03,1.176470588235294e+00,4310950
6.101983455984767e+03,6.096689338337708e+03,1.764705882352941e+00,4310949
6.103748161867120e+03,6.101836421582716e+03,5.882352941176471e-01,4310953
6.104628411838733e+03,6.101099000074027e+03,1.176470588235294e+00,4310952
6.105512867749473e+03,6.103201375297331e+03,5.882352941176471e-01,4310954
6.106080252722734e+03,6.100786135075675e+03,1.764705882352941e+00,4310951
6.110508881396124e+03,6.108744175513771e+03,5.882352941176471e-01,4310955
6.110776332292584e+03,6.109011626410231e+03,5.882352941176471e-01,4310956
6.112536918845040e+03,6.110772212962687e+03,5.882352941176471e-01,4310957
6.113393413368008e+03,6.111628707485655e+03,5.882352941176471e-01,4310958
6.118072909439411e+03,6.114543497674705e+03,1.176470588235294e+00,4310960
6.118089941537440e+03,6.112795823890381e+03,1.764705882352941e+00,4310959
6.120877044658259e+03,6.115582927011200e+03,1.764705882352941e+00,4310961
6.123367027086470e+03,6.117429538738903e+03,1.764705882352941e+00,4310962
6.123542135429980e+03,6.120012723665274e+03,1.176470588235294e+00,4310963
6.125177085675779e+03,6.123412379793426e+03,5.882352941176471e-01,4310964
6.125785330874542e+03,6.124020624992189e+03,5.882352941176471e-01,4310965
6.129501991536209e+03,6.125972579771503e+03,1.176470588235294e+00,4310967
6.129750481131134e+03,6.126221069366428e+03,1.176470588235294e+00,4310968
6.130495104829228e+03,6.125200987182169e+03,1.764705882352941e+00,4310966
6.131266697418562e+03,6.127583027000182e+03,5.882352941176471e-01,4310969
6.131515187013487e+03,6.129263751434146e+03,5.882352941176471e-01,4310970
6.134713568333814e+03,6.132948862451461e+03,5.882352941176471e-01,4310971
6.135636288339358e+03,6.133871582457005e+03,5.882352941176471e-01,4310972
6.138149851038959e+03,6.136385145156606e+03,5.882352941176471e-01,4310974
6.140224408020001e+03,6.138459702137648e+03,5.882352941176471e-01,4310976
6.141180677133525e+03,6.135886559486466e+03,1.764705882352941e+00,4310973
6.141989113902354e+03,6.138594534038576e+03,5.882352941176471e-01,4310977
6.143506976757922e+03,6.138212859110863e+03,1.764705882352941e+00,4310975
6.143753819784707e+03,6.139511269717302e+03,5.882352941176471e-01,4310979
6.145271682640275e+03,6.140193079434015e+03,5.882352941176471e-01,4310980
6.145788627323419e+03,6.144023921441066e+03,5.882352941176471e-01,4310981
6.146474794780583e+03,6.139489806334349e+03,1.764705882352941e+00,4310978
6.148801094404981e+03,6.144383533715012e+03,1.176470588235294e+00,4310982
6.151082744970478e+03,6.145470288755902e+03,1.764705882352941e+00,4310983
6.152423590241144e+03,6.148894178476438e+03,1.176470588235294e+00,4310984
6.154188296123496e+03,6.149445924397473e+03,5.882352941176471e-01,4310987
6.154311574299393e+03,6.149017456652334e+03,1.764705882352941e+00,4310985
6.155953002005849e+03,6.153135801733227e+03,5.882352941176471e-01,4310988
6.156376862617537e+03,6.149300051064766e+03,1.764705882352941e+00,4310986
6.157840986064099e+03,6.153422634811402e+03,1.176470588235294e+00,4310989
6.158928494528830e+03,6.157163788646477e+03,5.882352941176471e-01,4310991
6.161247119652908e+03,6.153465295389630e+03,1.764705882352941e+00,4310990
6.164402140911343e+03,6.159108023264284e+03,1.764705882352941e+00,4310992
6.165499132038909e+03,6.163734426156556e+03,5.882352941176471e-01,4310993
6.166457481735233e+03,6.164692775852880e+03,5.882352941176471e-01,4310995
6.168222187617586e+03,6.165598266015481e+03,5.882352941176471e-01,4310997
6.169286042947042e+03,6.163991925299984e+03,1.764705882352941e+00,4310994
6.169986893499939e+03,6.165744274762811e+03,5.882352941176471e-01,4310998
6.170880082824131e+03,6.165585965177072e+03,1.764705882352941e+00,4310996
6.171751599382292e+03,6.167255974614083e+03,5.882352941176471e-01,4311000
6.172644788706484e+03,6.167560863988418e+03,5.882352941176471e-01,4311001
6.173516305264645e+03,6.168742018907978e+03,5.882352941176471e-01,4311002
6.174580160594101e+03,6.166534805628582e+03,1.764705882352941e+00,4310999
6.175281011146998e+03,6.173486301827494e+03,5.882352941176471e-01,4311004
6.176174200471189e+03,6.170041371673357e+03,1.176470588235294e+00,4311003
6.176969296984651e+03,6.175204591102298e+03,5.882352941176471e-01,4311005
6.178780147807760e+03,6.177015441925407e+03,5.882352941176471e-01,4311006
6.182956185969141e+03,6.177662068322082e+03,1.764705882352941e+00,4311007
6.184223962955107e+03,6.180694551190401e+03,1.176470588235294e+00,4311008
6.184720891851494e+03,6.181488959445362e+03,5.882352941176471e-01,4311010
6.185988668837460e+03,6.181609611490053e+03,5.882352941176471e-01,4311011
6.186279155966269e+03,6.180985038319210e+03,1.764705882352941e+00,4311009
6.188043861848622e+03,6.184721315526474e+03,5.882352941176471e-01,4311014
6.189808567730975e+03,6.185258227503321e+03,5.882352941176471e-01,4311015
6.190015009498553e+03,6.182446785145894e+03,1.764705882352941e+00,4311012
6.191282786484518e+03,6.184606099978006e+03,1.764705882352941e+00,4311013
6.191573273613328e+03,6.186942026243138e+03,5.882352941176471e-01,4311016
6.191779715380906e+03,6.188935044408813e+03,5.882352941176471e-01,4311017
6.193047492366871e+03,6.189652792114012e+03,5.882352941176471e-01,4311018
6.193337979495681e+03,6.190396494341504e+03,5.882352941176471e-01,4311019
6.196752258208268e+03,6.194987552325915e+03,5.882352941176471e-01,4311021
6.199133770317412e+03,6.193839652670353e+03,1.764705882352941e+00,4311020
6.200231022087450e+03,6.196701610322744e+03,1.176470588235294e+00,4311022
6.202720108709859e+03,6.200955402827506e+03,5.882352941176471e-01,4311024
6.204734788170698e+03,6.199440670523639e+03,1.764705882352941e+00,4311023
6.206894356904123e+03,6.205129651021770e+03,5.882352941176471e-01,4311027
6.207717390514869e+03,6.202423272867811e+03,1.764705882352941e+00,4311025
6.208717175001389e+03,6.206952469119036e+03,5.882352941176471e-01,4311028
6.208891916675974e+03,6.203597799028915e+03,1.764705882352941e+00,4311026
6.210481880883742e+03,6.208022154154464e+03,5.882352941176471e-01,4311030
6.213177686068420e+03,6.207883568421362e+03,1.764705882352941e+00,4311029
6.216671809057344e+03,6.214907103174991e+03,5.882352941176471e-01,4311031
6.216690825133636e+03,6.214926119251283e+03,5.882352941176471e-01,4311032
6.217350644549795e+03,6.215585938667442e+03,5.882352941176471e-01,4311033
6.218436514939697e+03,6.215722735160210e+03,5.882352941176471e-01,4311034
6.223247080205341e+03,6.217952962558283e+03,1.764705882352941e+00,4311035
6.223406464511025e+03,6.218112346863966e+03,1.764705882352941e+00,4311036
6.223730632586756e+03,6.218178127128683e+03,1.764705882352941e+00,4311037
6.225011786087694e+03,6.219732844019702e+03,5.882352941176471e-01,4311038
6.225171170393378e+03,6.222952522393462e+03,5.882352941176471e-01,4311039
6.225784215273530e+03,6.224019509391177e+03,5.882352941176471e-01,4311040
6.226776491970047e+03,6.224267153663302e+03,5.882352941176471e-01,4311041
6.232993347509862e+03,6.231228641627509e+03,5.882352941176471e-01,4311042
6.233450327728558e+03,6.231685621846205e+03,5.882352941176471e-01,4311043
6.234348348670579e+03,6.232583642788226e+03,5.882352941176471e-01,4311044
6.235323375590780e+03,6.233558669708427e+03,5.882352941176471e-01,4311045
6.236914358522672e+03,6.235149652640319e+03,5.882352941176471e-01,4311046
6.237976420751543e+03,6.236211714869190e+03,5.882352941176471e-01,4311047
6.244813152410820e+03,6.239519034763762e+03,1.764705882352941e+00,4311048
6.246343836744462e+03,6.244579130862109e+03,5.882352941176471e-01,4311049
6.248797488086869e+03,6.247032782204516e+03,5.882352941176471e-01,4311050
6.252086365661636e+03,6.250321659779283e+03,5.882352941176471e-01,4311051
6.252201799861687e+03,6.250437093979335e+03,5.882352941176471e-01,4311052
6.255389417481696e+03,6.253624711599343e+03,5.882352941176471e-01,4311053
6.257226891985000e+03,6.255462186102647e+03,5.882352941176471e-01,4311055
6.259066412221887e+03,6.257301706339534e+03,5.882352941176471e-01,4311056
6.259812710490393e+03,6.254518592843334e+03,1.764705882352941e+00,4311054
6.259923567787570e+03,6.258158861905217e+03,5.882352941176471e-01,4311057
6.265077387101143e+03,6.263312681218790e+03,5.882352941176471e-01,4311058
6.265760709010754e+03,6.263996003128401e+03,5.882352941176471e-01,4311059
6.268286290616556e+03,6.266521584734203e+03,5.882352941176471e-01,4311060
6.271170083298486e+03,6.269405377416134e+03,5.882352941176471e-01,4311063
6.271309505986158e+03,6.267780094221453e+03,1.176470588235294e+00,4311062
6.272841963357224e+03,6.267547845710166e+03,1.764705882352941e+00,4311061
6.274838917750864e+03,6.270979781776558e+03,1.176470588235294e+00,4311065
6.276464200945545e+03,6.269820390499266e+03,1.764705882352941e+00,4311064
6.278136081004283e+03,6.271388198905926e+03,1.764705882352941e+00,4311066
6.278368329515570e+03,6.271516563052747e+03,1.176470588235294e+00,4311067
6.281665492768989e+03,6.274342418931265e+03,1.176470588235294e+00,4311069
6.281758318592604e+03,6.271724303457152e+03,1.764705882352941e+00,4311068
6.283430198651342e+03,6.278033291242231e+03,5.882352941176471e-01,4311071
6.283523024474957e+03,6.278830218599302e+03,5.882352941176471e-01,4311072
6.283662447162629e+03,6.277611662836670e+03,1.764705882352941e+00,4311070
6.285194904533695e+03,6.279543184701741e+03,5.882352941176471e-01,4311073
6.285427153044982e+03,6.280360682168358e+03,5.882352941176471e-01,4311075
6.286959610416048e+03,6.280918779951953e+03,5.882352941176471e-01,4311076
6.287052436239663e+03,6.279655616065168e+03,1.176470588235294e+00,4311074
6.287191858927335e+03,6.281276641257585e+03,5.882352941176471e-01,4311077
6.290755328983707e+03,6.288990623101354e+03,5.882352941176471e-01,4311080
6.292520034866060e+03,6.289328412452835e+03,5.882352941176471e-01,4311081
6.292983939321369e+03,6.287689821674310e+03,1.764705882352941e+00,4311078
6.293341734938755e+03,6.288047617291696e+03,1.764705882352941e+00,4311079
6.294748645203722e+03,6.290801058041847e+03,5.882352941176471e-01,4311083
6.295106440821108e+03,6.290965767663652e+03,5.882352941176471e-01,4311084
6.296871146703461e+03,6.291241026905028e+03,5.882352941176471e-01,4311086
6.297814152513118e+03,6.289509622254595e+03,1.764705882352941e+00,4311082
6.299578858395471e+03,6.296114428643899e+03,5.882352941176471e-01,4311088
6.300042762850781e+03,6.291123001105252e+03,1.764705882352941e+00,4311085
6.301343564277824e+03,6.297442634634910e+03,5.882352941176471e-01,4311089
6.301807468733133e+03,6.299143604286550e+03,5.882352941176471e-01,4311090
6.302165264350520e+03,6.292152008247606e+03,1.764705882352941e+00,4311087
6.304927940772358e+03,6.303163234890005e+03,5.882352941176471e-01,4311092
6.308269794832568e+03,6.302975677185509e+03,1.764705882352941e+00,4311091
6.308437662044769e+03,6.306672956162416e+03,5.882352941176471e-01,4311093
6.313513874438720e+03,6.311749168556367e+03,5.882352941176471e-01,4311095
6.313971662960222e+03,6.310442251195516e+03,1.176470588235294e+00,4311094
6.317605569084402e+03,6.312311451437343e+03,1.764705882352941e+00,4311096
6.319129591247436e+03,6.317364885365083e+03,5.882352941176471e-01,4311097
6.319617785214807e+03,6.317853079332454e+03,5.882352941176471e-01,4311098
6.323769121161483e+03,6.318475003514424e+03,1.764705882352941e+00,4311099
6.325708089585713e+03,6.320413971938655e+03,1.764705882352941e+00,4311100
6.326238306422864e+03,6.322708894658158e+03,1.176470588235294e+00,4311101
6.330258168982494e+03,6.324964051335435e+03,1.764705882352941e+00,4311102
6.331467765719589e+03,6.329703059837236e+03,5.882352941176471e-01,4311103
6.333119617062715e+03,6.331354911180362e+03,5.882352941176471e-01,4311104
6.335575950622645e+03,6.333811244740292e+03,5.882352941176471e-01,4311106
6.337876341874330e+03,6.332582224227271e+03,1.764705882352941e+00,4311105
6.343085441870047e+03,6.337791324222988e+03,1.764705882352941e+00,4311107
6.343667052212244e+03,6.340137640447538e+03,1.176470588235294e+00,4311109
6.345163435367863e+03,6.339869317720804e+03,1.764705882352941e+00,4311108
6.346614853634753e+03,6.340172912897300e+03,1.176470588235294e+00,4311110
6.346928141250216e+03,6.344958585473956e+03,5.882352941176471e-01,4311112
6.348379559517106e+03,6.344979789576915e+03,5.882352941176471e-01,4311113
6.348692847132569e+03,6.345616062032673e+03,5.882352941176471e-01,4311114
6.348961169859303e+03,6.340184033745409e+03,1.764705882352941e+00,4311111
6.350457553014922e+03,6.348506058518251e+03,5.882352941176471e-01,4311116
6.350725875741656e+03,6.348661966433771e+03,5.882352941176471e-01,4311117
6.352222258897275e+03,6.348732602496221e+03,5.882352941176471e-01,4311118
6.353673677164165e+03,6.346648928521557e+03,1.764705882352941e+00,4311115
6.354255287506362e+03,6.349040037534446e+03,1.176470588235294e+00,4311119
6.356553158637894e+03,6.354788452755541e+03,5.882352941176471e-01,4311120
6.360816540156126e+03,6.359051834273774e+03,5.882352941176471e-01,4311122
6.360950746908715e+03,6.357421335144009e+03,1.176470588235294e+00,4311121
6.364705008138085e+03,6.362940302255732e+03,5.882352941176471e-01,4311124
6.367384848481778e+03,6.362090730834720e+03,1.764705882352941e+00,4311123
6.368076536910486e+03,6.366311831028133e+03,5.882352941176471e-01,4311126
6.369149554364131e+03,6.366459173663921e+03,5.882352941176471e-01,4311127
6.369592283936985e+03,6.366062872172279e+03,1.176470588235294e+00,4311125
6.369841242792839e+03,6.366582007021511e+03,5.882352941176471e-01,4311128
6.370914260246484e+03,6.366681645679197e+03,5.882352941176471e-01,4311129
6.372678966128837e+03,6.370163566986401e+03,5.882352941176471e-01,4311132
6.374886401584044e+03,6.368861708534269e+03,1.764705882352941e+00,4311130
6.375266430242142e+03,6.369972312595083e+03,1.764705882352941e+00,4311131
6.376651107466397e+03,6.372173418676984e+03,5.882352941176471e-01,4311134
6.377031136124495e+03,6.375092945347609e+03,5.882352941176471e-01,4311135
6.377973083775896e+03,6.370908180451256e+03,1.764705882352941e+00,4311133
6.379065263308814e+03,6.377300557426461e+03,5.882352941176471e-01,4311136
6.383331823203319e+03,6.381567117320966e+03,5.882352941176471e-01,4311138
6.386277239889244e+03,6.384512534006891e+03,5.882352941176471e-01,4311140
6.386611730617999e+03,6.381317612970940e+03,1.764705882352941e+00,4311137
6.387425899350008e+03,6.383896487585302e+03,1.176470588235294e+00,4311139
6.389190605232361e+03,6.386740286906093e+03,5.882352941176471e-01,4311143
6.391679299759832e+03,6.386385182112774e+03,1.764705882352941e+00,4311141
6.391905848265057e+03,6.386427016270190e+03,1.764705882352941e+00,4311142
6.393444005642185e+03,6.388587051721582e+03,5.882352941176471e-01,4311145
6.394484722879420e+03,6.387433948059061e+03,1.764705882352941e+00,4311144
6.397408465131725e+03,6.395643759249372e+03,5.882352941176471e-01,4311147
6.397501927460251e+03,6.393972515695545e+03,1.176470588235294e+00,4311146
6.401812992980865e+03,6.396518875333806e+03,1.764705882352941e+00,4311148
6.403043397601083e+03,6.397749279954025e+03,1.764705882352941e+00,4311149
6.406619698703295e+03,6.404854992820942e+03,5.882352941176471e-01,4311150
6.408180624121131e+03,6.406415918238778e+03,5.882352941176471e-01,4311152
6.410866197941622e+03,6.405572080294563e+03,1.764705882352941e+00,4311151
6.411742688448843e+03,6.408213276684138e+03,1.176470588235294e+00,4311154
6.412377668030407e+03,6.407083550383348e+03,1.764705882352941e+00,4311153
6.413507394331196e+03,6.411270043008014e+03,5.882352941176471e-01,4311156
6.416160315588681e+03,6.410054441896737e+03,1.764705882352941e+00,4311155
6.417727329667308e+03,6.415962623784955e+03,5.882352941176471e-01,4311158
6.418069283476510e+03,6.412775165829451e+03,1.764705882352941e+00,4311157
6.419992946568137e+03,6.418228240685784e+03,5.882352941176471e-01,4311159
6.420075970685941e+03,6.418311264803588e+03,5.882352941176471e-01,4311160
6.422495176885421e+03,6.420730471003068e+03,5.882352941176471e-01,4311161
6.423775796050284e+03,6.422011090167931e+03,5.882352941176471e-01,4311162
6.425039324814999e+03,6.423274618932646e+03,5.882352941176471e-01,4311164
6.427844737525271e+03,6.426080031642918e+03,5.882352941176471e-01,4311166
6.428097601750846e+03,6.422803484103787e+03,1.764705882352941e+00,4311163
6.429609443407624e+03,6.426438192238009e+03,5.882352941176471e-01,4311167
6.429610860797344e+03,6.424316743150285e+03,1.764705882352941e+00,4311165
6.429862307633199e+03,6.427522173159592e+03,5.882352941176471e-01,4311168
6.433335408396596e+03,6.431570702514243e+03,5.882352941176471e-01,4311169
6.438665165419635e+03,6.436900459537282e+03,5.882352941176471e-01,4311170
6.438776292600185e+03,6.437011586717832e+03,5.882352941176471e-01,4311171
6.439231052322435e+03,6.437466346440082e+03,5.882352941176471e-01,4311172
6.443959283066694e+03,6.437821653895195e+03,1.764705882352941e+00,4311173
6.445723988949047e+03,6.443474917727408e+03,5.882352941176471e-01,4311176
6.445762781842418e+03,6.442233370077712e+03,1.176470588235294e+00,4311175
6.447512115623561e+03,6.442217997976502e+03,1.764705882352941e+00,4311174
6.447845580538805e+03,6.446080874656452e+03,5.882352941176471e-01,4311178
6.449276821505914e+03,6.446585424870918e+03,5.882352941176471e-01,4311179
6.451018106596106e+03,6.445458514930246e+03,1.764705882352941e+00,4311177
6.451041527388267e+03,6.449270563244454e+03,5.882352941176471e-01,4311181
6.452782812478459e+03,6.449797914065086e+03,5.882352941176471e-01,4311182
6.452806233270619e+03,6.450545068955777e+03,5.882352941176471e-01,4311183
6.453139698185864e+03,6.447257191560548e+03,1.764705882352941e+00,4311180
6.454547518360812e+03,6.450896787169960e+03,5.882352941176471e-01,4311184
6.454904404068217e+03,6.452297920776420e+03,5.882352941176471e-01,4311186
6.456335645035325e+03,6.452104059073539e+03,1.176470588235294e+00,4311185
6.460128310097231e+03,6.458363604214879e+03,5.882352941176471e-01,4311187
6.463308718708180e+03,6.461544012825827e+03,5.882352941176471e-01,4311190
6.464176117930319e+03,6.458882000283261e+03,1.764705882352941e+00,4311188
6.466327781247869e+03,6.461033663600810e+03,1.764705882352941e+00,4311189
6.469183980202570e+03,6.467419274320217e+03,5.882352941176471e-01,4311191
6.471131806551291e+03,6.469367100668938e+03,5.882352941176471e-01,4311192
6.472918517093875e+03,6.471153811211522e+03,5.882352941176471e-01,4311193
6.474747788492911e+03,6.471218376728205e+03,1.176470588235294e+00,4311194
6.477753450911462e+03,6.472459333264403e+03,1.764705882352941e+00,4311195
6.479322882395310e+03,6.474028764748251e+03,1.764705882352941e+00,4311196
6.479767395044511e+03,6.478002689162158e+03,5.882352941176471e-01,4311198
6.481139114810490e+03,6.475844997163432e+03,1.764705882352941e+00,4311197
6.481563930933911e+03,6.479799225051558e+03,5.882352941176471e-01,4311200
6.484617000042369e+03,6.479219541594321e+03,1.764705882352941e+00,4311199
6.484668526575196e+03,6.479961384897921e+03,1.176470588235294e+00,4311201
6.486534199048943e+03,6.484769493166590e+03,5.882352941176471e-01,4311202
6.487380755650485e+03,6.485616049768132e+03,5.882352941176471e-01,4311203
6.488104195068800e+03,6.486339489186447e+03,5.882352941176471e-01,4311204
6.489727843097279e+03,6.487963137214926e+03,5.882352941176471e-01,4311205
6.491112292665249e+03,6.489347586782896e+03,5.882352941176471e-01,4311206
6.493340828699028e+03,6.491576122816675e+03,5.882352941176471e-01,4311207
6.495696853223599e+03,6.493932147341246e+03,5.882352941176471e-01,4311208
6.499130680028005e+03,6.497365974145652e+03,5.882352941176471e-01,4311209
6.500697719465116e+03,6.498933013582763e+03,5.882352941176471e-01,4311210
6.500854938247443e+03,6.499090232365090e+03,5.882352941176471e-01,4311211
6.500914906634459e+03,6.499150200752106e+03,5.882352941176471e-01,4311212
6.502462425347469e+03,6.499790581041141e+03,5.882352941176471e-01,4311213
6.502619644129796e+03,6.500169862055861e+03,5.882352941176471e-01,4311214
6.502980041407547e+03,6.501215335525194e+03,5.882352941176471e-01,4311215
6.509882917734731e+03,6.504588800087673e+03,1.764705882352941e+00,4311216
6.511059711641560e+03,6.505765593994501e+03,1.764705882352941e+00,4311217
6.511513245655407e+03,6.506219128008348e+03,1.764705882352941e+00,4311218
6.515468433243213e+03,6.510174315596155e+03,1.764705882352941e+00,4311219
6.516762495029821e+03,6.511468377382763e+03,1.764705882352941e+00,4311220
6.516888008791900e+03,6.511593891144841e+03,1.764705882352941e+00,4311221
6.517233139125566e+03,6.512762546121793e+03,5.882352941176471e-01,4311222
6.522056612676880e+03,6.515481944701934e+03,1.764705882352941e+00,4311223
6.522182126438958e+03,6.515756868579675e+03,1.764705882352941e+00,4311224
6.523821318559233e+03,6.518840692854212e+03,5.882352941176471e-01,4311226
6.523889882968792e+03,6.518595765321733e+03,1.764705882352941e+00,4311225
6.525586024441586e+03,6.519914235470023e+03,5.882352941176471e-01,4311228
6.525654588851145e+03,6.520420108213044e+03,5.882352941176471e-01,4311229
6.525711538203664e+03,6.519510639153626e+03,1.176470588235294e+00,4311227
6.527350730323939e+03,6.521684120076318e+03,5.882352941176471e-01,4311230
6.527419294733498e+03,6.524848502005637e+03,5.882352941176471e-01,4311231
6.531005655850723e+03,6.524874916090963e+03,1.764705882352941e+00,4311232
6.537772872237672e+03,6.532478754590613e+03,1.764705882352941e+00,4311233
6.538204037800808e+03,6.532909920153749e+03,1.764705882352941e+00,4311234
6.542349871003514e+03,6.538820459238809e+03,1.176470588235294e+00,4311235
6.549707736602487e+03,6.544413618955428e+03,1.764705882352941e+00,4311236
6.550639467200510e+03,6.545345349553451e+03,1.764705882352941e+00,4311237
6.551145031380439e+03,6.549380325498086e+03,5.882352941176471e-01,4311238
6.551472442484840e+03,6.549477684581433e+03,5.882352941176471e-01,4311239
6.554175299445818e+03,6.552410593563465e+03,5.882352941176471e-01,4311241
6.554847936166253e+03,6.553083230283900e+03,5.882352941176471e-01,4311242
6.555933584847568e+03,6.550089062562451e+03,1.764705882352941e+00,4311240
6.555940005328171e+03,6.553401521761771e+03,5.882352941176471e-01,4311243
6.556612642048606e+03,6.554274254558952e+03,5.882352941176471e-01,4311244
6.559895724091143e+03,6.556366312326437e+03,1.176470588235294e+00,4311245
6.560779876618406e+03,6.559015170736053e+03,5.882352941176471e-01,4311247
6.561664049923425e+03,6.559899344041072e+03,5.882352941176471e-01,4311248
6.562577363711850e+03,6.557283246064791e+03,1.764705882352941e+00,4311246
6.567965836863797e+03,6.566201130981444e+03,5.882352941176471e-01,4311249
6.569537145093515e+03,6.567772439211162e+03,5.882352941176471e-01,4311250
6.575882956008095e+03,6.574118250125742e+03,5.882352941176471e-01,4311251
6.577273062287291e+03,6.575508356404938e+03,5.882352941176471e-01,4311252
6.579151416621843e+03,6.577386710739490e+03,5.882352941176471e-01,4311254
6.581229052827648e+03,6.575934935180589e+03,1.764705882352941e+00,4311253
6.583332870041012e+03,6.578038752393953e+03,1.764705882352941e+00,4311255
6.584755520036358e+03,6.579461402389300e+03,1.764705882352941e+00,4311256
6.584758464592354e+03,6.579633063613397e+03,1.176470588235294e+00,4311257
6.585097575923365e+03,6.580802044591307e+03,5.882352941176471e-01,4311258
6.586520225918711e+03,6.582228632430404e+03,5.882352941176471e-01,4311259
6.586523170474707e+03,6.582575754978125e+03,5.882352941176471e-01,4311260
6.586862281805718e+03,6.583804354948347e+03,5.882352941176471e-01,4311261
6.588284931801064e+03,6.586270094225178e+03,5.882352941176471e-01,4311262
6.588287876357060e+03,6.586297033758098e+03,5.882352941176471e-01,4311263
6.592130392944454e+03,6.590365687062102e+03,5.882352941176471e-01,4311264
6.593151695051740e+03,6.591386989169387e+03,5.882352941176471e-01,4311266
6.593895098826807e+03,6.591535121055792e+03,5.882352941176471e-01,4311267
6.596106940414573e+03,6.590812822767515e+03,1.764705882352941e+00,4311265
6.598445812698799e+03,6.591915973803224e+03,1.764705882352941e+00,4311268
6.600272359904434e+03,6.598507654022081e+03,5.882352941176471e-01,4311270
6.600643030632019e+03,6.598878324749666e+03,5.882352941176471e-01,4311271
6.602621940451787e+03,6.600857234569434e+03,5.882352941176471e-01,4311272
6.603564259532081e+03,6.598270141885022e+03,1.764705882352941e+00,4311269
6.604386646334140e+03,6.601626189201540e+03,5.882352941176471e-01,4311274
6.605328965414434e+03,6.603480707577732e+03,5.882352941176471e-01,4311275
6.606151352216493e+03,6.603986179405256e+03,5.882352941176471e-01,4311276
6.606290257300131e+03,6.600996139653072e+03,1.764705882352941e+00,4311273
6.610269958560872e+03,6.608505252678519e+03,5.882352941176471e-01,4311279
6.610623083061493e+03,6.605067022580939e+03,1.764705882352941e+00,4311277
6.611445469863552e+03,6.605353524467367e+03,1.764705882352941e+00,4311278
6.612856555184683e+03,6.611091849302330e+03,5.882352941176471e-01,4311280
6.615280689746034e+03,6.611751277981328e+03,1.176470588235294e+00,4311281
6.616020139917213e+03,6.612490728152507e+03,1.176470588235294e+00,4311282
6.616228575988269e+03,6.614463870105917e+03,5.882352941176471e-01,4311283
6.617262904439489e+03,6.615498198557136e+03,5.882352941176471e-01,4311284
6.618000157155050e+03,6.616235451272697e+03,5.882352941176471e-01,4311285
6.621834966868838e+03,6.620070260986485e+03,5.882352941176471e-01,4311287
6.624407507414051e+03,6.619113389766992e+03,1.764705882352941e+00,4311286
6.626172213296403e+03,6.624293980879937e+03,5.882352941176471e-01,4311290
6.626520741135385e+03,6.622991329370679e+03,1.176470588235294e+00,4311288
6.627936919178756e+03,6.625232791058023e+03,5.882352941176471e-01,4311291
6.628546135713245e+03,6.626781429830892e+03,5.882352941176471e-01,4311292
6.628575042077284e+03,6.623280924430225e+03,1.764705882352941e+00,4311289
6.629701625061109e+03,6.626970259900122e+03,5.882352941176471e-01,4311293
6.630310841595598e+03,6.627596169100069e+03,5.882352941176471e-01,4311294
6.630820742820083e+03,6.629056036937730e+03,5.882352941176471e-01,4311295
6.632578662568652e+03,6.630813956686299e+03,5.882352941176471e-01,4311297
6.633813612863657e+03,6.632048906981304e+03,5.882352941176471e-01,4311298
6.634495407218548e+03,6.632730701336195e+03,5.882352941176471e-01,4311299
6.635176763090796e+03,6.629882645443737e+03,1.764705882352941e+00,4311296
6.635578318746010e+03,6.633184391921880e+03,5.882352941176471e-01,4311300
6.636975154876395e+03,6.635210448994042e+03,5.882352941176471e-01,4311301
6.638065736313605e+03,6.636301030431252e+03,5.882352941176471e-01,4311302
6.640451596514799e+03,6.636922184750093e+03,1.176470588235294e+00,4311303
6.642189203064125e+03,6.640424497181772e+03,5.882352941176471e-01,4311304
6.643346972315634e+03,6.641582266433281e+03,5.882352941176471e-01,4311306
6.644950548792085e+03,6.643185842909732e+03,5.882352941176471e-01,4311307
6.645111678197987e+03,6.643279807013703e+03,5.882352941176471e-01,4311308
6.646661042877333e+03,6.641366925230274e+03,1.764705882352941e+00,4311305
6.647794777378837e+03,6.646030071496484e+03,5.882352941176471e-01,4311310
6.648425748759685e+03,6.646255998069287e+03,5.882352941176471e-01,4311311
6.648479960556791e+03,6.644847584999804e+03,1.176470588235294e+00,4311309
6.652920276566983e+03,6.651155570684630e+03,5.882352941176471e-01,4311314
6.653088895025896e+03,6.647591089397191e+03,1.764705882352941e+00,4311312
6.654549831189796e+03,6.649255713542737e+03,1.764705882352941e+00,4311313
6.654684982449336e+03,6.652133798056678e+03,5.882352941176471e-01,4311315
6.656085171000675e+03,6.654320465118322e+03,5.882352941176471e-01,4311316
6.657999791375843e+03,6.656235085493490e+03,5.882352941176471e-01,4311317
6.659396502871054e+03,6.657631796988701e+03,5.882352941176471e-01,4311318
6.664222540149424e+03,6.662457834267071e+03,5.882352941176471e-01,4311319
6.668476440300987e+03,6.666711734418634e+03,5.882352941176471e-01,4311320
6.669142230517237e+03,6.667377524634884e+03,5.882352941176471e-01,4311321
6.671123516942413e+03,6.669358811060060e+03,5.882352941176471e-01,4311323
6.673039774197145e+03,6.667745656550086e+03,1.764705882352941e+00,4311322
6.675518004343358e+03,6.671988592578653e+03,1.176470588235294e+00,4311324
6.677806920005788e+03,6.672512802358729e+03,1.764705882352941e+00,4311325
6.678073836749124e+03,6.676309130866771e+03,5.882352941176471e-01,4311327
6.680868535319855e+03,6.675574417672796e+03,1.764705882352941e+00,4311326
6.683101037652846e+03,6.676359649147915e+03,1.764705882352941e+00,4311328
6.683367954396183e+03,6.676911555272473e+03,1.764705882352941e+00,4311329
6.684865743535199e+03,6.678413632263066e+03,5.882352941176471e-01,4311331
6.685132660278536e+03,6.680273650144805e+03,5.882352941176471e-01,4311332
6.686162652966914e+03,6.677161598433477e+03,1.764705882352941e+00,4311330
6.686630449417552e+03,6.682018298188612e+03,5.882352941176471e-01,4311333
6.689692064731620e+03,6.683809522240491e+03,1.176470588235294e+00,4311335
6.690426777925595e+03,6.682708848574129e+03,1.764705882352941e+00,4311334
6.691456770613973e+03,6.685808884395722e+03,5.882352941176471e-01,4311337
6.691924567064611e+03,6.684078301899128e+03,1.764705882352941e+00,4311336
6.692191483807948e+03,6.686625574468332e+03,5.882352941176471e-01,4311338
6.693689272946964e+03,6.690157221265676e+03,5.882352941176471e-01,4311340
6.693956189690301e+03,6.690417981117129e+03,5.882352941176471e-01,4311341
6.695453978829317e+03,6.690928699636377e+03,5.882352941176471e-01,4311342
6.695720895572654e+03,6.692944905391234e+03,5.882352941176471e-01,4311343
6.696750888261031e+03,6.687089791393671e+03,1.764705882352941e+00,4311339
6.697218684711670e+03,6.693567308680688e+03,5.882352941176471e-01,4311344
6.697485601455006e+03,6.695212262827748e+03,5.882352941176471e-01,4311345
6.700598305543562e+03,6.698833599661209e+03,5.882352941176471e-01,4311347
6.700634213417117e+03,6.698869507534764e+03,5.882352941176471e-01,4311348
6.702046817101404e+03,6.696752699454345e+03,1.764705882352941e+00,4311346
6.702363011425915e+03,6.698966380176549e+03,5.882352941176471e-01,4311349
6.704202249806879e+03,6.702437543924526e+03,5.882352941176471e-01,4311351
6.706072583856798e+03,6.704307877974445e+03,5.882352941176471e-01,4311352
6.706155286353685e+03,6.700861168706626e+03,1.764705882352941e+00,4311350
6.706812089393259e+03,6.705047383510906e+03,5.882352941176471e-01,4311353
6.709459163840969e+03,6.707694457958616e+03,5.882352941176471e-01,4311354
6.710541718775286e+03,6.708777012892933e+03,5.882352941176471e-01,4311355
6.711824148531122e+03,6.710059442648769e+03,5.882352941176471e-01,4311357
6.713588854413475e+03,6.711434949895467e+03,5.882352941176471e-01,4311359
6.714371329148764e+03,6.710841917384058e+03,1.176470588235294e+00,4311358
6.714619548923794e+03,6.709325431276735e+03,1.764705882352941e+00,4311356
6.715353560295828e+03,6.712875614086478e+03,5.882352941176471e-01,4311360
6.716384254806147e+03,6.713177270050074e+03,5.882352941176471e-01,4311362
6.717118266178181e+03,6.714261220476535e+03,5.882352941176471e-01,4311363
6.719665446795822e+03,6.713078386367066e+03,1.764705882352941e+00,4311361
6.721197421606310e+03,6.719432715723957e+03,5.882352941176471e-01,4311365
6.721678372453206e+03,6.714343603008342e+03,1.764705882352941e+00,4311364
6.725026844033161e+03,6.723262138150808e+03,5.882352941176471e-01,4311367
6.725040461546960e+03,6.721511049782254e+03,1.176470588235294e+00,4311366
6.725606035532895e+03,6.723841329650542e+03,5.882352941176471e-01,4311368
6.726791549915514e+03,6.724314196093719e+03,5.882352941176471e-01,4311369
6.729233892471913e+03,6.725704480707207e+03,1.176470588235294e+00,4311371
6.730451853333932e+03,6.725157735686873e+03,1.764705882352941e+00,4311370
6.732085667562573e+03,6.726378229707102e+03,1.764705882352941e+00,4311372
6.734528010118971e+03,6.728112754076249e+03,1.764705882352941e+00,4311373
6.735745970980991e+03,6.728152841612557e+03,1.764705882352941e+00,4311374
6.737379785209632e+03,6.729289333304068e+03,1.764705882352941e+00,4311375
6.737510676863344e+03,6.735630605161955e+03,5.882352941176471e-01,4311377
6.738057421883677e+03,6.732459529739552e+03,1.176470588235294e+00,4311376
6.740909196974338e+03,6.736843907392649e+03,1.176470588235294e+00,4311378
6.741657161365894e+03,6.739892455483541e+03,5.882352941176471e-01,4311379
6.742042956153893e+03,6.740278250271540e+03,5.882352941176471e-01,4311380
6.743134080463139e+03,6.741369374580786e+03,5.882352941176471e-01,4311381
6.744174027356593e+03,6.742409321474240e+03,5.882352941176471e-01,4311382
6.752871781511671e+03,6.749342369746965e+03,1.176470588235294e+00,4311383
6.753237080319369e+03,6.751472374437016e+03,5.882352941176471e-01,4311384
6.753252797654084e+03,6.751488091771731e+03,5.882352941176471e-01,4311385
6.754636487394024e+03,6.752486525861315e+03,5.882352941176471e-01,4311386
6.755001786201722e+03,6.752517366781077e+03,5.882352941176471e-01,4311387
6.759560270536728e+03,6.754266152889669e+03,1.764705882352941e+00,4311388
6.761372849241338e+03,6.759608143358985e+03,5.882352941176471e-01,4311389
6.764386723791737e+03,6.762622017909384e+03,5.882352941176471e-01,4311391
6.765554020960270e+03,6.760259903313211e+03,1.764705882352941e+00,4311390
6.766424172326013e+03,6.764659466443660e+03,5.882352941176471e-01,4311392
6.768344722459542e+03,6.766580016577189e+03,5.882352941176471e-01,4311393
6.769469802426277e+03,6.767705096543924e+03,5.882352941176471e-01,4311394
6.772297596053090e+03,6.770532890170737e+03,5.882352941176471e-01,4311397
6.773865288065578e+03,6.768571170418519e+03,1.764705882352941e+00,4311395
6.774062301935443e+03,6.770770705934690e+03,5.882352941176471e-01,4311398
6.775629993947931e+03,6.771497750222815e+03,5.882352941176471e-01,4311399
6.775767668205062e+03,6.770473550558004e+03,1.764705882352941e+00,4311396
6.775827007817796e+03,6.773146597999899e+03,5.882352941176471e-01,4311400
6.777394699830284e+03,6.775400006898974e+03,5.882352941176471e-01,4311401
6.779691757625200e+03,6.777927051742848e+03,5.882352941176471e-01,4311404
6.781567137716835e+03,6.776273020069776e+03,1.764705882352941e+00,4311402
6.782254467366110e+03,6.776960349719051e+03,1.764705882352941e+00,4311403
6.783331843599188e+03,6.778855640608002e+03,5.882352941176471e-01,4311406
6.784985875272259e+03,6.778494502256909e+03,1.764705882352941e+00,4311405
6.785096549481541e+03,6.781160705774785e+03,5.882352941176471e-01,4311408
6.785783879130816e+03,6.780587981535876e+03,1.176470588235294e+00,4311407
6.786750581154612e+03,6.782189726346066e+03,5.882352941176471e-01,4311409
6.787548585013169e+03,6.784386926195544e+03,5.882352941176471e-01,4311411
6.789313290895522e+03,6.785292754479797e+03,5.882352941176471e-01,4311413
6.790390667128600e+03,6.782733336714106e+03,1.764705882352941e+00,4311410
6.791077996777875e+03,6.786304136399151e+03,5.882352941176471e-01,4311414
6.792044698801671e+03,6.784532921378762e+03,1.764705882352941e+00,4311412
6.792155373010953e+03,6.786714225341342e+03,5.882352941176471e-01,4311415
6.794460975358432e+03,6.792696269476079e+03,5.882352941176471e-01,4311417
6.794478451951208e+03,6.792713746068855e+03,5.882352941176471e-01,4311418
6.794607408542581e+03,6.787735411136719e+03,1.176470588235294e+00,4311416
6.799755093005490e+03,6.793210501356594e+03,1.764705882352941e+00,4311419
6.799909474343021e+03,6.798144768460668e+03,5.882352941176471e-01,4311420
6.799926296499356e+03,6.798161590617004e+03,5.882352941176471e-01,4311421
6.801519798887843e+03,6.799056430435557e+03,5.882352941176471e-01,4311422
6.805840439951310e+03,6.804075734068957e+03,5.882352941176471e-01,4311425
6.806232632595500e+03,6.800938514948442e+03,1.764705882352941e+00,4311423
6.807979252007044e+03,6.806214546124691e+03,5.882352941176471e-01,4311426
6.808434604409076e+03,6.803140486762017e+03,1.764705882352941e+00,4311424
6.811882020036742e+03,6.806587902389684e+03,1.764705882352941e+00,4311427
6.813273369654103e+03,6.807248030134938e+03,1.764705882352941e+00,4311428
6.813646725919095e+03,6.809356999066003e+03,5.882352941176471e-01,4311430
6.813849004683125e+03,6.808554887036066e+03,1.764705882352941e+00,4311429
6.815038075536456e+03,6.809373052815389e+03,5.882352941176471e-01,4311431
6.815613710565478e+03,6.810477547628630e+03,5.882352941176471e-01,4311433
6.816802781418809e+03,6.811522983172918e+03,5.882352941176471e-01,4311434
6.817378416447831e+03,6.813369616323749e+03,5.882352941176471e-01,4311435
6.818567487301162e+03,6.813437819630530e+03,5.882352941176471e-01,4311436
6.818940843566154e+03,6.809761659825701e+03,1.764705882352941e+00,4311432
6.820705549448507e+03,6.817779210618954e+03,5.882352941176471e-01,4311439
6.822672534094890e+03,6.816380091470263e+03,1.764705882352941e+00,4311437
6.823861604948221e+03,6.817685082423701e+03,1.764705882352941e+00,4311438
6.824437239977243e+03,6.819152289060628e+03,5.882352941176471e-01,4311441
6.825999667095566e+03,6.817854031089707e+03,1.764705882352941e+00,4311440
6.826201945859595e+03,6.823637030927103e+03,5.882352941176471e-01,4311443
6.827391016712926e+03,6.822214428319745e+03,1.176470588235294e+00,4311442
6.827966651741948e+03,6.824719994155053e+03,5.882352941176471e-01,4311445
6.829155722595279e+03,6.826909137611448e+03,5.882352941176471e-01,4311446
6.829529078860272e+03,6.824238905760555e+03,1.176470588235294e+00,4311444
6.830920428477632e+03,6.828148345369840e+03,5.882352941176471e-01,4311448
6.832091651653134e+03,6.830326945770781e+03,5.882352941176471e-01,4311449
6.833260769389007e+03,6.826955131355507e+03,1.764705882352941e+00,4311447
6.834449840242338e+03,6.830846354521137e+03,1.176470588235294e+00,4311450
6.835782980123994e+03,6.834018274241641e+03,5.882352941176471e-01,4311452
6.837385769300193e+03,6.831938341742434e+03,1.764705882352941e+00,4311451
6.837785457569388e+03,6.836020751687035e+03,5.882352941176471e-01,4311453
6.842231424385013e+03,6.840466718502660e+03,5.882352941176471e-01,4311455
6.843996130267366e+03,6.841400156649835e+03,5.882352941176471e-01,4311457
6.844958459001650e+03,6.839664341354591e+03,1.764705882352941e+00,4311454
6.846573840820319e+03,6.841279723173260e+03,1.764705882352941e+00,4311456
6.849290247914425e+03,6.843483503871618e+03,1.764705882352941e+00,4311458
6.850103252585024e+03,6.843868365879020e+03,1.176470588235294e+00,4311460
6.850252576648709e+03,6.843669057341734e+03,1.764705882352941e+00,4311459
6.851054953796777e+03,6.844646560037086e+03,5.882352941176471e-01,4311461
6.852017282531062e+03,6.845777668663879e+03,5.882352941176471e-01,4311463
6.852819659679130e+03,6.846237862357767e+03,5.882352941176471e-01,4311464
6.853781988413415e+03,6.849531180389129e+03,5.882352941176471e-01,4311465
6.855397370232083e+03,6.844969906290820e+03,1.764705882352941e+00,4311462
6.860229481285787e+03,6.858464775403434e+03,5.882352941176471e-01,4311466
6.861271178746182e+03,6.859506472863829e+03,5.882352941176471e-01,4311467
6.864748317291261e+03,6.862983611408908e+03,5.882352941176471e-01,4311469
6.866876841389248e+03,6.861582723742189e+03,1.764705882352941e+00,4311468
6.868150469374020e+03,6.866385763491667e+03,5.882352941176471e-01,4311470
6.870325093800200e+03,6.868560387917847e+03,5.882352941176471e-01,4311471
6.871055652876239e+03,6.869290946993886e+03,5.882352941176471e-01,4311472
6.874440442210409e+03,6.870911030445703e+03,1.176470588235294e+00,4311474
6.875928211884737e+03,6.870634094237678e+03,1.764705882352941e+00,4311473
6.877169162969956e+03,6.875404457087603e+03,5.882352941176471e-01,4311476
6.878187474604879e+03,6.872893356957820e+03,1.764705882352941e+00,4311475
6.880029316797200e+03,6.878264610914847e+03,5.882352941176471e-01,4311477
6.880244568090595e+03,6.878479862208242e+03,5.882352941176471e-01,4311478
6.880624321235902e+03,6.878859615353549e+03,5.882352941176471e-01,4311479
6.883031820996468e+03,6.881267115114115e+03,5.882352941176471e-01,4311480
6.889372835723515e+03,6.884078718076456e+03,1.764705882352941e+00,4311481
6.889942899826289e+03,6.888178193943936e+03,5.882352941176471e-01,4311483
6.891350417494276e+03,6.886056299847217e+03,1.764705882352941e+00,4311482
6.892177575319742e+03,6.890412869437389e+03,5.882352941176471e-01,4311485
6.893942281202095e+03,6.891539255164433e+03,5.882352941176471e-01,4311487
6.895238343444980e+03,6.889944225797921e+03,1.764705882352941e+00,4311484
6.896644535141335e+03,6.891133613991276e+03,1.764705882352941e+00,4311486
6.898409241023688e+03,6.894859380743108e+03,5.882352941176471e-01,4311490
6.899236398849153e+03,6.892336985788530e+03,1.764705882352941e+00,4311488
6.900532461092039e+03,6.892825931739344e+03,1.764705882352941e+00,4311489
6.901001104731506e+03,6.896488234136124e+03,5.882352941176471e-01,4311492
6.902297166974392e+03,6.897772273004319e+03,5.882352941176471e-01,4311493
6.903703358670747e+03,6.896434064783449e+03,1.764705882352941e+00,4311491
6.904530516496212e+03,6.898070926632011e+03,1.176470588235294e+00,4311494
6.906295222378565e+03,6.902384062779910e+03,5.882352941176471e-01,4311497
6.907591284621451e+03,6.899289127295268e+03,1.764705882352941e+00,4311495
6.908997476317805e+03,6.900959887356411e+03,1.764705882352941e+00,4311496
6.910762182200158e+03,6.906352989483929e+03,5.882352941176471e-01,4311500
6.911589340025624e+03,6.902408494708576e+03,1.764705882352941e+00,4311498
6.912526888082511e+03,6.907740918228338e+03,5.882352941176471e-01,4311501
6.912885402268509e+03,6.902694914561913e+03,1.764705882352941e+00,4311499
6.914650108150862e+03,6.908929234727031e+03,5.882352941176471e-01,4311504
6.916414814033215e+03,6.912026676047863e+03,5.882352941176471e-01,4311505
6.916883457672683e+03,6.907847217392681e+03,1.764705882352941e+00,4311502
6.917821005729570e+03,6.908885281876159e+03,1.764705882352941e+00,4311503
6.918179519915568e+03,6.915309109032649e+03,5.882352941176471e-01,4311506
6.919944225797921e+03,6.917233342550045e+03,5.882352941176471e-01,4311509
6.920412869437389e+03,6.915739090610088e+03,1.176470588235294e+00,4311507
6.921708931680274e+03,6.918796815257834e+03,5.882352941176471e-01,4311510
6.923115123376629e+03,6.916314578482285e+03,1.764705882352941e+00,4311508
6.926887049252730e+03,6.923357637488024e+03,1.176470588235294e+00,4311511
6.930835898392413e+03,6.929071192510060e+03,5.882352941176471e-01,4311512
6.932986376707444e+03,6.931221670825091e+03,5.882352941176471e-01,4311513
6.935479238003425e+03,6.933714532121072e+03,5.882352941176471e-01,4311514
6.940619787010735e+03,6.938855081128382e+03,5.882352941176471e-01,4311516
6.943213981479118e+03,6.937919863832059e+03,1.764705882352941e+00,4311515
6.945341844099502e+03,6.940047726452443e+03,1.764705882352941e+00,4311517
6.946244579477548e+03,6.942715167712843e+03,1.176470588235294e+00,4311518
6.946264094674644e+03,6.944499388792291e+03,5.882352941176471e-01,4311519
6.950635961746561e+03,6.945070268410228e+03,1.764705882352941e+00,4311520
6.950842472287290e+03,6.949077766404937e+03,5.882352941176471e-01,4311521
6.953666201169504e+03,6.950136789404798e+03,1.176470588235294e+00,4311522
6.955430907051857e+03,6.951295915601522e+03,5.882352941176471e-01,4311525
6.955930079393620e+03,6.950263166402281e+03,1.764705882352941e+00,4311523
6.956136589934349e+03,6.950502563942080e+03,1.764705882352941e+00,4311524
6.957694785275973e+03,6.951871470923451e+03,5.882352941176471e-01,4311527
6.957901295816702e+03,6.952114325906821e+03,5.882352941176471e-01,4311528
6.959459491158326e+03,6.952334843258148e+03,5.882352941176471e-01,4311529
6.959666001699055e+03,6.952715941921772e+03,5.882352941176471e-01,4311530
6.960725024698916e+03,6.951820330926718e+03,1.764705882352941e+00,4311526
6.961430707581408e+03,6.954330599427749e+03,5.882352941176471e-01,4311532
6.962988902923031e+03,6.953140003019110e+03,1.176470588235294e+00,4311531
6.963195413463761e+03,6.955970554435915e+03,5.882352941176471e-01,4311534
6.964254436463622e+03,6.955579916737963e+03,1.176470588235294e+00,4311533
6.966019142345975e+03,6.962201303027881e+03,5.882352941176471e-01,4311537
6.967783848228328e+03,6.962990627851999e+03,5.882352941176471e-01,4311538
6.968283020570090e+03,6.957808075665503e+03,1.764705882352941e+00,4311535
6.968489531110819e+03,6.959869465604714e+03,1.764705882352941e+00,4311536
6.970254236993172e+03,6.965791169155370e+03,5.882352941176471e-01,4311541
6.971812432334796e+03,6.963902383235913e+03,1.176470588235294e+00,4311540
6.972420275600013e+03,6.970655569717660e+03,5.882352941176471e-01,4311542
6.973077965875386e+03,6.963242934751931e+03,1.764705882352941e+00,4311539
6.974756908836943e+03,6.972992202954591e+03,5.882352941176471e-01,4311543
6.976962779147684e+03,6.973433367382978e+03,1.176470588235294e+00,4311544
6.977747975938829e+03,6.975983270056476e+03,5.882352941176471e-01,4311545
6.978280364995328e+03,6.976515659112975e+03,5.882352941176471e-01,4311546
6.982004605973281e+03,6.978475194208575e+03,1.176470588235294e+00,4311548
6.982693713341960e+03,6.977399595694901e+03,1.764705882352941e+00,4311547
6.983769311855634e+03,6.981410770013055e+03,5.882352941176471e-01,4311550
6.985632577922961e+03,6.980338460275902e+03,1.764705882352941e+00,4311549
6.990363264792389e+03,6.985069147145330e+03,1.764705882352941e+00,4311551
6.991531951413840e+03,6.986237833766781e+03,1.764705882352941e+00,4311552
6.991714514303143e+03,6.986420396656084e+03,1.764705882352941e+00,4311553
6.993296657296193e+03,6.987123561480132e+03,5.882352941176471e-01,4311555
6.993479220185496e+03,6.987197881521225e+03,5.882352941176471e-01,4311556
6.995061363178546e+03,6.988318013181840e+03,5.882352941176471e-01,4311557
6.995243926067849e+03,6.989723637115739e+03,5.882352941176471e-01,4311558
6.995657382439448e+03,6.986889959952762e+03,1.764705882352941e+00,4311554
6.997422088321801e+03,6.991963279514189e+03,5.882352941176471e-01,4311561
7.000355480825605e+03,6.989936404265457e+03,1.764705882352941e+00,4311559
7.000538043714908e+03,6.990731735590190e+03,1.764705882352941e+00,4311560
7.002120186707958e+03,6.993825740431854e+03,5.882352941176471e-01,4311563
7.002716205968859e+03,6.993257892395675e+03,1.764705882352941e+00,4311562
7.003884892590311e+03,6.997984340266343e+03,5.882352941176471e-01,4311565
7.005832161361967e+03,6.995910984442380e+03,1.764705882352941e+00,4311564
7.007414304355017e+03,7.000544088905984e+03,1.176470588235294e+00,4311567
7.007596867244320e+03,7.002598103458563e+03,5.882352941176471e-01,4311568
7.008010323615918e+03,6.998213491011974e+03,1.764705882352941e+00,4311566
7.009179010237370e+03,7.003127337991855e+03,5.882352941176471e-01,4311569
7.009361573126672e+03,7.004217225820038e+03,5.882352941176471e-01,4311570
7.011126279009025e+03,7.009030639403829e+03,5.882352941176471e-01,4311573
7.013304441262977e+03,7.007015673000735e+03,1.764705882352941e+00,4311571
7.014473127884428e+03,7.008115882370597e+03,1.764705882352941e+00,4311572
7.016237833766781e+03,7.012000887080459e+03,5.882352941176471e-01,4311576
7.016420396656084e+03,7.009326086410855e+03,1.764705882352941e+00,4311574
7.018002539649134e+03,7.014294487776094e+03,5.882352941176471e-01,4311577
7.018185102538437e+03,7.016030059152938e+03,5.882352941176471e-01,4311578
7.018598558910036e+03,7.009484964088289e+03,1.764705882352941e+00,4311575
7.023403914048357e+03,7.018109796401298e+03,1.764705882352941e+00,4311579
7.023774035420121e+03,7.022009329537769e+03,5.882352941176471e-01,4311581
7.023910689833223e+03,7.020381278068518e+03,1.176470588235294e+00,4311580
7.028395653946348e+03,7.026630948063995e+03,5.882352941176471e-01,4311582
7.031692066709991e+03,7.028162654945285e+03,1.176470588235294e+00,4311583
7.032812645183467e+03,7.031047939301114e+03,5.882352941176471e-01,4311585
7.034128339760744e+03,7.032363633878391e+03,5.882352941176471e-01,4311586
7.034310127623256e+03,7.029016009976197e+03,1.764705882352941e+00,4311584
7.037251750288059e+03,7.035487044405706e+03,5.882352941176471e-01,4311588
7.037509061801125e+03,7.035744355918772e+03,5.882352941176471e-01,4311589
7.039165872238660e+03,7.033871754591601e+03,1.764705882352941e+00,4311587
7.039698768981229e+03,7.037934063098876e+03,5.882352941176471e-01,4311591
7.041447436129087e+03,7.037918024364381e+03,1.176470588235294e+00,4311590
7.046321020357074e+03,7.044556314474722e+03,5.882352941176471e-01,4311593
7.046814564463643e+03,7.043285152698937e+03,1.176470588235294e+00,4311592
7.049295197781731e+03,7.045765786017025e+03,1.176470588235294e+00,4311594
7.049954319067437e+03,7.048189613185084e+03,5.882352941176471e-01,4311595
7.050287276420152e+03,7.048522570537799e+03,5.882352941176471e-01,4311596
7.051803013311083e+03,7.050038307428731e+03,5.882352941176471e-01,4311597
7.052305595145914e+03,7.050540889263561e+03,5.882352941176471e-01,4311598
7.052969422057292e+03,7.051204716174939e+03,5.882352941176471e-01,4311599
7.055332425075789e+03,7.051302954715070e+03,1.176470588235294e+00,4311600
7.058696069426542e+03,7.056931363544189e+03,5.882352941176471e-01,4311601
7.059617786196926e+03,7.057853080314573e+03,5.882352941176471e-01,4311602
7.060594576779657e+03,7.058829870897304e+03,5.882352941176471e-01,4311603
7.062698983206038e+03,7.059169571441332e+03,1.176470588235294e+00,4311604
7.063489988033604e+03,7.059960576268899e+03,1.176470588235294e+00,4311605
7.064146857352242e+03,7.060617445587537e+03,1.176470588235294e+00,4311606
7.065686983813705e+03,7.063922277931352e+03,5.882352941176471e-01,4311607
7.067434512433648e+03,7.065669806551295e+03,5.882352941176471e-01,4311608
7.071922537492845e+03,7.070157831610492e+03,5.882352941176471e-01,4311610
7.074692496902039e+03,7.069398379254981e+03,1.764705882352941e+00,4311609
7.075781204198598e+03,7.070487086551539e+03,1.764705882352941e+00,4311611
7.076457202784392e+03,7.071220053214592e+03,5.882352941176471e-01,4311613
7.077216655139904e+03,7.070542191851979e+03,1.764705882352941e+00,4311612
7.078981361022257e+03,7.075448852393711e+03,5.882352941176471e-01,4311616
7.080746066904609e+03,7.076590775965509e+03,5.882352941176471e-01,4311617
7.081075321845657e+03,7.072659026212905e+03,1.764705882352941e+00,4311614
7.081751320431451e+03,7.075260694184951e+03,1.764705882352941e+00,4311615
7.082510772786962e+03,7.078115025365191e+03,5.882352941176471e-01,4311618
7.086369439492716e+03,7.078756853500541e+03,1.764705882352941e+00,4311619
7.087073330006155e+03,7.085308624123802e+03,5.882352941176471e-01,4311621
7.088485097019000e+03,7.084955685254294e+03,1.176470588235294e+00,4311620
7.089051091951167e+03,7.087286386068815e+03,5.882352941176471e-01,4311622
7.090855370198981e+03,7.089090664316628e+03,5.882352941176471e-01,4311623
7.092704444519272e+03,7.089175032754566e+03,1.176470588235294e+00,4311624
7.094901139418455e+03,7.093136433536102e+03,5.882352941176471e-01,4311625
7.095713001288374e+03,7.093948295406021e+03,5.882352941176471e-01,4311626
7.096060225580266e+03,7.094295519697913e+03,5.882352941176471e-01,4311627
7.100303363353841e+03,7.098538657471488e+03,5.882352941176471e-01,4311629
7.100670398872080e+03,7.098905692989727e+03,5.882352941176471e-01,4311630
7.101071552120358e+03,7.097542140355653e+03,1.176470588235294e+00,4311628
7.102068069236194e+03,7.098974458161863e+03,5.882352941176471e-01,4311631
7.102435104754433e+03,7.099480135234324e+03,5.882352941176471e-01,4311632
7.104519675944163e+03,7.102754970061810e+03,5.882352941176471e-01,4311634
7.106365669767417e+03,7.099622891042565e+03,1.764705882352941e+00,4311633
7.112429996810959e+03,7.110665290928606e+03,5.882352941176471e-01,4311635
7.114966952248631e+03,7.113202246366278e+03,5.882352941176471e-01,4311636
7.117058873322122e+03,7.115294167439769e+03,5.882352941176471e-01,4311638
7.119816358285309e+03,7.114522240638250e+03,1.764705882352941e+00,4311637
7.125762021880469e+03,7.120467904233410e+03,1.764705882352941e+00,4311639
7.126572544463137e+03,7.121278426816078e+03,1.764705882352941e+00,4311640
7.127690053256421e+03,7.122395935609362e+03,1.764705882352941e+00,4311641
7.128337250345490e+03,7.125246520054254e+03,5.882352941176471e-01,4311643
7.129291433645175e+03,7.123103450159328e+03,1.176470588235294e+00,4311642
7.131056139527528e+03,7.126454901903314e+03,5.882352941176471e-01,4311646
7.132984170903480e+03,7.125382291770643e+03,1.764705882352941e+00,4311644
7.133631367992549e+03,7.125947377813599e+03,1.764705882352941e+00,4311645
7.135396073874902e+03,7.130840400362551e+03,5.882352941176471e-01,4311649
7.136350257174587e+03,7.127432091245542e+03,1.764705882352941e+00,4311647
7.137160779757255e+03,7.132226092347911e+03,5.882352941176471e-01,4311650
7.138114963056940e+03,7.132825496358966e+03,5.882352941176471e-01,4311651
7.138278288550538e+03,7.130806366985119e+03,1.764705882352941e+00,4311648
7.138925485639608e+03,7.132925932496787e+03,5.882352941176471e-01,4311652
7.145943803351159e+03,7.144179097468806e+03,5.882352941176471e-01,4311655
7.147625228445598e+03,7.142331110798539e+03,1.764705882352941e+00,4311653
7.147708509233512e+03,7.144859129771891e+03,5.882352941176471e-01,4311656
7.149273764107384e+03,7.143979646460325e+03,1.764705882352941e+00,4311654
7.151038469989737e+03,7.146540730263218e+03,5.882352941176471e-01,4311659
7.152919346092657e+03,7.145238412772205e+03,1.764705882352941e+00,4311657
7.153002626880571e+03,7.145930846492906e+03,1.764705882352941e+00,4311658
7.156332587636796e+03,7.148714223313390e+03,1.764705882352941e+00,4311660
7.156532038645277e+03,7.150325295599142e+03,1.176470588235294e+00,4311662
7.158097293519149e+03,7.153526925669601e+03,5.882352941176471e-01,4311663
7.158213463739716e+03,7.149023100515926e+03,1.764705882352941e+00,4311661
7.158296744527630e+03,7.156110624647837e+03,5.882352941176471e-01,4311664
7.159861999401502e+03,7.156760617323556e+03,5.882352941176471e-01,4311665
7.160835116909495e+03,7.159070411027142e+03,5.882352941176471e-01,4311667
7.163507581386775e+03,7.157799569735871e+03,1.764705882352941e+00,4311666
7.163821964465384e+03,7.162057258583031e+03,5.882352941176471e-01,4311668
7.168493018820678e+03,7.163198901173619e+03,1.764705882352941e+00,4311669
7.169464570444815e+03,7.164170452797756e+03,1.764705882352941e+00,4311670
7.169912450470162e+03,7.164618332823103e+03,1.764705882352941e+00,4311671
7.170257724703031e+03,7.166728557888859e+03,5.882352941176471e-01,4311672
7.174758688091874e+03,7.168202180095933e+03,1.764705882352941e+00,4311673
7.176091830510215e+03,7.170797712863156e+03,1.764705882352941e+00,4311674
7.176523393974227e+03,7.172083362949712e+03,5.882352941176471e-01,4311676
7.176841775199962e+03,7.171547657552903e+03,1.764705882352941e+00,4311675
7.177856536392568e+03,7.172146620138396e+03,5.882352941176471e-01,4311677
7.180371186964668e+03,7.174770850396177e+03,1.176470588235294e+00,4311679
7.181817511621285e+03,7.174266164996426e+03,1.764705882352941e+00,4311678
7.186795827260831e+03,7.185031121378478e+03,5.882352941176471e-01,4311681
7.187103405038366e+03,7.183573993273661e+03,1.176470588235294e+00,4311680
7.191404255993245e+03,7.186110138346186e+03,1.764705882352941e+00,4311682
7.192285565587999e+03,7.186991447940940e+03,1.764705882352941e+00,4311683
7.192678618042931e+03,7.187384500395872e+03,1.764705882352941e+00,4311684
7.193168961875598e+03,7.189285668482445e+03,5.882352941176471e-01,4311685
7.196501411124626e+03,7.194736705242273e+03,5.882352941176471e-01,4311688
7.197579683235058e+03,7.190459499796128e+03,1.764705882352941e+00,4311686
7.197972735689990e+03,7.191443848206848e+03,1.764705882352941e+00,4311687
7.200585058089295e+03,7.198820352206942e+03,5.882352941176471e-01,4311689
7.201494360037914e+03,7.199729654155561e+03,5.882352941176471e-01,4311690
7.201771238707389e+03,7.200006532825036e+03,5.882352941176471e-01,4311691
7.206820672933888e+03,7.205055967051535e+03,5.882352941176471e-01,4311693
7.208060456853367e+03,7.204531045088661e+03,1.176470588235294e+00,4311692
7.208585378816241e+03,7.206011874758898e+03,5.882352941176471e-01,4311695
7.210195176062500e+03,7.208430470180147e+03,5.882352941176471e-01,4311696
7.210350084698594e+03,7.208500912346744e+03,5.882352941176471e-01,4311697
7.211079710749558e+03,7.205785593102499e+03,1.764705882352941e+00,4311694
7.211959881944853e+03,7.208698535758091e+03,5.882352941176471e-01,4311698
7.213563785670817e+03,7.211799079788464e+03,5.882352941176471e-01,4311700
7.214172564355018e+03,7.212407858472665e+03,5.882352941176471e-01,4311701
7.217031227396507e+03,7.211737109749448e+03,1.764705882352941e+00,4311699
7.217701976119724e+03,7.214158162479854e+03,1.176470588235294e+00,4311703
7.218857903317876e+03,7.212727362911313e+03,1.764705882352941e+00,4311702
7.220560639161213e+03,7.215213911470537e+03,1.176470588235294e+00,4311704
7.220622609200229e+03,7.216759556072687e+03,5.882352941176471e-01,4311706
7.222325345043566e+03,7.218071052272411e+03,5.882352941176471e-01,4311707
7.222996093766782e+03,7.216666398442985e+03,1.764705882352941e+00,4311705
7.224090050925918e+03,7.218657298522545e+03,5.882352941176471e-01,4311709
7.224760799649135e+03,7.219577311650493e+03,5.882352941176471e-01,4311710
7.225854756808271e+03,7.224081909643469e+03,5.882352941176471e-01,4311711
7.225916726847287e+03,7.218109359645042e+03,1.764705882352941e+00,4311708
7.226525505531488e+03,7.224401854500319e+03,5.882352941176471e-01,4311712
7.227619462690624e+03,7.224500993384789e+03,5.882352941176471e-01,4311713
7.227681432729640e+03,7.224509022472662e+03,5.882352941176471e-01,4311714
7.228290211413841e+03,7.225214290769757e+03,5.882352941176471e-01,4311715
7.229384168572977e+03,7.226370381107627e+03,5.882352941176471e-01,4311716
7.229446138611993e+03,7.226514943981788e+03,5.882352941176471e-01,4311717
7.231148874455330e+03,7.228854181523809e+03,5.882352941176471e-01,4311719
7.231210844494346e+03,7.229298187850724e+03,5.882352941176471e-01,4311720
7.233584329060900e+03,7.227305088067088e+03,1.764705882352941e+00,4311718
7.234493509498596e+03,7.232728803616243e+03,5.882352941176471e-01,4311721
7.239804416989648e+03,7.238039711107295e+03,5.882352941176471e-01,4311722
7.240554742277335e+03,7.238790036394982e+03,5.882352941176471e-01,4311724
7.241569122872001e+03,7.239667477607294e+03,5.882352941176471e-01,4311725
7.243333828754354e+03,7.240393669046408e+03,5.882352941176471e-01,4311727
7.243651175073690e+03,7.238357057426631e+03,1.764705882352941e+00,4311723
7.245098534636707e+03,7.241287496039407e+03,5.882352941176471e-01,4311728
7.245415880956043e+03,7.243211083715520e+03,5.882352941176471e-01,4311729
7.245848859924394e+03,7.240390338588937e+03,1.764705882352941e+00,4311726
7.246863240519060e+03,7.244501924575695e+03,5.882352941176471e-01,4311730
7.248365034937228e+03,7.246600329054875e+03,5.882352941176471e-01,4311731
7.249119529611756e+03,7.247354823729403e+03,5.882352941176471e-01,4311732
7.249120116935376e+03,7.247355411053023e+03,5.882352941176471e-01,4311733
7.250129740819581e+03,7.248343183885855e+03,5.882352941176471e-01,4311734
7.250884235494109e+03,7.248525182900003e+03,5.882352941176471e-01,4311735
7.250884822817729e+03,7.248821872781878e+03,5.882352941176471e-01,4311736
7.253659152584287e+03,7.249734653828308e+03,1.176470588235294e+00,4311737
7.254258042265680e+03,7.252493336383327e+03,5.882352941176471e-01,4311739
7.256361386368884e+03,7.251067268721826e+03,1.764705882352941e+00,4311738
7.258953270231346e+03,7.253367075633219e+03,1.764705882352941e+00,4311740
7.260481301789841e+03,7.256951890025136e+03,1.176470588235294e+00,4311742
7.260959612811143e+03,7.255665495164084e+03,1.764705882352941e+00,4311741
7.262246007672194e+03,7.258408340183060e+03,5.882352941176471e-01,4311744
7.262482681996051e+03,7.257539541546692e+03,1.176470588235294e+00,4311743
7.264010713554547e+03,7.261319287945481e+03,5.882352941176471e-01,4311746
7.264247387878404e+03,7.262441522097088e+03,5.882352941176471e-01,4311747
7.264489024575848e+03,7.259118272051607e+03,1.176470588235294e+00,4311745
7.269304831201606e+03,7.262749012523189e+03,1.764705882352941e+00,4311748
7.269441396573371e+03,7.267676690691018e+03,5.882352941176471e-01,4311749
7.269457539627690e+03,7.267692833745337e+03,5.882352941176471e-01,4311750
7.271069537083959e+03,7.268794139006625e+03,5.882352941176471e-01,4311751
7.271206102455724e+03,7.269345968407463e+03,5.882352941176471e-01,4311752
7.272834242966312e+03,7.270171873255386e+03,5.882352941176471e-01,4311754
7.275055554868051e+03,7.269761437220992e+03,1.764705882352941e+00,4311753
7.276363654731018e+03,7.270712743481205e+03,1.176470588235294e+00,4311756
7.276500220102783e+03,7.270488671757251e+03,1.764705882352941e+00,4311755
7.278128360613371e+03,7.271800156003622e+03,5.882352941176471e-01,4311758
7.278264925985135e+03,7.272157668243796e+03,5.882352941176471e-01,4311759
7.278584966632756e+03,7.270729619321925e+03,1.176470588235294e+00,4311757
7.279893066495724e+03,7.272696923598595e+03,5.882352941176471e-01,4311760
7.280349672515109e+03,7.274550616169151e+03,5.882352941176471e-01,4311762
7.281657772378077e+03,7.276617644575670e+03,5.882352941176471e-01,4311763
7.283559043632194e+03,7.273819941431734e+03,1.764705882352941e+00,4311761
7.285323749514547e+03,7.280065093448696e+03,5.882352941176471e-01,4311766
7.285643790162168e+03,7.278683851227839e+03,1.764705882352941e+00,4311764
7.286951890025136e+03,7.279527015675037e+03,1.764705882352941e+00,4311765
7.288853161279253e+03,7.281976083158388e+03,1.176470588235294e+00,4311767
7.290481301789841e+03,7.284891884610240e+03,1.176470588235294e+00,4311769
7.290617867161606e+03,7.285251466103077e+03,5.882352941176471e-01,4311770
7.290937907809227e+03,7.282198017131473e+03,1.764705882352941e+00,4311768
7.292246007672194e+03,7.289380033277808e+03,5.882352941176471e-01,4311771
7.295911984808665e+03,7.289847769713983e+03,1.764705882352941e+00,4311772
7.298409793953125e+03,7.296645088070772e+03,5.882352941176471e-01,4311773
7.303589776779526e+03,7.301825070897173e+03,5.882352941176471e-01,4311775
7.304403438151015e+03,7.300874026386309e+03,1.176470588235294e+00,4311774
7.308445855116737e+03,7.306681149234384e+03,5.882352941176471e-01,4311777
7.308611108218347e+03,7.306846402335994e+03,5.882352941176471e-01,4311778
7.310210560999089e+03,7.307372458096846e+03,5.882352941176471e-01,4311779
7.310674797959923e+03,7.308910092077570e+03,5.882352941176471e-01,4311780
7.310948000479150e+03,7.305653882832092e+03,1.764705882352941e+00,4311776
7.312712706361503e+03,7.310285808988444e+03,5.882352941176471e-01,4311783
7.313739972763795e+03,7.309514413481172e+03,1.176470588235294e+00,4311781
7.314477412243856e+03,7.312087328955860e+03,5.882352941176471e-01,4311784
7.315968915606982e+03,7.309672006600153e+03,1.764705882352941e+00,4311782
7.317968264271176e+03,7.316203558388823e+03,5.882352941176471e-01,4311786
7.319997517779299e+03,7.314703400132241e+03,1.764705882352941e+00,4311785
7.322901948303101e+03,7.317607830656042e+03,1.764705882352941e+00,4311787
7.325227937414833e+03,7.323463231532480e+03,5.882352941176471e-01,4311790
7.325433349345064e+03,7.320139231698005e+03,1.764705882352941e+00,4311788
7.326992643297186e+03,7.323485626823645e+03,5.882352941176471e-01,4311791
7.327181540948622e+03,7.321887423301563e+03,1.764705882352941e+00,4311789
7.327198055227416e+03,7.323741857270471e+03,5.882352941176471e-01,4311792
7.328757349179539e+03,7.324096969082649e+03,5.882352941176471e-01,4311793
7.328946246830975e+03,7.324250015246207e+03,5.882352941176471e-01,4311794
7.328962761109769e+03,7.324269557008799e+03,5.882352941176471e-01,4311795
7.330522055061891e+03,7.324901861694269e+03,5.882352941176471e-01,4311796
7.330710952713328e+03,7.326367012524681e+03,5.882352941176471e-01,4311797
7.332286760944244e+03,7.328124270792503e+03,5.882352941176471e-01,4311799
7.334051466826597e+03,7.329263633581902e+03,5.882352941176471e-01,4311801
7.334256878756828e+03,7.327622130793179e+03,1.764705882352941e+00,4311798
7.336005070360387e+03,7.328179038027720e+03,1.764705882352941e+00,4311800
7.339345584473656e+03,7.332233951775460e+03,1.764705882352941e+00,4311802
7.339550996403887e+03,7.333690808264745e+03,1.764705882352941e+00,4311803
7.345658289546596e+03,7.343893583664243e+03,5.882352941176471e-01,4311805
7.346262519456778e+03,7.340968401809719e+03,1.764705882352941e+00,4311804
7.348647870112681e+03,7.346883164230328e+03,5.882352941176471e-01,4311806
7.350176655121389e+03,7.348411949239036e+03,5.882352941176471e-01,4311807
7.352589376610551e+03,7.350824670728199e+03,5.882352941176471e-01,4311808
7.353430501552898e+03,7.351665795670545e+03,5.882352941176471e-01,4311809
7.353496310790027e+03,7.351731604907674e+03,5.882352941176471e-01,4311810
7.356283356073645e+03,7.354518650191292e+03,5.882352941176471e-01,4311811
7.357890348312566e+03,7.356125642430213e+03,5.882352941176471e-01,4311812
7.361632991236532e+03,7.356338873589474e+03,1.764705882352941e+00,4311813
7.361813068967640e+03,7.356518951320581e+03,1.764705882352941e+00,4311814
7.363184465959625e+03,7.357020274100577e+03,1.764705882352941e+00,4311815
7.363397697118885e+03,7.359409292307273e+03,5.882352941176471e-01,4311816
7.363577774849993e+03,7.361450936007840e+03,5.882352941176471e-01,4311817
7.366713877724331e+03,7.362642974016392e+03,1.176470588235294e+00,4311818
7.370426346845659e+03,7.368661640963306e+03,5.882352941176471e-01,4311821
7.372865322342379e+03,7.367571204695321e+03,1.764705882352941e+00,4311819
7.373583022356201e+03,7.371818316473848e+03,5.882352941176471e-01,4311822
7.373615253430348e+03,7.368321135783289e+03,1.764705882352941e+00,4311820
7.374630028224732e+03,7.371906776443854e+03,5.882352941176471e-01,4311823
7.375347728238554e+03,7.373082584773633e+03,5.882352941176471e-01,4311824
7.376733281038829e+03,7.374968575156476e+03,5.882352941176471e-01,4311825
7.379763472764460e+03,7.377998766882107e+03,5.882352941176471e-01,4311826
7.380037868665451e+03,7.378273162783098e+03,5.882352941176471e-01,4311827
7.382175521126745e+03,7.380410815244392e+03,5.882352941176471e-01,4311829
7.383135028167300e+03,7.381370322284947e+03,5.882352941176471e-01,4311830
7.384078087320725e+03,7.378783969673667e+03,1.764705882352941e+00,4311828
7.386640380542734e+03,7.384875674660381e+03,5.882352941176471e-01,4311831
7.390111945507333e+03,7.388347239624981e+03,5.882352941176471e-01,4311832
7.390546630356564e+03,7.388781924474211e+03,5.882352941176471e-01,4311833
7.392015081252258e+03,7.390250375369905e+03,5.882352941176471e-01,4311834
7.392064208852105e+03,7.390299502969752e+03,5.882352941176471e-01,4311835
7.392405760362906e+03,7.390641054480553e+03,5.882352941176471e-01,4311836
7.393779787134610e+03,7.391734117939757e+03,5.882352941176471e-01,4311837
7.394839391180973e+03,7.393074685298620e+03,5.882352941176471e-01,4311838
7.395713340049081e+03,7.393948634166728e+03,5.882352941176471e-01,4311839
7.399527069649365e+03,7.395997657884659e+03,1.176470588235294e+00,4311840
7.402325664380527e+03,7.400560958498174e+03,5.882352941176471e-01,4311842
7.405369093879752e+03,7.400074976232693e+03,1.764705882352941e+00,4311841
7.405989721921298e+03,7.400695604274239e+03,1.764705882352941e+00,4311843
7.407786700308200e+03,7.402492582661142e+03,1.764705882352941e+00,4311844
7.408898505644458e+03,7.402504704744438e+03,1.176470588235294e+00,4311845
7.409551406190553e+03,7.403179229621522e+03,5.882352941176471e-01,4311847
7.410663211526810e+03,7.404050422186286e+03,5.882352941176471e-01,4311848
7.411283839568357e+03,7.402920502564268e+03,1.764705882352941e+00,4311846
7.412427917409163e+03,7.406675055869225e+03,5.882352941176471e-01,4311850
7.414192623291516e+03,7.407149671405890e+03,5.882352941176471e-01,4311852
7.414845523837612e+03,7.406340056687956e+03,1.764705882352941e+00,4311849
7.415957329173869e+03,7.414031554377965e+03,5.882352941176471e-01,4311853
7.416577957215415e+03,7.407051712890998e+03,1.764705882352941e+00,4311851
7.418736867277561e+03,7.416972161395208e+03,5.882352941176471e-01,4311855
7.421339925997315e+03,7.419575220114962e+03,5.882352941176471e-01,4311856
7.421641282760315e+03,7.419876576877962e+03,5.882352941176471e-01,4311857
7.422021389254918e+03,7.416727271607860e+03,1.764705882352941e+00,4311854
7.425444316715205e+03,7.423679610832852e+03,5.882352941176471e-01,4311858
7.428338557824723e+03,7.426573851942370e+03,5.882352941176471e-01,4311860
7.431646906126431e+03,7.426352788479372e+03,1.764705882352941e+00,4311859
7.433411612008784e+03,7.428740573898167e+03,5.882352941176471e-01,4311863
7.433669276746585e+03,7.428375159099526e+03,1.764705882352941e+00,4311861
7.434000628647508e+03,7.428706511000449e+03,1.764705882352941e+00,4311862
7.438705729655843e+03,7.431216568682635e+03,1.764705882352941e+00,4311864
7.442015140623819e+03,7.436721022976760e+03,1.764705882352941e+00,4311865
7.442061075397023e+03,7.436766957749964e+03,1.764705882352941e+00,4311866
7.443999847302902e+03,7.437637737095625e+03,1.764705882352941e+00,4311867
7.447309258270878e+03,7.439783115885142e+03,1.764705882352941e+00,4311868
7.449614818105536e+03,7.447850112223183e+03,5.882352941176471e-01,4311869
7.451160894525119e+03,7.449396188642766e+03,5.882352941176471e-01,4311870
7.451451325121367e+03,7.449686619239014e+03,5.882352941176471e-01,4311871
7.452121894222667e+03,7.450357188340314e+03,5.882352941176471e-01,4311872
7.457746191565706e+03,7.455981485683353e+03,5.882352941176471e-01,4311873
7.458314105053403e+03,7.456549399171050e+03,5.882352941176471e-01,4311875
7.460078810935755e+03,7.457644591473739e+03,5.882352941176471e-01,4311877
7.461308026797696e+03,7.456013909150637e+03,1.764705882352941e+00,4311874
7.463040309212765e+03,7.456939277296612e+03,1.764705882352941e+00,4311876
7.463072732680049e+03,7.458439008795103e+03,5.882352941176471e-01,4311879
7.464837438562402e+03,7.459658523816436e+03,5.882352941176471e-01,4311881
7.465372928582814e+03,7.458327959274225e+03,1.764705882352941e+00,4311878
7.466569720977471e+03,7.459430598051093e+03,1.176470588235294e+00,4311880
7.467137634465167e+03,7.460689887424060e+03,5.882352941176471e-01,4311883
7.468334426859824e+03,7.460718240776543e+03,5.882352941176471e-01,4311884
7.468902340347520e+03,7.462652705336789e+03,5.882352941176471e-01,4311885
7.470099132742177e+03,7.463045284906738e+03,5.882352941176471e-01,4311886
7.470131556209461e+03,7.460542717114026e+03,1.764705882352941e+00,4311882
7.471863838624530e+03,7.465134773482087e+03,5.882352941176471e-01,4311888
7.471896262091814e+03,7.465718505979963e+03,5.882352941176471e-01,4311889
7.473628544506883e+03,7.470010828311455e+03,5.882352941176471e-01,4311890
7.473660967974167e+03,7.471388181231901e+03,5.882352941176471e-01,4311891
7.474196457994579e+03,7.464784903762589e+03,1.764705882352941e+00,4311887
7.475425673856520e+03,7.472001102591255e+03,5.882352941176471e-01,4311893
7.475961163876932e+03,7.472857575662058e+03,5.882352941176471e-01,4311894
7.477725869759285e+03,7.474553542397575e+03,5.882352941176471e-01,4311896
7.478922662153942e+03,7.471538304878695e+03,1.764705882352941e+00,4311892
7.479490575641638e+03,7.475826693528371e+03,5.882352941176471e-01,4311897
7.480687368036295e+03,7.476086246899979e+03,5.882352941176471e-01,4311898
7.480719791503578e+03,7.474360671945929e+03,1.764705882352941e+00,4311895
7.481255281523991e+03,7.477847640283952e+03,5.882352941176471e-01,4311899
7.482702805610358e+03,7.480938099728005e+03,5.882352941176471e-01,4311901
7.484166771875835e+03,7.482402065993482e+03,5.882352941176471e-01,4311902
7.484467511492711e+03,7.482685001231792e+03,5.882352941176471e-01,4311903
7.485981485683353e+03,7.480570755376657e+03,1.764705882352941e+00,4311900
7.488221162961663e+03,7.486456457079310e+03,5.882352941176471e-01,4311904
7.493334930352144e+03,7.491570224469792e+03,5.882352941176471e-01,4311906
7.493761816508608e+03,7.488467698861549e+03,1.764705882352941e+00,4311905
7.497035264299371e+03,7.495270558417018e+03,5.882352941176471e-01,4311909
7.497563835418131e+03,7.492269717771072e+03,1.764705882352941e+00,4311907
7.498629047999203e+03,7.493077782202443e+03,1.764705882352941e+00,4311908
7.499328541300484e+03,7.497241784543969e+03,5.882352941176471e-01,4311911
7.502329381946430e+03,7.496815647240963e+03,1.764705882352941e+00,4311910
7.502989357590081e+03,7.501224651707728e+03,5.882352941176471e-01,4311912
7.506302445357412e+03,7.504537739475059e+03,5.882352941176471e-01,4311913
7.507093712919359e+03,7.505329007037006e+03,5.882352941176471e-01,4311914
7.508893836049216e+03,7.507129130166863e+03,5.882352941176471e-01,4311915
7.509362898579704e+03,7.507598192697351e+03,5.882352941176471e-01,4311916
7.511955955064071e+03,7.510191249181718e+03,5.882352941176471e-01,4311917
7.513430894503281e+03,7.511666188620928e+03,5.882352941176471e-01,4311918
7.514987013118113e+03,7.513222307235760e+03,5.882352941176471e-01,4311919
7.517471564299569e+03,7.515706858417216e+03,5.882352941176471e-01,4311921
7.517904853959168e+03,7.516140148076815e+03,5.882352941176471e-01,4311922
7.519571847004922e+03,7.517807141122569e+03,5.882352941176471e-01,4311923
7.519653547662705e+03,7.514359430015646e+03,1.764705882352941e+00,4311920
7.521468070706586e+03,7.517938658941880e+03,1.176470588235294e+00,4311924
7.524606815038905e+03,7.522842109156552e+03,5.882352941176471e-01,4311925
7.524752526656096e+03,7.522987820773743e+03,5.882352941176471e-01,4311926
7.528652825286602e+03,7.526888119404249e+03,5.882352941176471e-01,4311928
7.530203347071066e+03,7.528438641188713e+03,5.882352941176471e-01,4311929
7.531581180134698e+03,7.529816474252345e+03,5.882352941176471e-01,4311930
7.531890616447479e+03,7.526596498800420e+03,1.764705882352941e+00,4311927
7.536684562820688e+03,7.531390445173629e+03,1.764705882352941e+00,4311931
7.536947634057875e+03,7.533418222293169e+03,1.176470588235294e+00,4311932
7.538207248098890e+03,7.534677836334184e+03,1.176470588235294e+00,4311933
7.538449268703041e+03,7.534916127295221e+03,5.882352941176471e-01,4311934
7.540672677356923e+03,7.538907971474570e+03,5.882352941176471e-01,4311937
7.542241751704934e+03,7.536574844020354e+03,1.764705882352941e+00,4311935
7.543501365745949e+03,7.537354165463974e+03,1.764705882352941e+00,4311936
7.544205957424473e+03,7.542441251542120e+03,5.882352941176471e-01,4311938
7.546737521229343e+03,7.543208109464637e+03,1.176470588235294e+00,4311939
7.547030777510655e+03,7.543462121010252e+03,1.176470588235294e+00,4311940
7.549500075071532e+03,7.543747763766310e+03,1.764705882352941e+00,4311941
7.551111224150262e+03,7.547581812385556e+03,1.176470588235294e+00,4311942
7.551750595415875e+03,7.548221183651169e+03,1.176470588235294e+00,4311943
7.553786009977879e+03,7.552021304095526e+03,5.882352941176471e-01,4311944
7.557678996618773e+03,7.554149584854067e+03,1.176470588235294e+00,4311945
7.557962310756769e+03,7.554432898992063e+03,1.176470588235294e+00,4311946
7.559443702501126e+03,7.555598110175274e+03,5.882352941176471e-01,4311948
7.559825725571216e+03,7.554531607924157e+03,1.764705882352941e+00,4311947
7.560832321255342e+03,7.559067615372989e+03,5.882352941176471e-01,4311949
7.564415322582573e+03,7.562650616700220e+03,5.882352941176471e-01,4311950
7.566902899777941e+03,7.565138193895588e+03,5.882352941176471e-01,4311951
7.567101108122147e+03,7.565336402239794e+03,5.882352941176471e-01,4311952
7.568964516133280e+03,7.567199810250927e+03,5.882352941176471e-01,4311953
7.572045957041179e+03,7.570281251158826e+03,5.882352941176471e-01,4311954
7.574386206982126e+03,7.572621501099773e+03,5.882352941176471e-01,4311955
7.576311973375213e+03,7.574547267492860e+03,5.882352941176471e-01,4311956
7.577782039643066e+03,7.576017333760713e+03,5.882352941176471e-01,4311958
7.579635676519330e+03,7.577870970636977e+03,5.882352941176471e-01,4311959
7.581104386112860e+03,7.575810268465801e+03,1.764705882352941e+00,4311957
7.582701703948532e+03,7.579172292183826e+03,1.176470588235294e+00,4311960
7.582795059352733e+03,7.581030353470380e+03,5.882352941176471e-01,4311961
7.584094514159089e+03,7.582329808276736e+03,5.882352941176471e-01,4311962
7.585584742947334e+03,7.583820037064981e+03,5.882352941176471e-01,4311963
7.586420901200339e+03,7.584656195317986e+03,5.882352941176471e-01,4311964
7.587743306564790e+03,7.585978600682437e+03,5.882352941176471e-01,4311965
7.588864738268795e+03,7.587100032386442e+03,5.882352941176471e-01,4311967
7.590629444151148e+03,7.587708482068592e+03,5.882352941176471e-01,4311969
7.591272718329496e+03,7.587665808932010e+03,1.176470588235294e+00,4311968
7.591866928694940e+03,7.586572811047882e+03,1.764705882352941e+00,4311966
7.595923561798207e+03,7.589900219075739e+03,1.764705882352941e+00,4311970
7.596696737334807e+03,7.591402619687748e+03,1.764705882352941e+00,4311971
7.597688267680560e+03,7.594060518861301e+03,5.882352941176471e-01,4311973
7.597841926771004e+03,7.592547809123945e+03,1.764705882352941e+00,4311972
7.598461443217160e+03,7.594264768080759e+03,5.882352941176471e-01,4311974
7.599606632653357e+03,7.595119255532858e+03,5.882352941176471e-01,4311976
7.601990854981866e+03,7.595454071288445e+03,1.176470588235294e+00,4311977
7.602982385327619e+03,7.594560442676355e+03,1.764705882352941e+00,4311975
7.604900750300415e+03,7.595944740287609e+03,1.764705882352941e+00,4311978
7.606665456182768e+03,7.597135475900370e+03,5.882352941176471e-01,4311981
7.607284972628925e+03,7.596326368307161e+03,1.764705882352941e+00,4311979
7.608276502974678e+03,7.596955742399515e+03,1.764705882352941e+00,4311980
7.608430162065121e+03,7.598125149969812e+03,5.882352941176471e-01,4311982
7.609049678511278e+03,7.598181544521885e+03,5.882352941176471e-01,4311983
7.610041208857031e+03,7.599111827953415e+03,5.882352941176471e-01,4311984
7.610194867947474e+03,7.599983575556403e+03,5.882352941176471e-01,4311985
7.611805914739384e+03,7.602084222263078e+03,5.882352941176471e-01,4311987
7.611959573829827e+03,7.603464830964914e+03,5.882352941176471e-01,4311988
7.614343796158337e+03,7.601063573015226e+03,1.764705882352941e+00,4311986
7.615488985594533e+03,7.605086724230623e+03,1.176470588235294e+00,4311990
7.616108502040690e+03,7.608758772801977e+03,5.882352941176471e-01,4311991
7.617100032386442e+03,7.604986998298233e+03,1.764705882352941e+00,4311989
7.617253691476886e+03,7.610721185683951e+03,5.882352941176471e-01,4311992
7.617873207923042e+03,7.612259812924435e+03,5.882352941176471e-01,4311993
7.619018397359239e+03,7.613412290961942e+03,5.882352941176471e-01,4311995
7.620783103241592e+03,7.615253624704527e+03,5.882352941176471e-01,4311997
7.622394150033501e+03,7.612609129435421e+03,1.764705882352941e+00,4311994
7.622547809123945e+03,7.616412978259053e+03,5.882352941176471e-01,4311998
7.623167325570101e+03,7.615217615242323e+03,1.764705882352941e+00,4311996
7.624158855915854e+03,7.617008870658740e+03,5.882352941176471e-01,4311999
7.624312515006298e+03,7.617414293435334e+03,5.882352941176471e-01,4312000
7.625923561798207e+03,7.618244811253352e+03,5.882352941176471e-01,4312002
7.626077220888651e+03,7.620907087121882e+03,5.882352941176471e-01,4312003
7.626696737334807e+03,7.617580849677203e+03,1.176470588235294e+00,4312001
7.627841926771004e+03,7.621424103799494e+03,5.882352941176471e-01,4312005
7.629606632653357e+03,7.627481832551134e+03,5.882352941176471e-01,4312007
7.631217679445266e+03,7.621205168988055e+03,1.764705882352941e+00,4312004
7.631990854981866e+03,7.622929592899460e+03,1.764705882352941e+00,4312006
7.634505318439639e+03,7.632740612557286e+03,5.882352941176471e-01,4312008
7.635075321715514e+03,7.633310615833161e+03,5.882352941176471e-01,4312010
7.636270024321992e+03,7.633531609696329e+03,5.882352941176471e-01,4312011
7.636840027597867e+03,7.634146882141209e+03,5.882352941176471e-01,4312012
7.638034730204345e+03,7.634400037515117e+03,5.882352941176471e-01,4312013
7.638408416392435e+03,7.633114298745376e+03,1.764705882352941e+00,4312009
7.640369439362573e+03,7.634537411783365e+03,1.176470588235294e+00,4312014
7.641085556984088e+03,7.639320851101735e+03,5.882352941176471e-01,4312016
7.642480548935748e+03,7.640715843053395e+03,5.882352941176471e-01,4312017
7.643358837782992e+03,7.641594131900639e+03,5.882352941176471e-01,4312018
7.643400638043898e+03,7.638106520396839e+03,1.764705882352941e+00,4312015
7.646009960700453e+03,7.642021462046385e+03,1.176470588235294e+00,4312019
7.646401274250792e+03,7.644636568368439e+03,5.882352941176471e-01,4312020
7.647314372371365e+03,7.645549666489012e+03,5.882352941176471e-01,4312021
7.648210451295321e+03,7.646445745412968e+03,5.882352941176471e-01,4312023
7.649539372465159e+03,7.645990762851428e+03,1.176470588235294e+00,4312022
7.650280225291915e+03,7.648515519409562e+03,5.882352941176471e-01,4312025
7.652608490018424e+03,7.646861980994017e+03,1.764705882352941e+00,4312024
7.654530545820909e+03,7.652765839938556e+03,5.882352941176471e-01,4312027
7.655524473849299e+03,7.651995062084593e+03,1.176470588235294e+00,4312026
7.659593307410635e+03,7.656063895645929e+03,1.176470588235294e+00,4312029
7.660486715220816e+03,7.655192597573757e+03,1.764705882352941e+00,4312028
7.661429538969803e+03,7.656135421322745e+03,1.764705882352941e+00,4312030
7.663194244852156e+03,7.656702285101146e+03,5.882352941176471e-01,4312033
7.664887425057694e+03,7.656377261614581e+03,1.764705882352941e+00,4312031
7.664958950734509e+03,7.656732513561091e+03,5.882352941176471e-01,4312034
7.665780832867875e+03,7.656538374787495e+03,1.764705882352941e+00,4312032
7.666723656616862e+03,7.660580234259609e+03,5.882352941176471e-01,4312036
7.668416836822400e+03,7.656733784947337e+03,1.176470588235294e+00,4312035
7.668488362499215e+03,7.664298090451057e+03,5.882352941176471e-01,4312038
7.670181542704753e+03,7.664602097383915e+03,5.882352941176471e-01,4312039
7.671074950514934e+03,7.660840120784392e+03,1.764705882352941e+00,4312037
7.673782480146274e+03,7.666392238522901e+03,1.764705882352941e+00,4312040
7.675475660351812e+03,7.669768191463276e+03,1.764705882352941e+00,4312041
7.676369068161993e+03,7.670517407398275e+03,1.764705882352941e+00,4312042
7.679005072116517e+03,7.670747296992210e+03,1.176470588235294e+00,4312044
7.679076597793333e+03,7.670566066308053e+03,1.764705882352941e+00,4312043
7.680769777998870e+03,7.675652193467147e+03,5.882352941176471e-01,4312046
7.680841303675686e+03,7.677990111852081e+03,5.882352941176471e-01,4312047
7.681663185809051e+03,7.672249616505615e+03,1.764705882352941e+00,4312045
7.682606009558039e+03,7.678499148852790e+03,5.882352941176471e-01,4312049
7.686063895645929e+03,7.678490308491372e+03,1.764705882352941e+00,4312048
7.686172337335517e+03,7.682642925570811e+03,1.176470588235294e+00,4312050
7.687467710547267e+03,7.685703004664914e+03,5.882352941176471e-01,4312051
7.692038030860546e+03,7.690273324978193e+03,5.882352941176471e-01,4312053
7.692582219464790e+03,7.689052807700084e+03,1.176470588235294e+00,4312052
7.696838589180684e+03,7.691544471533625e+03,1.764705882352941e+00,4312054
7.697332148507605e+03,7.691905112239281e+03,1.764705882352941e+00,4312055
7.697876337111848e+03,7.692233480546387e+03,1.764705882352941e+00,4312056
7.701350431503974e+03,7.699585725621621e+03,5.882352941176471e-01,4312058
7.702132706827743e+03,7.696652137394571e+03,1.764705882352941e+00,4312057
7.702804907148260e+03,7.701040201265907e+03,5.882352941176471e-01,4312059
7.703115137386327e+03,7.701256590729858e+03,5.882352941176471e-01,4312060
7.703897412710096e+03,7.702109550074348e+03,5.882352941176471e-01,4312061
7.704823618210136e+03,7.703058912327783e+03,5.882352941176471e-01,4312062
7.705185423219007e+03,7.703420717336654e+03,5.882352941176471e-01,4312063
7.709580229438858e+03,7.707815523556505e+03,5.882352941176471e-01,4312065
7.710749962636508e+03,7.705455844989449e+03,1.764705882352941e+00,4312064
7.711466241675820e+03,7.709701535793467e+03,5.882352941176471e-01,4312066
7.713350718907265e+03,7.711586013024912e+03,5.882352941176471e-01,4312068
7.713443194925016e+03,7.711678489042663e+03,5.882352941176471e-01,4312069
7.715107267807485e+03,7.709813150160426e+03,1.764705882352941e+00,4312067
7.715115424789618e+03,7.712013172518042e+03,5.882352941176471e-01,4312070
7.715207900807369e+03,7.712519784438127e+03,5.882352941176471e-01,4312071
7.716972606689722e+03,7.714126761376064e+03,5.882352941176471e-01,4312074
7.718644836554324e+03,7.714016872156111e+03,1.176470588235294e+00,4312073
7.718737312572075e+03,7.714910333577205e+03,5.882352941176471e-01,4312075
7.720401385454543e+03,7.713013988517294e+03,1.764705882352941e+00,4312072
7.720409542436676e+03,7.716390335182180e+03,5.882352941176471e-01,4312076
7.722166091336896e+03,7.718202849523737e+03,5.882352941176471e-01,4312078
7.722174248319029e+03,7.719299971882081e+03,5.882352941176471e-01,4312079
7.723930797219249e+03,7.721727882244046e+03,5.882352941176471e-01,4312080
7.724031430219133e+03,7.716936126239094e+03,1.764705882352941e+00,4312077
7.733580637386385e+03,7.728286519739326e+03,1.764705882352941e+00,4312081
7.734759034918944e+03,7.732994329036591e+03,5.882352941176471e-01,4312082
7.737822869877228e+03,7.736058163994875e+03,5.882352941176471e-01,4312084
7.741104143165205e+03,7.735810025518147e+03,1.764705882352941e+00,4312083
7.744918812309292e+03,7.741389400544586e+03,1.176470588235294e+00,4312085
7.746953668068785e+03,7.743424256304079e+03,1.176470588235294e+00,4312086
7.748179145692245e+03,7.746414439809892e+03,5.882352941176471e-01,4312087
7.755409845884553e+03,7.753645140002200e+03,5.882352941176471e-01,4312089
7.757547867269543e+03,7.754018455504837e+03,1.176470588235294e+00,4312090
7.757623542335348e+03,7.752329424688289e+03,1.764705882352941e+00,4312088
7.765006173367123e+03,7.761476761602417e+03,1.176470588235294e+00,4312091
7.766361285237901e+03,7.762831873473195e+03,1.176470588235294e+00,4312092
7.768327692673201e+03,7.763033575026142e+03,1.764705882352941e+00,4312093
7.768535585131829e+03,7.763227962327879e+03,1.176470588235294e+00,4312094
7.770092398555554e+03,7.765338271331360e+03,5.882352941176471e-01,4312096
7.770300291014182e+03,7.768170042236843e+03,5.882352941176471e-01,4312097
7.771655402884960e+03,7.764342244791146e+03,1.764705882352941e+00,4312095
7.773420108767313e+03,7.771463777388721e+03,5.882352941176471e-01,4312100
7.773829702778888e+03,7.770134773164255e+03,1.176470588235294e+00,4312099
7.775184814649666e+03,7.771959431885753e+03,5.882352941176471e-01,4312101
7.775386516202613e+03,7.768976498237917e+03,1.764705882352941e+00,4312098
7.775594408661241e+03,7.772847142043755e+03,5.882352941176471e-01,4312102
7.776949520532018e+03,7.773412390773074e+03,5.882352941176471e-01,4312103
7.777151222084966e+03,7.775250961217567e+03,5.882352941176471e-01,4312104
7.779241367500417e+03,7.777476661618064e+03,5.882352941176471e-01,4312106
7.780753299436563e+03,7.778988593554210e+03,5.882352941176471e-01,4312107
7.781475113010855e+03,7.776180995363797e+03,1.764705882352941e+00,4312105
7.784053688428776e+03,7.782288982546423e+03,5.882352941176471e-01,4312108
7.788498562217009e+03,7.784969150452303e+03,1.176470588235294e+00,4312109
7.791136755031634e+03,7.785842637384575e+03,1.764705882352941e+00,4312110
7.793310649210866e+03,7.791545943328513e+03,5.882352941176471e-01,4312111
7.793946833635317e+03,7.792182127752965e+03,5.882352941176471e-01,4312112
7.799418135796291e+03,7.794124018149232e+03,1.764705882352941e+00,4312113
7.800806520360833e+03,7.799041814478480e+03,5.882352941176471e-01,4312114
7.803020655940788e+03,7.801255950058435e+03,5.882352941176471e-01,4312115
7.804620508571713e+03,7.802855802689360e+03,5.882352941176471e-01,4312117
7.806962282064258e+03,7.801668164417199e+03,1.764705882352941e+00,4312116
7.809802986895314e+03,7.806273575130608e+03,1.176470588235294e+00,4312118
7.811378315110060e+03,7.809613609227707e+03,5.882352941176471e-01,4312120
7.812366240737345e+03,7.810601534854992e+03,5.882352941176471e-01,4312121
7.814662587386993e+03,7.809368469739935e+03,1.764705882352941e+00,4312119
7.815489577264488e+03,7.811960165499782e+03,1.176470588235294e+00,4312122
7.820495572247565e+03,7.818730866365212e+03,5.882352941176471e-01,4312124
7.820928345346527e+03,7.819163639464174e+03,5.882352941176471e-01,4312125
7.822469533745932e+03,7.820704827863579e+03,5.882352941176471e-01,4312126
7.823492979453398e+03,7.818198861806339e+03,1.764705882352941e+00,4312123
7.826343011733199e+03,7.824578305850846e+03,5.882352941176471e-01,4312129
7.828107717615552e+03,7.825092308158164e+03,5.882352941176471e-01,4312130
7.828113865333112e+03,7.822819747686054e+03,1.764705882352941e+00,4312127
7.828406910439109e+03,7.823112792792050e+03,1.764705882352941e+00,4312128
7.829872423497905e+03,7.825500952536145e+03,5.882352941176471e-01,4312131
7.829878571215465e+03,7.826724186883650e+03,5.882352941176471e-01,4312132
7.831637129380258e+03,7.828384404423296e+03,5.882352941176471e-01,4312134
7.831643277097818e+03,7.828401460472164e+03,5.882352941176471e-01,4312135
7.833701028086167e+03,7.827174110673632e+03,1.764705882352941e+00,4312133
7.836213382454847e+03,7.834448676572494e+03,5.882352941176471e-01,4312138
7.836931247027316e+03,7.828544297970465e+03,1.764705882352941e+00,4312136
7.837823587031103e+03,7.832529469384044e+03,1.764705882352941e+00,4312137
7.837978088337200e+03,7.835082866712752e+03,5.882352941176471e-01,4312139
7.838836653259868e+03,7.837071947377516e+03,5.882352941176471e-01,4312140
7.841352998795809e+03,7.837645241500677e+03,1.176470588235294e+00,4312141
7.842851587766642e+03,7.839322176001937e+03,1.176470588235294e+00,4312143
7.843851357831541e+03,7.838557240184482e+03,1.764705882352941e+00,4312142
7.845616063713894e+03,7.842562814864015e+03,5.882352941176471e-01,4312146
7.846380999531348e+03,7.841390813292151e+03,1.176470588235294e+00,4312145
7.846647116442868e+03,7.841327632110397e+03,1.764705882352941e+00,4312144
7.847380769596247e+03,7.844627620248360e+03,5.882352941176471e-01,4312147
7.848411822325221e+03,7.845487910100545e+03,5.882352941176471e-01,4312149
7.849145475478600e+03,7.847372237129132e+03,5.882352941176471e-01,4312150
7.850176528207574e+03,7.848253872591233e+03,5.882352941176471e-01,4312151
7.851675117178407e+03,7.844992138338008e+03,1.764705882352941e+00,4312148
7.853439823060760e+03,7.849432875780425e+03,5.882352941176471e-01,4312154
7.854439593125659e+03,7.848261165508948e+03,1.764705882352941e+00,4312152
7.855470645854632e+03,7.848456797577791e+03,1.764705882352941e+00,4312153
7.855976873102227e+03,7.854212167219874e+03,5.882352941176471e-01,4312155
7.858107210577247e+03,7.856342504694895e+03,5.882352941176471e-01,4312157
7.860115795913098e+03,7.854821678266039e+03,1.764705882352941e+00,4312156
7.860795576134879e+03,7.857266164370173e+03,1.176470588235294e+00,4312158
7.861880501795451e+03,7.858240454976823e+03,5.882352941176471e-01,4312160
7.862560282017232e+03,7.860096531738670e+03,5.882352941176471e-01,4312161
7.863401328224306e+03,7.857569855411022e+03,1.764705882352941e+00,4312159
7.865166034106659e+03,7.861748583554206e+03,5.882352941176471e-01,4312164
7.866089693781937e+03,7.861378728836779e+03,1.176470588235294e+00,4312163
7.866930739989012e+03,7.861800994000264e+03,5.882352941176471e-01,4312165
7.867174619442510e+03,7.861180648886371e+03,1.764705882352941e+00,4312162
7.868695445871365e+03,7.866095267014447e+03,5.882352941176471e-01,4312167
7.869163474809229e+03,7.867398768926876e+03,5.882352941176471e-01,4312168
7.870460151753718e+03,7.867404471569817e+03,5.882352941176471e-01,4312169
7.870928180691581e+03,7.868493046897173e+03,5.882352941176471e-01,4312170
7.871383811428996e+03,7.862775353995592e+03,1.764705882352941e+00,4312166
7.876366238665224e+03,7.871072121018165e+03,1.764705882352941e+00,4312171
7.877244549697776e+03,7.875479843815423e+03,5.882352941176471e-01,4312173
7.878130944547577e+03,7.875719849025386e+03,5.882352941176471e-01,4312174
7.879009255580129e+03,7.875953961213600e+03,5.882352941176471e-01,4312175
7.879539975072231e+03,7.874245857425172e+03,1.764705882352941e+00,4312172
7.882538667344834e+03,7.878998445851333e+03,1.176470588235294e+00,4312177
7.882899694176252e+03,7.881134988293899e+03,5.882352941176471e-01,4312178
7.883425062194636e+03,7.876063661282240e+03,1.764705882352941e+00,4312176
7.884303373227187e+03,7.881447818577419e+03,5.882352941176471e-01,4312179
7.884664400058605e+03,7.882730449377867e+03,5.882352941176471e-01,4312180
7.888167532991578e+03,7.886402827109225e+03,5.882352941176471e-01,4312181
7.891130139418524e+03,7.889365433536171e+03,5.882352941176471e-01,4312182
7.892074925973129e+03,7.890310220090776e+03,5.882352941176471e-01,4312183
7.893639840343865e+03,7.891875134461512e+03,5.882352941176471e-01,4312184
7.893719671438662e+03,7.891954965556309e+03,5.882352941176471e-01,4312185
7.897108756800215e+03,7.895344050917862e+03,5.882352941176471e-01,4312186
7.900505081958826e+03,7.898740376076473e+03,5.882352941176471e-01,4312188
7.902832401583990e+03,7.901067695701637e+03,5.882352941176471e-01,4312190
7.903861704982107e+03,7.898567587335048e+03,1.764705882352941e+00,4312187
7.905626410864460e+03,7.903385302396337e+03,5.882352941176471e-01,4312192
7.905883756012663e+03,7.900589638365604e+03,1.764705882352941e+00,4312189
7.908126519231048e+03,7.901384494027675e+03,1.764705882352941e+00,4312191
7.914315399227957e+03,7.912550693345604e+03,5.882352941176471e-01,4312194
7.914538552340159e+03,7.911009140575453e+03,1.176470588235294e+00,4312193
7.917271270063530e+03,7.915506564181177e+03,5.882352941176471e-01,4312195
7.918424475233852e+03,7.916659769351499e+03,5.882352941176471e-01,4312196
7.919222543139591e+03,7.917457837257238e+03,5.882352941176471e-01,4312198
7.921481355240475e+03,7.919716649358122e+03,5.882352941176471e-01,4312199
7.922628162370360e+03,7.917334044723301e+03,1.764705882352941e+00,4312197
7.925886433750785e+03,7.924121727868432e+03,5.882352941176471e-01,4312201
7.929004971615095e+03,7.923710853968036e+03,1.764705882352941e+00,4312200
7.929975080063512e+03,7.928210374181159e+03,5.882352941176471e-01,4312203
7.930769677497448e+03,7.928937133409909e+03,5.882352941176471e-01,4312204
7.931739785945865e+03,7.929214139490538e+03,5.882352941176471e-01,4312205
7.931827230901466e+03,7.926533113254407e+03,1.764705882352941e+00,4312202
7.937598056608226e+03,7.935833350725873e+03,5.882352941176471e-01,4312207
7.937789798046336e+03,7.932495680399277e+03,1.764705882352941e+00,4312206
7.941255116951463e+03,7.937725705186757e+03,1.176470588235294e+00,4312209
7.942062712110638e+03,7.936768594463580e+03,1.764705882352941e+00,4312208
7.942766234499108e+03,7.939236822734403e+03,1.176470588235294e+00,4312210
7.943827417992991e+03,7.941128089750585e+03,5.882352941176471e-01,4312212
7.944530940381461e+03,7.941276181547220e+03,5.882352941176471e-01,4312213
7.945592123875344e+03,7.941410929080742e+03,5.882352941176471e-01,4312214
7.946549234598522e+03,7.940360615801458e+03,1.764705882352941e+00,4312211
7.947082011894428e+03,7.945317306012075e+03,5.882352941176471e-01,4312215
7.947384794964618e+03,7.945620089082265e+03,5.882352941176471e-01,4312216
7.951774396062622e+03,7.948244984297916e+03,1.176470588235294e+00,4312217
7.954371442293657e+03,7.952606736411304e+03,5.882352941176471e-01,4312218
7.954963175697627e+03,7.953198469815274e+03,5.882352941176471e-01,4312220
7.956136148176010e+03,7.953279818961784e+03,5.882352941176471e-01,4312221
7.957914874859840e+03,7.952620757212781e+03,1.764705882352941e+00,4312219
7.960257293344686e+03,7.953305241655814e+03,1.764705882352941e+00,4312222
7.961430265823069e+03,7.953570961112935e+03,1.764705882352941e+00,4312223
7.962021999227039e+03,7.957280294481677e+03,5.882352941176471e-01,4312225
7.963194971705422e+03,7.957980529698659e+03,5.882352941176471e-01,4312226
7.963208992506898e+03,7.956086716614431e+03,1.764705882352941e+00,4312224
7.964959677587775e+03,7.960291318155193e+03,5.882352941176471e-01,4312228
7.964973698389251e+03,7.960899479486186e+03,5.882352941176471e-01,4312229
7.966724383470128e+03,7.962147192318529e+03,5.882352941176471e-01,4312230
7.966738404271604e+03,7.962247451217080e+03,5.882352941176471e-01,4312231
7.967316116874098e+03,7.958122435009613e+03,1.764705882352941e+00,4312227
7.968489089352481e+03,7.962493902310358e+03,5.882352941176471e-01,4312232
7.968503110153957e+03,7.963441666735395e+03,5.882352941176471e-01,4312233
7.969080822756451e+03,7.966774896390927e+03,5.882352941176471e-01,4312234
7.970267816036310e+03,7.968238693712394e+03,5.882352941176471e-01,4312236
7.972032521918663e+03,7.968991744546094e+03,5.882352941176471e-01,4312238
7.973783206999540e+03,7.967248188203137e+03,1.764705882352941e+00,4312235
7.974109618277684e+03,7.972344912395331e+03,5.882352941176471e-01,4312239
7.974374940403509e+03,7.968521658928988e+03,1.764705882352941e+00,4312237
7.977042122656760e+03,7.975277416774407e+03,5.882352941176471e-01,4312240
7.978702244998592e+03,7.976937539116239e+03,5.882352941176471e-01,4312242
7.980630488301667e+03,7.975336370654609e+03,1.764705882352941e+00,4312241
7.982505847505125e+03,7.977211729858066e+03,1.764705882352941e+00,4312243
7.983283392479863e+03,7.981518686597510e+03,5.882352941176471e-01,4312245
7.985187254019723e+03,7.979893136372664e+03,1.764705882352941e+00,4312244
7.991697831154083e+03,7.988168419389377e+03,1.176470588235294e+00,4312248
7.992150089168697e+03,7.986855971521638e+03,1.764705882352941e+00,4312246
7.992231065869218e+03,7.986936948222159e+03,1.764705882352941e+00,4312247
7.993914795051050e+03,7.990377931833039e+03,5.882352941176471e-01,4312250
7.993995771751571e+03,7.990593185494288e+03,5.882352941176471e-01,4312251
7.995679500933403e+03,7.991674664031306e+03,5.882352941176471e-01,4312252
7.995760477633924e+03,7.993568563975257e+03,5.882352941176471e-01,4312253
7.996991948801142e+03,7.989126257305789e+03,1.764705882352941e+00,4312249
7.998998405857868e+03,7.997233699975515e+03,5.882352941176471e-01,4312254
8.002763442413875e+03,8.000998736531522e+03,5.882352941176471e-01,4312257
8.003337439515760e+03,7.998043321868701e+03,1.764705882352941e+00,4312255
8.003614341813419e+03,8.000084930048714e+03,1.176470588235294e+00,4312256
8.006069479541502e+03,8.004304773659149e+03,5.882352941176471e-01,4312260
8.006292854178581e+03,8.002104953873279e+03,1.176470588235294e+00,4312258
8.008631557162819e+03,8.002598276817418e+03,1.764705882352941e+00,4312259
8.013411217966517e+03,8.011646512084164e+03,5.882352941176471e-01,4312261
8.014000793112428e+03,8.012236087230075e+03,5.882352941176471e-01,4312262
8.014748193278408e+03,8.012983487396055e+03,5.882352941176471e-01,4312263
8.015175923848869e+03,8.013326418253767e+03,5.882352941176471e-01,4312264
8.017530204877134e+03,8.013488477805096e+03,1.176470588235294e+00,4312265
8.019291009790418e+03,8.017526303908065e+03,5.882352941176471e-01,4312267
8.020083378846969e+03,8.014789261199910e+03,1.764705882352941e+00,4312266
8.020518437864051e+03,8.018753731981698e+03,5.882352941176471e-01,4312268
8.021055715672771e+03,8.019276957917732e+03,5.882352941176471e-01,4312269
8.029799482102107e+03,8.026270070337401e+03,1.176470588235294e+00,4312272
8.030056448764996e+03,8.024762331117937e+03,1.764705882352941e+00,4312270
8.030334521504511e+03,8.025040403857452e+03,1.764705882352941e+00,4312271
8.032099227386864e+03,8.027305920619894e+03,5.882352941176471e-01,4312275
8.033863933269217e+03,8.027513726055946e+03,5.882352941176471e-01,4312276
8.035093599749166e+03,8.026283810198445e+03,1.764705882352941e+00,4312273
8.035350566412055e+03,8.026617547570701e+03,1.764705882352941e+00,4312274
8.035628639151570e+03,8.027781393267565e+03,5.882352941176471e-01,4312277
8.036858305631519e+03,8.030298168912225e+03,5.882352941176471e-01,4312278
8.037115272294408e+03,8.032230498358365e+03,5.882352941176471e-01,4312279
8.037393345033923e+03,8.032390012611476e+03,5.882352941176471e-01,4312280
8.038623011513872e+03,8.034474030823427e+03,5.882352941176471e-01,4312281
8.040644684059114e+03,8.035767155342270e+03,1.176470588235294e+00,4312282
8.043470943999112e+03,8.038176826352053e+03,1.764705882352941e+00,4312283
8.043593216623265e+03,8.041828510740912e+03,5.882352941176471e-01,4312285
8.045484457880588e+03,8.040190340233529e+03,1.764705882352941e+00,4312284
8.049532656346642e+03,8.044238538699584e+03,1.764705882352941e+00,4312286
8.050627849631607e+03,8.045333731984548e+03,1.764705882352941e+00,4312287
8.051297362228995e+03,8.048289330750914e+03,5.882352941176471e-01,4312289
8.052392555513960e+03,8.048975742943704e+03,5.882352941176471e-01,4312290
8.052561066442465e+03,8.047266948795406e+03,1.764705882352941e+00,4312288
8.054157261396313e+03,8.049872509532451e+03,5.882352941176471e-01,4312292
8.054325772324818e+03,8.051791758996391e+03,5.882352941176471e-01,4312293
8.056591479876054e+03,8.049791150244003e+03,1.764705882352941e+00,4312291
8.057274350391153e+03,8.055509644508800e+03,5.882352941176471e-01,4312294
8.058293917622942e+03,8.056529211740589e+03,5.882352941176471e-01,4312295
8.059212426696165e+03,8.057447720813812e+03,5.882352941176471e-01,4312296
8.061823329387648e+03,8.058041271812917e+03,1.176470588235294e+00,4312298
8.063285510323963e+03,8.057991392676904e+03,1.764705882352941e+00,4312297
8.064506544343224e+03,8.058129498807027e+03,1.764705882352941e+00,4312299
8.065050216206316e+03,8.058416353969904e+03,5.882352941176471e-01,4312301
8.066271250225577e+03,8.059813843313281e+03,5.882352941176471e-01,4312302
8.066814922088669e+03,8.062501490412329e+03,5.882352941176471e-01,4312303
8.067117447034707e+03,8.058324861142702e+03,1.764705882352941e+00,4312300
8.068035956107930e+03,8.062683759508777e+03,5.882352941176471e-01,4312304
8.068579627971022e+03,8.063934886280415e+03,5.882352941176471e-01,4312305
8.068882152917060e+03,8.064297605570597e+03,5.882352941176471e-01,4312306
8.069800661990283e+03,8.064969185526346e+03,5.882352941176471e-01,4312307
8.070344333853375e+03,8.067023545491242e+03,5.882352941176471e-01,4312308
8.071565367872636e+03,8.067777963419909e+03,5.882352941176471e-01,4312310
8.072109039735728e+03,8.068489785101913e+03,5.882352941176471e-01,4312311
8.072411564681766e+03,8.067398986568542e+03,1.176470588235294e+00,4312309
8.077243017316210e+03,8.075478311433857e+03,5.882352941176471e-01,4312312
8.081484986554652e+03,8.077955574789946e+03,1.176470588235294e+00,4312313
8.081910326705865e+03,8.080145620823512e+03,5.882352941176471e-01,4312314
8.086988732697731e+03,8.085224026815378e+03,5.882352941176471e-01,4312317
8.087238030639954e+03,8.083708618875248e+03,1.176470588235294e+00,4312315
8.088753438580084e+03,8.085458450860819e+03,5.882352941176471e-01,4312318
8.089002736522307e+03,8.085723912711201e+03,5.882352941176471e-01,4312319
8.090116237068728e+03,8.084822119421669e+03,1.764705882352941e+00,4312316
8.091880942951081e+03,8.087035664458629e+03,5.882352941176471e-01,4312322
8.092532148287012e+03,8.086458220310432e+03,1.176470588235294e+00,4312321
8.093645648833434e+03,8.087677988042789e+03,5.882352941176471e-01,4312323
8.094047556227143e+03,8.085855927668951e+03,1.764705882352941e+00,4312320
8.094296854169365e+03,8.087828412321546e+03,5.882352941176471e-01,4312324
8.095410354715787e+03,8.087844267012845e+03,5.882352941176471e-01,4312325
8.097175060598140e+03,8.090989543912662e+03,5.882352941176471e-01,4312328
8.098939766480492e+03,8.091750304240305e+03,5.882352941176471e-01,4312329
8.099341673874202e+03,8.088706352368881e+03,1.764705882352941e+00,4312326
8.099590971816424e+03,8.089553264624409e+03,1.764705882352941e+00,4312327
8.100704472362845e+03,8.092334906172276e+03,5.882352941176471e-01,4312330
8.101355677698777e+03,8.094390597388245e+03,5.882352941176471e-01,4312332
8.102469178245198e+03,8.095413273613039e+03,5.882352941176471e-01,4312333
8.103120383581130e+03,8.095753420589747e+03,5.882352941176471e-01,4312334
8.104635791521261e+03,8.093663290672183e+03,1.764705882352941e+00,4312331
8.104885089463483e+03,8.100069048033646e+03,5.882352941176471e-01,4312336
8.106400497403614e+03,8.100213127818915e+03,5.882352941176471e-01,4312337
8.106649795345836e+03,8.102573373255388e+03,5.882352941176471e-01,4312338
8.107763295892257e+03,8.095858512755026e+03,1.764705882352941e+00,4312335
8.108165203285967e+03,8.102734398972415e+03,5.882352941176471e-01,4312339
8.108414501228189e+03,8.104109940590063e+03,5.882352941176471e-01,4312340
8.109528001774610e+03,8.104681085854308e+03,5.882352941176471e-01,4312341
8.109929909168320e+03,8.106039485347954e+03,5.882352941176471e-01,4312342
8.110179207110542e+03,8.106781332258766e+03,5.882352941176471e-01,4312343
8.111694615050673e+03,8.107769812637424e+03,5.882352941176471e-01,4312345
8.111943912992895e+03,8.109591506853316e+03,5.882352941176471e-01,4312346
8.113459320933025e+03,8.109885683018175e+03,5.882352941176471e-01,4312347
8.114822119421669e+03,8.107308558521705e+03,1.764705882352941e+00,4312344
8.116330657369868e+03,8.114565951487515e+03,5.882352941176471e-01,4312348
8.119669090734700e+03,8.117904384852347e+03,5.882352941176471e-01,4312349
8.121516549499133e+03,8.119751843616780e+03,5.882352941176471e-01,4312350
8.123827256880108e+03,8.122062550997755e+03,5.882352941176471e-01,4312352
8.123892124572387e+03,8.120362712807681e+03,1.176470588235294e+00,4312351
8.124091929222420e+03,8.122327223340067e+03,5.882352941176471e-01,4312353
8.125591962762461e+03,8.123288640835107e+03,5.882352941176471e-01,4312354
8.126258935119879e+03,8.124494229237526e+03,5.882352941176471e-01,4312355
8.126718198122704e+03,8.124953492240351e+03,5.882352941176471e-01,4312356
8.127474609546951e+03,8.125709903664598e+03,5.882352941176471e-01,4312357
8.128023641002232e+03,8.126074827413584e+03,5.882352941176471e-01,4312358
8.128482904005057e+03,8.126241006477038e+03,5.882352941176471e-01,4312359
8.129788346884585e+03,8.127104604287653e+03,5.882352941176471e-01,4312361
8.132768727194010e+03,8.127034493421511e+03,1.764705882352941e+00,4312360
8.132800535558646e+03,8.131035829676293e+03,5.882352941176471e-01,4312363
8.134649525012944e+03,8.132884819130591e+03,5.882352941176471e-01,4312365
8.135449868718298e+03,8.130155751071240e+03,1.764705882352941e+00,4312362
8.136414230895297e+03,8.134159445029916e+03,5.882352941176471e-01,4312366
8.138062844841069e+03,8.131492778117359e+03,1.764705882352941e+00,4312364
8.139940627647176e+03,8.138175921764823e+03,5.882352941176471e-01,4312368
8.142242727701250e+03,8.140478021818897e+03,5.882352941176471e-01,4312369
8.143102572354858e+03,8.137808454707799e+03,1.764705882352941e+00,4312367
8.147431848677268e+03,8.145667142794915e+03,5.882352941176471e-01,4312371
8.148869670891265e+03,8.143575553244207e+03,1.764705882352941e+00,4312370
8.149347652523957e+03,8.147582946641605e+03,5.882352941176471e-01,4312373
8.150540824216742e+03,8.147011412452036e+03,1.176470588235294e+00,4312372
8.150634376773618e+03,8.147965019957607e+03,5.882352941176471e-01,4312374
8.151295260958053e+03,8.149530555075700e+03,5.882352941176471e-01,4312375
8.154070235981448e+03,8.149768379636439e+03,1.176470588235294e+00,4312376
8.155834941863800e+03,8.152228475682476e+03,5.882352941176471e-01,4312379
8.155928494420677e+03,8.150195617643063e+03,1.764705882352941e+00,4312377
8.156944566073223e+03,8.151650448426164e+03,1.764705882352941e+00,4312378
8.157693200303030e+03,8.155316611697516e+03,5.882352941176471e-01,4312381
8.161129059510859e+03,8.155190253696661e+03,1.764705882352941e+00,4312380
8.161186560821116e+03,8.159421854938763e+03,5.882352941176471e-01,4312382
8.164869909160470e+03,8.161340497395765e+03,1.176470588235294e+00,4312384
8.165008335066219e+03,8.163243629183866e+03,5.882352941176471e-01,4312385
8.165114142117116e+03,8.159820024470057e+03,1.764705882352941e+00,4312383
8.166634615042823e+03,8.164151512454826e+03,5.882352941176471e-01,4312386
8.166773040948572e+03,8.164312049600118e+03,5.882352941176471e-01,4312387
8.166878847999469e+03,8.164578740719313e+03,5.882352941176471e-01,4312388
8.168399320925176e+03,8.165642439232771e+03,5.882352941176471e-01,4312389
8.171299817908300e+03,8.169535112025947e+03,5.882352941176471e-01,4312392
8.171711407206688e+03,8.168181995441982e+03,1.176470588235294e+00,4312391
8.172244842919245e+03,8.166950725272186e+03,1.764705882352941e+00,4312390
8.174829964955072e+03,8.173065259072719e+03,5.882352941176471e-01,4312393
8.177407925842038e+03,8.175643219959685e+03,5.882352941176471e-01,4312396
8.179194896766857e+03,8.173900779119799e+03,1.764705882352941e+00,4312394
8.180632404792506e+03,8.175338287145447e+03,1.764705882352941e+00,4312395
8.180959602649210e+03,8.178217063699426e+03,5.882352941176471e-01,4312398
8.182702043489097e+03,8.176877546659635e+03,1.764705882352941e+00,4312397
8.184031257420182e+03,8.182266551537829e+03,5.882352941176471e-01,4312399
8.185446588149153e+03,8.183681882266800e+03,5.882352941176471e-01,4312400
8.185876600462740e+03,8.184111894580387e+03,5.882352941176471e-01,4312401
8.186171842762109e+03,8.184407136879757e+03,5.882352941176471e-01,4312402
8.187211294031506e+03,8.185015577205015e+03,5.882352941176471e-01,4312403
8.187641306345093e+03,8.185782916057241e+03,5.882352941176471e-01,4312404
8.195225975437350e+03,8.193461269554997e+03,5.882352941176471e-01,4312405
8.196218096657286e+03,8.194453390774933e+03,5.882352941176471e-01,4312406
8.197746399442830e+03,8.195981693560477e+03,5.882352941176471e-01,4312407
8.202188308225532e+03,8.198658896460826e+03,1.176470588235294e+00,4312408
8.202814901348461e+03,8.201050195466109e+03,5.882352941176471e-01,4312409
8.205063274916571e+03,8.203298569034218e+03,5.882352941176471e-01,4312410
8.205819618837760e+03,8.204054912955407e+03,5.882352941176471e-01,4312411
8.209315157216377e+03,8.207550451334024e+03,5.882352941176471e-01,4312413
8.212306917832006e+03,8.207012800184947e+03,1.764705882352941e+00,4312412
8.215512177532601e+03,8.213747471650248e+03,5.882352941176471e-01,4312414
8.216591075888925e+03,8.214826370006572e+03,5.882352941176471e-01,4312416
8.217672139922466e+03,8.214142728157761e+03,1.176470588235294e+00,4312415
8.218355781771278e+03,8.216351692350291e+03,5.882352941176471e-01,4312418
8.220806295179660e+03,8.214835837428038e+03,1.764705882352941e+00,4312417
8.221262586156104e+03,8.219497880273751e+03,5.882352941176471e-01,4312420
8.222571001062013e+03,8.220407686151783e+03,5.882352941176471e-01,4312421
8.224381346536370e+03,8.222616640654017e+03,5.882352941176471e-01,4312422
8.224649928930080e+03,8.219355811283022e+03,1.764705882352941e+00,4312419
8.225029126343786e+03,8.223264420461433e+03,5.882352941176471e-01,4312423
8.226527494876957e+03,8.224762788994604e+03,5.882352941176471e-01,4312424
8.226759958934257e+03,8.224995253051904e+03,5.882352941176471e-01,4312425
8.231934695255042e+03,8.230169989372689e+03,5.882352941176471e-01,4312427
8.232229540154469e+03,8.230464834272116e+03,5.882352941176471e-01,4312428
8.233365050821659e+03,8.228070933174600e+03,1.764705882352941e+00,4312426
8.233699401137395e+03,8.230889902248621e+03,5.882352941176471e-01,4312429
8.235758951919175e+03,8.231090147530602e+03,1.176470588235294e+00,4312430
8.243755479389384e+03,8.238461361742325e+03,1.764705882352941e+00,4312431
8.244005807163966e+03,8.238711689516907e+03,1.764705882352941e+00,4312432
8.246001477064911e+03,8.244236771182558e+03,5.882352941176471e-01,4312433
8.247180585171408e+03,8.245415879289056e+03,5.882352941176471e-01,4312434
8.248239071496184e+03,8.246474365613831e+03,5.882352941176471e-01,4312435
8.251538406061988e+03,8.248008994297282e+03,1.176470588235294e+00,4312437
8.251820581872543e+03,8.246526464225484e+03,1.764705882352941e+00,4312436
8.253303111944341e+03,8.248896254563429e+03,5.882352941176471e-01,4312439
8.253585287754896e+03,8.249037025561724e+03,5.882352941176471e-01,4312440
8.254166988968964e+03,8.248872871321905e+03,1.764705882352941e+00,4312438
8.255067817826694e+03,8.250336113672281e+03,5.882352941176471e-01,4312441
8.255931694851317e+03,8.252103416132253e+03,5.882352941176471e-01,4312443
8.258879405401954e+03,8.251736695864262e+03,1.764705882352941e+00,4312442
8.260361935473753e+03,8.252309491379290e+03,1.764705882352941e+00,4312444
8.261225812498376e+03,8.253254300384797e+03,1.764705882352941e+00,4312445
8.262990518380728e+03,8.258171749484005e+03,5.882352941176471e-01,4312448
8.264173523049013e+03,8.254750951580334e+03,1.764705882352941e+00,4312446
8.265656053120812e+03,8.257972865831462e+03,1.764705882352941e+00,4312447
8.267420759003165e+03,8.261212007820025e+03,5.882352941176471e-01,4312451
8.267702934813719e+03,8.261024795649582e+03,1.176470588235294e+00,4312450
8.268284636027787e+03,8.259772827043618e+03,1.764705882352941e+00,4312449
8.269467640696072e+03,8.261903224794021e+03,5.882352941176471e-01,4312453
8.270950170767870e+03,8.261552257609046e+03,1.176470588235294e+00,4312452
8.271232346578425e+03,8.263661565959527e+03,5.882352941176471e-01,4312455
8.272714876650223e+03,8.267578014619012e+03,5.882352941176471e-01,4312456
8.273578753674846e+03,8.263410347147075e+03,1.764705882352941e+00,4312454
8.276526464225484e+03,8.269531312996703e+03,1.764705882352941e+00,4312457
8.278008994297282e+03,8.269736059550225e+03,1.764705882352941e+00,4312458
8.278872871321905e+03,8.270078359627249e+03,1.764705882352941e+00,4312459
8.279773700179635e+03,8.276442644729036e+03,5.882352941176471e-01,4312461
8.281820581872543e+03,8.274303847120801e+03,1.764705882352941e+00,4312460
8.281931703142012e+03,8.280166997259659e+03,5.882352941176471e-01,4312462
8.284456947742761e+03,8.282692241860408e+03,5.882352941176471e-01,4312463
8.287022214109477e+03,8.285257508227124e+03,5.882352941176471e-01,4312464
8.287895475265295e+03,8.286130769382942e+03,5.882352941176471e-01,4312465
8.288341735013165e+03,8.286577029130812e+03,5.882352941176471e-01,4312466
8.289755835789765e+03,8.287991129907412e+03,5.882352941176471e-01,4312467
8.290410644644962e+03,8.288645938762609e+03,5.882352941176471e-01,4312468
8.290647728562431e+03,8.288883022680078e+03,5.882352941176471e-01,4312469
8.291861095955686e+03,8.290096390073333e+03,5.882352941176471e-01,4312470
8.295499793005601e+03,8.293735087123248e+03,5.882352941176471e-01,4312473
8.296219011284248e+03,8.290924893637190e+03,1.764705882352941e+00,4312471
8.298819307928361e+03,8.293525190281302e+03,1.764705882352941e+00,4312472
8.299356103259650e+03,8.297591397377297e+03,5.882352941176471e-01,4312474
8.305242117440885e+03,8.299947999793826e+03,1.764705882352941e+00,4312475
8.305375449658334e+03,8.300081332011275e+03,1.764705882352941e+00,4312476
8.307006823323238e+03,8.304957710748165e+03,5.882352941176471e-01,4312478
8.309160225070607e+03,8.303866107423548e+03,1.764705882352941e+00,4312477
8.311354620871988e+03,8.309589914989635e+03,5.882352941176471e-01,4312480
8.314200144005732e+03,8.308906026358673e+03,1.764705882352941e+00,4312479
8.317536146023749e+03,8.312242028376690e+03,1.764705882352941e+00,4312481
8.317802222882102e+03,8.314272811117396e+03,1.176470588235294e+00,4312482
8.318073589053959e+03,8.314544177289253e+03,1.176470588235294e+00,4312483
8.319300851906102e+03,8.317328926952843e+03,5.882352941176471e-01,4312484
8.319566928764455e+03,8.317543704388805e+03,5.882352941176471e-01,4312485
8.322332477833253e+03,8.320567771950900e+03,5.882352941176471e-01,4312487
8.325059782103251e+03,8.323295076220898e+03,5.882352941176471e-01,4312488
8.325581012690513e+03,8.320286895043454e+03,1.764705882352941e+00,4312486
8.326351765347513e+03,8.324587059465160e+03,5.882352941176471e-01,4312489
8.330625912802545e+03,8.328861206920192e+03,5.882352941176471e-01,4312490
8.332100804425257e+03,8.330336098542904e+03,5.882352941176471e-01,4312491
8.332402649168184e+03,8.330637943285831e+03,5.882352941176471e-01,4312492
8.334639576187166e+03,8.332874870304814e+03,5.882352941176471e-01,4312493
8.337506313307976e+03,8.335741607425623e+03,5.882352941176471e-01,4312495
8.338596060683168e+03,8.333301943036109e+03,1.764705882352941e+00,4312494
8.340466070476366e+03,8.338701364594014e+03,5.882352941176471e-01,4312496
8.341128856324425e+03,8.339364150442072e+03,5.882352941176471e-01,4312497
8.343751203288222e+03,8.341986497405869e+03,5.882352941176471e-01,4312498
8.343897643749877e+03,8.342132937867524e+03,5.882352941176471e-01,4312499
8.345662349632230e+03,8.343088918471425e+03,5.882352941176471e-01,4312502
8.345864091884806e+03,8.342334680120100e+03,1.176470588235294e+00,4312500
8.347280615052928e+03,8.342817962580435e+03,1.176470588235294e+00,4312501
8.347427055514583e+03,8.345308469000165e+03,5.882352941176471e-01,4312503
8.347628797767159e+03,8.345684724687861e+03,5.882352941176471e-01,4312504
8.353540999039560e+03,8.351776293157207e+03,5.882352941176471e-01,4312505
8.354782316772442e+03,8.353017610890089e+03,5.882352941176471e-01,4312507
8.355305704921913e+03,8.353512554386766e+03,5.882352941176471e-01,4312508
8.356263112279925e+03,8.352733700515220e+03,1.176470588235294e+00,4312506
8.356547022654795e+03,8.354079953158869e+03,5.882352941176471e-01,4312509
8.358835116686619e+03,8.355076259968483e+03,1.176470588235294e+00,4312510
8.361557229926984e+03,8.355864547377276e+03,1.764705882352941e+00,4312511
8.364136493244760e+03,8.360607081480054e+03,1.176470588235294e+00,4312513
8.365794031050411e+03,8.360499913403353e+03,1.764705882352941e+00,4312512
8.366212796272849e+03,8.364448090390496e+03,5.882352941176471e-01,4312514
8.366358583899679e+03,8.364593878017326e+03,5.882352941176471e-01,4312515
8.369386871378458e+03,8.367622165496105e+03,5.882352941176471e-01,4312517
8.370111143532208e+03,8.368346437649855e+03,5.882352941176471e-01,4312518
8.371088148697470e+03,8.365185051689642e+03,1.764705882352941e+00,4312516
8.371480027490140e+03,8.369715321607787e+03,5.882352941176471e-01,4312519
8.373383771632997e+03,8.371619065750644e+03,5.882352941176471e-01,4312521
8.373992586904261e+03,8.372227881021908e+03,5.882352941176471e-01,4312522
8.376171292360504e+03,8.374406586478151e+03,5.882352941176471e-01,4312524
8.376652541771462e+03,8.371358424124403e+03,1.764705882352941e+00,4312520
8.378161648655665e+03,8.376396942773312e+03,5.882352941176471e-01,4312525
8.378417247653815e+03,8.376573608983813e+03,5.882352941176471e-01,4312526
8.379062021841084e+03,8.373767904194025e+03,1.764705882352941e+00,4312523
8.381932565079597e+03,8.380167859197244e+03,5.882352941176471e-01,4312528
8.384467352041309e+03,8.379173234394250e+03,1.764705882352941e+00,4312527
8.384744047165857e+03,8.382979341283504e+03,5.882352941176471e-01,4312530
8.385621019538844e+03,8.380326901891785e+03,1.764705882352941e+00,4312529
8.386232057923662e+03,8.383463272010114e+03,5.882352941176471e-01,4312531
8.389513924359143e+03,8.387749218476790e+03,5.882352941176471e-01,4312533
8.390189166467915e+03,8.388424460585562e+03,5.882352941176471e-01,4312534
8.391964738783085e+03,8.386670621136026e+03,1.764705882352941e+00,4312532
8.392363334706915e+03,8.390598628824562e+03,5.882352941176471e-01,4312535
8.393838420866596e+03,8.392073714984243e+03,5.882352941176471e-01,4312536
8.397926402287619e+03,8.392632284640560e+03,1.764705882352941e+00,4312537
8.399181401070609e+03,8.393887283423550e+03,1.764705882352941e+00,4312538
8.399268164602666e+03,8.393974046955607e+03,1.764705882352941e+00,4312539
8.400946106952962e+03,8.395886947833516e+03,5.882352941176471e-01,4312541
8.401032870485019e+03,8.395921809284006e+03,5.882352941176471e-01,4312542
8.402797576367372e+03,8.399746256936388e+03,5.882352941176471e-01,4312544
8.403220519934678e+03,8.394926756570984e+03,1.764705882352941e+00,4312540
8.404475518717668e+03,8.396016263061069e+03,1.176470588235294e+00,4312543
8.406326988132077e+03,8.401186854743464e+03,1.176470588235294e+00,4312545
8.406749931699384e+03,8.401631798188784e+03,1.176470588235294e+00,4312546
8.408004930482374e+03,8.402268945831769e+03,1.176470588235294e+00,4312547
8.409769636364727e+03,8.405873852342022e+03,5.882352941176471e-01,4312550
8.409856399896783e+03,8.404557740835562e+03,1.176470588235294e+00,4312548
8.410279343464090e+03,8.405558314415662e+03,1.176470588235294e+00,4312549
8.411621105779136e+03,8.407222020407752e+03,5.882352941176471e-01,4312552
8.412044049346443e+03,8.407315237664088e+03,5.882352941176471e-01,4312553
8.413299048129433e+03,8.406610091216834e+03,1.176470588235294e+00,4312551
8.413385811661489e+03,8.409013520702391e+03,5.882352941176471e-01,4312554
8.413808755228796e+03,8.409593130035626e+03,5.882352941176471e-01,4312555
8.415063754011785e+03,8.411996220510758e+03,5.882352941176471e-01,4312556
8.415215843303539e+03,8.413451137421186e+03,5.882352941176471e-01,4312557
8.415573461111149e+03,8.413558262464899e+03,5.882352941176471e-01,4312558
8.416828459894138e+03,8.414169674041903e+03,5.882352941176471e-01,4312559
8.417166861387161e+03,8.415402155504809e+03,5.882352941176471e-01,4312560
8.417338166993501e+03,8.415443827124993e+03,5.882352941176471e-01,4312561
8.425155076282934e+03,8.419860958635875e+03,1.764705882352941e+00,4312562
8.425819470752131e+03,8.420525353105072e+03,1.764705882352941e+00,4312563
8.426482636363652e+03,8.421188518716593e+03,1.764705882352941e+00,4312564
8.426919782165287e+03,8.421487827456484e+03,5.882352941176471e-01,4312565
8.427584176634484e+03,8.422365483588586e+03,5.882352941176471e-01,4312566
8.428247342246005e+03,8.422472152013949e+03,5.882352941176471e-01,4312567
8.428684488047640e+03,8.423377874350553e+03,5.882352941176471e-01,4312568
8.429348882516837e+03,8.424332470389777e+03,5.882352941176471e-01,4312569
8.431214804841881e+03,8.429450098959528e+03,5.882352941176471e-01,4312571
8.433541459893064e+03,8.424395028027678e+03,1.764705882352941e+00,4312570
8.434021529627084e+03,8.432256823744731e+03,5.882352941176471e-01,4312572
8.436003262343854e+03,8.432473850579148e+03,1.176470588235294e+00,4312573
8.438835577540123e+03,8.433260433150736e+03,1.764705882352941e+00,4312574
8.439315647274143e+03,8.433920362077146e+03,1.764705882352941e+00,4312575
8.441297379990912e+03,8.435102617185166e+03,1.764705882352941e+00,4312576
8.442364989304829e+03,8.436729137558317e+03,1.176470588235294e+00,4312577
8.443062085873265e+03,8.436916182818702e+03,5.882352941176471e-01,4312579
8.444609764921202e+03,8.436884923832898e+03,1.764705882352941e+00,4312578
8.447659106951888e+03,8.436928250969960e+03,1.764705882352941e+00,4312580
8.448139176685907e+03,8.442582799621022e+03,1.176470588235294e+00,4312582
8.448356203520324e+03,8.440932900040030e+03,1.764705882352941e+00,4312581
8.449903882568260e+03,8.444541328628927e+03,5.882352941176471e-01,4312584
8.451188518716593e+03,8.442721826620044e+03,1.176470588235294e+00,4312583
8.451668588450613e+03,8.447898535346352e+03,5.882352941176471e-01,4312586
8.453650321167383e+03,8.444657965386895e+03,1.764705882352941e+00,4312585
8.455198000215319e+03,8.449985438413699e+03,1.176470588235294e+00,4312588
8.456482636363652e+03,8.447913825946608e+03,1.764705882352941e+00,4312587
8.458247342246005e+03,8.452560195234393e+03,5.882352941176471e-01,4312591
8.458944438814442e+03,8.452219734115703e+03,1.764705882352941e+00,4312589
8.460492117862378e+03,8.452315432818251e+03,1.764705882352941e+00,4312590
8.463008971349997e+03,8.461244265467644e+03,5.882352941176471e-01,4312594
8.463541459893064e+03,8.456704474792595e+03,1.764705882352941e+00,4312592
8.464238556461501e+03,8.458243010480584e+03,1.764705882352941e+00,4312593
8.469802688224208e+03,8.468037982341855e+03,5.882352941176471e-01,4312596
8.470013293295674e+03,8.464719175648615e+03,1.764705882352941e+00,4312595
8.471350341707866e+03,8.469585635825513e+03,5.882352941176471e-01,4312597
8.472872576465954e+03,8.471107870583601e+03,5.882352941176471e-01,4312598
8.478959574903328e+03,8.473665457256270e+03,1.764705882352941e+00,4312599
8.479643030517277e+03,8.477878324634924e+03,5.882352941176471e-01,4312600
8.482352186755720e+03,8.480587480873367e+03,5.882352941176471e-01,4312601
8.488914795502416e+03,8.487150089620063e+03,5.882352941176471e-01,4312604
8.488943505882410e+03,8.483649388235351e+03,1.764705882352941e+00,4312602
8.491970130008625e+03,8.490205424126272e+03,5.882352941176471e-01,4312606
8.492087955421868e+03,8.486793837774809e+03,1.764705882352941e+00,4312603
8.493734835890978e+03,8.490835417626021e+03,5.882352941176471e-01,4312607
8.495343568975249e+03,8.490049451328191e+03,1.764705882352941e+00,4312605
8.497108274857602e+03,8.493693279526249e+03,5.882352941176471e-01,4312610
8.497382073068927e+03,8.491606470060515e+03,1.764705882352941e+00,4312608
8.499028953538037e+03,8.492009644459668e+03,1.764705882352941e+00,4312609
8.499146778951280e+03,8.496262230646952e+03,5.882352941176471e-01,4312612
8.500911484833633e+03,8.497627613943574e+03,5.882352941176471e-01,4312614
8.502402392504661e+03,8.495077798125401e+03,1.764705882352941e+00,4312611
8.502558365302743e+03,8.496944724157341e+03,1.176470588235294e+00,4312613
8.505531857313508e+03,8.503767151431155e+03,5.882352941176471e-01,4312616
8.505917864403211e+03,8.504153158520859e+03,5.882352941176471e-01,4312617
8.506510381374405e+03,8.501216263727346e+03,1.764705882352941e+00,4312615
8.508665309001526e+03,8.506900603119173e+03,5.882352941176471e-01,4312619
8.509061269078213e+03,8.505346261927059e+03,1.176470588235294e+00,4312618
8.510443186526730e+03,8.506913774762025e+03,1.176470588235294e+00,4312620
8.514004736026725e+03,8.512240030144372e+03,5.882352941176471e-01,4312622
8.514271908856937e+03,8.508977791209878e+03,1.764705882352941e+00,4312621
8.514438808461575e+03,8.512674102579222e+03,5.882352941176471e-01,4312623
8.517470728012294e+03,8.515706022129941e+03,5.882352941176471e-01,4312625
8.520542953626243e+03,8.515248835979184e+03,1.764705882352941e+00,4312624
8.523343179485800e+03,8.518049061838742e+03,1.764705882352941e+00,4312626
8.524097120704492e+03,8.522332414822139e+03,5.882352941176471e-01,4312628
8.525585861263970e+03,8.520291743616911e+03,1.764705882352941e+00,4312627
8.526383593895542e+03,8.524618888013189e+03,5.882352941176471e-01,4312630
8.528731603844110e+03,8.523437486197052e+03,1.764705882352941e+00,4312629
8.533609415450825e+03,8.528315297803766e+03,1.764705882352941e+00,4312631
8.535022684898707e+03,8.529728567251648e+03,1.764705882352941e+00,4312632
8.539014874477500e+03,8.537250168595147e+03,5.882352941176471e-01,4312633
8.540739229849882e+03,8.538974523967529e+03,5.882352941176471e-01,4312634
8.541083096348755e+03,8.539318390466402e+03,5.882352941176471e-01,4312635
8.546476187293031e+03,8.544711481410678e+03,5.882352941176471e-01,4312636
8.547470366401625e+03,8.545705660519272e+03,5.882352941176471e-01,4312637
8.550064445126525e+03,8.546535033361819e+03,1.176470588235294e+00,4312638
8.551949685463231e+03,8.546655567816172e+03,1.764705882352941e+00,4312639
8.552565534325688e+03,8.550800828443335e+03,5.882352941176471e-01,4312641
8.555926788906121e+03,8.550632671259062e+03,1.764705882352941e+00,4312640
8.558442484932044e+03,8.553148367284985e+03,1.764705882352941e+00,4312642
8.561197853943864e+03,8.559433148061511e+03,5.882352941176471e-01,4312644
8.561604938608880e+03,8.556310820961822e+03,1.764705882352941e+00,4312643
8.561805937026510e+03,8.560041231144157e+03,5.882352941176471e-01,4312645
8.564727265708570e+03,8.560195785307059e+03,1.176470588235294e+00,4312646
8.565134350373586e+03,8.561587395201900e+03,1.176470588235294e+00,4312647
8.567546397442506e+03,8.565781691560153e+03,5.882352941176471e-01,4312648
8.568194702069146e+03,8.566429996186793e+03,5.882352941176471e-01,4312650
8.569311103324859e+03,8.567460042071403e+03,5.882352941176471e-01,4312651
8.569959407951499e+03,8.567497505210585e+03,5.882352941176471e-01,4312652
8.571075809207212e+03,8.568717138492170e+03,5.882352941176471e-01,4312653
8.571104399618068e+03,8.565810281971009e+03,1.764705882352941e+00,4312649
8.571724113833852e+03,8.569055673468063e+03,5.882352941176471e-01,4312654
8.575477211017862e+03,8.571947799253156e+03,1.176470588235294e+00,4312655
8.575527179576418e+03,8.573762473694065e+03,5.882352941176471e-01,4312657
8.578400969760052e+03,8.573106852112993e+03,1.764705882352941e+00,4312656
8.579056591341124e+03,8.574199624135145e+03,1.176470588235294e+00,4312659
8.580771328664920e+03,8.574134978377404e+03,1.764705882352941e+00,4312658
8.580821297223477e+03,8.575971843387201e+03,5.882352941176471e-01,4312661
8.581930381524758e+03,8.575346334535360e+03,1.176470588235294e+00,4312660
8.582586003105830e+03,8.576939405407404e+03,5.882352941176471e-01,4312663
8.585459793289464e+03,8.580282120973733e+03,1.176470588235294e+00,4312664
8.586065446311979e+03,8.576023986692893e+03,1.764705882352941e+00,4312662
8.587880120752889e+03,8.581718082429342e+03,1.764705882352941e+00,4312665
8.588223899013933e+03,8.586459193131580e+03,5.882352941176471e-01,4312667
8.588989205054170e+03,8.584323246133250e+03,1.176470588235294e+00,4312666
8.589644826635242e+03,8.587260559004616e+03,5.882352941176471e-01,4312668
8.589988604896286e+03,8.587528663138712e+03,5.882352941176471e-01,4312669
8.590753910936523e+03,8.587983846660712e+03,5.882352941176471e-01,4312670
8.591841359700712e+03,8.590076653818359e+03,5.882352941176471e-01,4312671
8.593637390125109e+03,8.591872684242756e+03,5.882352941176471e-01,4312673
8.594794194602062e+03,8.591264782837356e+03,1.176470588235294e+00,4312672
8.597463873781841e+03,8.593934462017136e+03,1.176470588235294e+00,4312675
8.597871283072650e+03,8.592577165425591e+03,1.764705882352941e+00,4312674
8.599228579664194e+03,8.595508012016438e+03,5.882352941176471e-01,4312677
8.599635988955003e+03,8.597489553266443e+03,5.882352941176471e-01,4312678
8.600727569062771e+03,8.595433451415712e+03,1.764705882352941e+00,4312676
8.600993285546547e+03,8.598212668441858e+03,5.882352941176471e-01,4312679
8.605948109104902e+03,8.604183403222550e+03,5.882352941176471e-01,4312681
8.606396094656558e+03,8.604631388774205e+03,5.882352941176471e-01,4312682
8.606568576194354e+03,8.601274458547296e+03,1.764705882352941e+00,4312680
8.608160800538910e+03,8.605218484738669e+03,5.882352941176471e-01,4312684
8.608409840820302e+03,8.606645134937949e+03,5.882352941176471e-01,4312685
8.610174546702655e+03,8.607780989989468e+03,5.882352941176471e-01,4312687
8.611242226751961e+03,8.605189130573920e+03,1.764705882352941e+00,4312683
8.611690212303616e+03,8.607703057319715e+03,1.176470588235294e+00,4312686
8.615219624068322e+03,8.610582176594872e+03,1.176470588235294e+00,4312690
8.615468664349714e+03,8.608050609534161e+03,1.764705882352941e+00,4312688
8.616536344399020e+03,8.608352702832095e+03,1.764705882352941e+00,4312689
8.616984329950675e+03,8.614164962567210e+03,5.882352941176471e-01,4312691
8.621595970303271e+03,8.619831264420918e+03,5.882352941176471e-01,4312694
8.623360676185624e+03,8.620124577018747e+03,5.882352941176471e-01,4312695
8.623421577409927e+03,8.618127459762868e+03,1.764705882352941e+00,4312692
8.624411324663117e+03,8.619117207016058e+03,1.764705882352941e+00,4312693
8.628654793832683e+03,8.620661407925025e+03,1.764705882352941e+00,4312696
8.629952873413133e+03,8.624658755766074e+03,1.764705882352941e+00,4312697
8.633453375544521e+03,8.631688669662168e+03,5.882352941176471e-01,4312699
8.636191758182869e+03,8.630897640535810e+03,1.764705882352941e+00,4312698
8.638078331621856e+03,8.636313625739503e+03,5.882352941176471e-01,4312702
8.640093425556763e+03,8.634799307909704e+03,1.764705882352941e+00,4312700
8.640142328680399e+03,8.638377622798046e+03,5.882352941176471e-01,4312703
8.640287410379579e+03,8.634993292732520e+03,1.764705882352941e+00,4312701
8.641858131439116e+03,8.638656791189080e+03,5.882352941176471e-01,4312704
8.642052116261932e+03,8.639460037141470e+03,5.882352941176471e-01,4312706
8.643816822144285e+03,8.640382233490145e+03,5.882352941176471e-01,4312708
8.645387543203821e+03,8.640186927539059e+03,1.176470588235294e+00,4312707
8.645436446327458e+03,8.639173916649356e+03,1.764705882352941e+00,4312705
8.647201152209810e+03,8.643693912346034e+03,5.882352941176471e-01,4312711
8.649110939791343e+03,8.641021360955661e+03,1.764705882352941e+00,4312709
8.650681660850880e+03,8.642056471159209e+03,1.764705882352941e+00,4312710
8.650875645673696e+03,8.646888793358904e+03,5.882352941176471e-01,4312713
8.652446366733233e+03,8.649261230758421e+03,5.882352941176471e-01,4312714
8.652495269856869e+03,8.645509908238219e+03,1.764705882352941e+00,4312712
8.656892675073287e+03,8.651598557426228e+03,1.764705882352941e+00,4312715
8.657129241929932e+03,8.653599830165227e+03,1.176470588235294e+00,4312716
8.658893947812285e+03,8.656848570895784e+03,5.882352941176471e-01,4312719
8.660600980550470e+03,8.655306862903411e+03,1.764705882352941e+00,4312717
8.662186792720346e+03,8.656118310534579e+03,1.764705882352941e+00,4312718
8.664536127827916e+03,8.659242010180857e+03,1.764705882352941e+00,4312720
8.665464152074188e+03,8.663699446191835e+03,5.882352941176471e-01,4312721
8.668858934268301e+03,8.667094228385949e+03,5.882352941176471e-01,4312722
8.671332190248686e+03,8.669567484366333e+03,5.882352941176471e-01,4312724
8.671755734964642e+03,8.668226323199936e+03,1.176470588235294e+00,4312723
8.671764720372345e+03,8.670000014489992e+03,5.882352941176471e-01,4312725
8.676626307895745e+03,8.670187195838537e+03,1.764705882352941e+00,4312726
8.677503400656793e+03,8.672209283009734e+03,1.764705882352941e+00,4312727
8.677928179297612e+03,8.674398767532906e+03,1.176470588235294e+00,4312728
8.678391013778098e+03,8.674734374251722e+03,5.882352941176471e-01,4312729
8.682797518303852e+03,8.676839256643526e+03,1.764705882352941e+00,4312730
8.684045334368733e+03,8.678751216721674e+03,1.764705882352941e+00,4312731
8.685245748302063e+03,8.679951630655004e+03,1.764705882352941e+00,4312732
8.686645595316725e+03,8.684880889434372e+03,5.882352941176471e-01,4312734
8.688091635950911e+03,8.682050709683464e+03,1.764705882352941e+00,4312733
8.689856341833264e+03,8.687944070777474e+03,5.882352941176471e-01,4312737
8.691235820612524e+03,8.687706408847818e+03,1.176470588235294e+00,4312735
8.693033191879684e+03,8.687739074232625e+03,1.764705882352941e+00,4312736
8.694765232377230e+03,8.688833381214883e+03,1.176470588235294e+00,4312739
8.694797897762037e+03,8.689118630817108e+03,5.882352941176471e-01,4312740
8.695150459480322e+03,8.688598643390425e+03,1.764705882352941e+00,4312738
8.696529938259583e+03,8.693040069543459e+03,5.882352941176471e-01,4312741
8.696562603644390e+03,8.694730073767858e+03,5.882352941176471e-01,4312742
8.697501294776155e+03,8.695736588893802e+03,5.882352941176471e-01,4312743
8.701084564124009e+03,8.699319858241656e+03,5.882352941176471e-01,4312745
8.702806006813067e+03,8.697511889166008e+03,1.764705882352941e+00,4312744
8.702849270006362e+03,8.700686787428677e+03,5.882352941176471e-01,4312747
8.704570712695420e+03,8.700856347390689e+03,5.882352941176471e-01,4312748
8.705469932457334e+03,8.700175814810275e+03,1.764705882352941e+00,4312746
8.706335418577773e+03,8.704083091734052e+03,5.882352941176471e-01,4312750
8.708143387653421e+03,8.701846506553896e+03,1.764705882352941e+00,4312749
8.709071150275442e+03,8.707306444393089e+03,5.882352941176471e-01,4312752
8.710764050104393e+03,8.704229425061848e+03,1.764705882352941e+00,4312751
8.712271869809875e+03,8.710507163927522e+03,5.882352941176471e-01,4312753
8.713450675117328e+03,8.711685969234975e+03,5.882352941176471e-01,4312754
8.717309353847191e+03,8.712015236200132e+03,1.764705882352941e+00,4312755
8.718166005456076e+03,8.716401299573723e+03,5.882352941176471e-01,4312756
8.719256493357088e+03,8.717491787474736e+03,5.882352941176471e-01,4312757
8.720253579987343e+03,8.718488874104990e+03,5.882352941176471e-01,4312758
8.720407675229112e+03,8.718642969346759e+03,5.882352941176471e-01,4312759
8.721357550368926e+03,8.719592844486573e+03,5.882352941176471e-01,4312760
8.722274775861959e+03,8.720510069979606e+03,5.882352941176471e-01,4312761
8.723166077636172e+03,8.721401371753819e+03,5.882352941176471e-01,4312762
8.724389128782120e+03,8.722624422899767e+03,5.882352941176471e-01,4312763
8.725160200280737e+03,8.723395494398384e+03,5.882352941176471e-01,4312765
8.726924906163090e+03,8.724891253611476e+03,5.882352941176471e-01,4312767
8.728672992175292e+03,8.723378874528233e+03,1.764705882352941e+00,4312764
8.728689612045443e+03,8.725103662036865e+03,5.882352941176471e-01,4312768
8.729958448807762e+03,8.724664331160703e+03,1.764705882352941e+00,4312766
8.730437698057645e+03,8.727913058410865e+03,5.882352941176471e-01,4312769
8.730454317927796e+03,8.728333492830017e+03,5.882352941176471e-01,4312770
8.731723154690115e+03,8.728698714410260e+03,5.882352941176471e-01,4312771
8.732202403939998e+03,8.728768725665100e+03,5.882352941176471e-01,4312772
8.733870233617950e+03,8.732105527735597e+03,5.882352941176471e-01,4312773
8.734222210880944e+03,8.732457504998591e+03,5.882352941176471e-01,4312774
8.734575395019787e+03,8.732810689137434e+03,5.882352941176471e-01,4312775
8.737809115068819e+03,8.736044409186466e+03,5.882352941176471e-01,4312776
8.742428640829464e+03,8.740663934947111e+03,5.882352941176471e-01,4312777
8.744354135324501e+03,8.742589429442148e+03,5.882352941176471e-01,4312778
8.745004882864112e+03,8.743240176981759e+03,5.882352941176471e-01,4312779
8.746422909509352e+03,8.744658203626999e+03,5.882352941176471e-01,4312780
8.751008576605131e+03,8.749243870722778e+03,5.882352941176471e-01,4312781
8.754870828121812e+03,8.753106122239459e+03,5.882352941176471e-01,4312783
8.756561057164689e+03,8.754796351282336e+03,5.882352941176471e-01,4312784
8.758197080902686e+03,8.752902963255628e+03,1.764705882352941e+00,4312782
8.760904135020904e+03,8.759139429138551e+03,5.882352941176471e-01,4312787
8.761296586059703e+03,8.756002468412644e+03,1.764705882352941e+00,4312785
8.762668840903257e+03,8.760580779755971e+03,5.882352941176471e-01,4312788
8.763838196560885e+03,8.762073490678532e+03,5.882352941176471e-01,4312789
8.764171671684027e+03,8.758877554036968e+03,1.764705882352941e+00,4312786
8.765375968069218e+03,8.763611262186865e+03,5.882352941176471e-01,4312790
8.772133249493713e+03,8.766839131846654e+03,1.764705882352941e+00,4312791
8.773917958807671e+03,8.770388547042965e+03,1.176470588235294e+00,4312792
8.774493511727939e+03,8.772728805845586e+03,5.882352941176471e-01,4312793
8.775191645583451e+03,8.773426939701098e+03,5.882352941176471e-01,4312794
8.776532536040489e+03,8.774767830158136e+03,5.882352941176471e-01,4312796
8.777463291825439e+03,8.775698585943086e+03,5.882352941176471e-01,4312797
8.778654756640876e+03,8.776890050758523e+03,5.882352941176471e-01,4312798
8.779703434211310e+03,8.774409316564251e+03,1.764705882352941e+00,4312795
8.780836679425696e+03,8.779071973543343e+03,5.882352941176471e-01,4312800
8.781784682986128e+03,8.780019977103775e+03,5.882352941176471e-01,4312801
8.783053412784502e+03,8.777759295137443e+03,1.764705882352941e+00,4312799
8.786382530656400e+03,8.784617824774047e+03,5.882352941176471e-01,4312802
8.787856447899311e+03,8.786091742016959e+03,5.882352941176471e-01,4312804
8.788517496203238e+03,8.786752790320885e+03,5.882352941176471e-01,4312805
8.789621153781664e+03,8.787399803751625e+03,5.882352941176471e-01,4312806
8.791267924282391e+03,8.785973806635332e+03,1.764705882352941e+00,4312803
8.793032630164744e+03,8.789403339388707e+03,5.882352941176471e-01,4312809
8.793811613850297e+03,8.787652196788064e+03,1.764705882352941e+00,4312807
8.794797336047097e+03,8.791000922371962e+03,5.882352941176471e-01,4312810
8.794915271428723e+03,8.788599034002495e+03,1.764705882352941e+00,4312808
8.796562041929450e+03,8.792500321897607e+03,5.882352941176471e-01,4312812
8.796679977311076e+03,8.793132333034179e+03,5.882352941176471e-01,4312813
8.797341025615003e+03,8.792432145073169e+03,1.176470588235294e+00,4312811
8.798326747811803e+03,8.795131751590727e+03,5.882352941176471e-01,4312814
8.802626127511642e+03,8.800861421629289e+03,5.882352941176471e-01,4312816
8.804028151378028e+03,8.798734033730970e+03,1.764705882352941e+00,4312815
8.808091130453887e+03,8.806326424571534e+03,5.882352941176471e-01,4312817
8.812085845454712e+03,8.806791727807653e+03,1.764705882352941e+00,4312818
8.812936934100636e+03,8.807642816453577e+03,1.764705882352941e+00,4312819
8.813850551337065e+03,8.810226586553535e+03,5.882352941176471e-01,4312821
8.814227899679765e+03,8.808933782032706e+03,1.764705882352941e+00,4312820
8.814701639982989e+03,8.810484599745012e+03,5.882352941176471e-01,4312822
8.815615257219418e+03,8.813482178071958e+03,5.882352941176471e-01,4312823
8.815992605562118e+03,8.814075175868633e+03,5.882352941176471e-01,4312824
8.818787511799589e+03,8.817022805917236e+03,5.882352941176471e-01,4312825
8.821402998015149e+03,8.819638292132796e+03,5.882352941176471e-01,4312828
8.821646199212890e+03,8.818116787448185e+03,1.176470588235294e+00,4312827
8.823276721648695e+03,8.817982604001636e+03,1.764705882352941e+00,4312826
8.823410905095243e+03,8.820597409481666e+03,5.882352941176471e-01,4312830
8.825041427531048e+03,8.820767862762565e+03,5.882352941176471e-01,4312831
8.826697115662208e+03,8.820052400320639e+03,1.764705882352941e+00,4312829
8.826940316859949e+03,8.821849359354174e+03,1.176470588235294e+00,4312832
8.828705022742302e+03,8.823076908347354e+03,5.882352941176471e-01,4312835
8.830335545178107e+03,8.822313791896329e+03,1.764705882352941e+00,4312833
8.830469728624655e+03,8.823306052703129e+03,5.882352941176471e-01,4312836
8.831991233309267e+03,8.823036431882400e+03,1.764705882352941e+00,4312834
8.832100251060460e+03,8.823718343825463e+03,5.882352941176471e-01,4312837
8.832234434507008e+03,8.826104433302266e+03,5.882352941176471e-01,4312838
8.835629662825166e+03,8.828407742397621e+03,1.176470588235294e+00,4312840
8.837285350956326e+03,8.828290977800067e+03,1.764705882352941e+00,4312839
8.837502598973852e+03,8.833973187209146e+03,1.176470588235294e+00,4312841
8.837828485215021e+03,8.836063779332668e+03,5.882352941176471e-01,4312842
8.839050056838679e+03,8.836788085532448e+03,5.882352941176471e-01,4312843
8.839267304856205e+03,8.837236501062180e+03,5.882352941176471e-01,4312844
8.840814762721031e+03,8.838954850128496e+03,5.882352941176471e-01,4312846
8.841086826970979e+03,8.839322121088626e+03,5.882352941176471e-01,4312847
8.841357896979727e+03,8.837324658531615e+03,1.176470588235294e+00,4312845
8.842579468603384e+03,8.839894605688543e+03,5.882352941176471e-01,4312848
8.843334644397092e+03,8.841569938514739e+03,5.882352941176471e-01,4312850
8.844671725057529e+03,8.842907019175176e+03,5.882352941176471e-01,4312851
8.846380944618038e+03,8.840907036199498e+03,1.764705882352941e+00,4312849
8.846864056161798e+03,8.842953525284731e+03,1.176470588235294e+00,4312852
8.849910356382744e+03,8.844340927437019e+03,1.176470588235294e+00,4312854
8.849965842704587e+03,8.843368323736455e+03,1.764705882352941e+00,4312853
8.850393467926504e+03,8.846697486196500e+03,1.176470588235294e+00,4312855
8.853519454961151e+03,8.851754749078798e+03,5.882352941176471e-01,4312856
8.857314708462828e+03,8.852020590815769e+03,1.764705882352941e+00,4312857
8.858067401380588e+03,8.856302695498235e+03,5.882352941176471e-01,4312859
8.859127907049613e+03,8.853833789402554e+03,1.764705882352941e+00,4312858
8.860445318655892e+03,8.858680612773539e+03,5.882352941176471e-01,4312860
8.862127312078872e+03,8.860362606196519e+03,5.882352941176471e-01,4312861
8.863154185576240e+03,8.861389479693887e+03,5.882352941176471e-01,4312862
8.863607955721496e+03,8.861843249839143e+03,5.882352941176471e-01,4312863
8.864598931932996e+03,8.862834226050643e+03,5.882352941176471e-01,4312864
8.864918891458593e+03,8.863097116965163e+03,5.882352941176471e-01,4312865
8.867972888435472e+03,8.866208182553119e+03,5.882352941176471e-01,4312868
8.869737594317825e+03,8.867559485257029e+03,5.882352941176471e-01,4312869
8.871092407723622e+03,8.865798290076563e+03,1.764705882352941e+00,4312866
8.871470185144404e+03,8.866176067497345e+03,1.764705882352941e+00,4312867
8.871502300200178e+03,8.869193195940829e+03,5.882352941176471e-01,4312870
8.876386525370681e+03,8.869628109736487e+03,1.764705882352941e+00,4312871
8.876764302791462e+03,8.871343089037763e+03,1.764705882352941e+00,4312872
8.878548629267879e+03,8.873254511620820e+03,1.764705882352941e+00,4312873
8.880593369759141e+03,8.878828663876789e+03,5.882352941176471e-01,4312875
8.881680643017739e+03,8.874457663314000e+03,1.764705882352941e+00,4312874
8.883331897173476e+03,8.879802485408770e+03,1.176470588235294e+00,4312876
8.886140700906242e+03,8.884375995023889e+03,5.882352941176471e-01,4312878
8.886409151241708e+03,8.881115033594649e+03,1.764705882352941e+00,4312877
8.888173857124061e+03,8.886311312727413e+03,5.882352941176471e-01,4312881
8.889938563006414e+03,8.886784832566341e+03,5.882352941176471e-01,4312882
8.890459106998728e+03,8.885164989351669e+03,1.764705882352941e+00,4312879
8.891434818553301e+03,8.886101045214143e+03,1.764705882352941e+00,4312880
8.891730191742444e+03,8.889965485860091e+03,5.882352941176471e-01,4312883
8.892223812881081e+03,8.890148317031886e+03,5.882352941176471e-01,4312884
8.893199524435654e+03,8.890757516565397e+03,5.882352941176471e-01,4312885
8.893494897624797e+03,8.891400198683084e+03,5.882352941176471e-01,4312886
8.897553231463899e+03,8.895788525581546e+03,5.882352941176471e-01,4312889
8.898907953636486e+03,8.893613835989427e+03,1.764705882352941e+00,4312887
8.900753837006455e+03,8.895459719359396e+03,1.764705882352941e+00,4312888
8.902847349110958e+03,8.897311101777310e+03,1.764705882352941e+00,4312890
8.904202071283545e+03,8.897452989821377e+03,1.764705882352941e+00,4312891
8.904612054993311e+03,8.898213770302731e+03,5.882352941176471e-01,4312893
8.905966777165898e+03,8.898446357952155e+03,5.882352941176471e-01,4312894
8.906047954653513e+03,8.898005062080661e+03,1.764705882352941e+00,4312892
8.906376760875664e+03,8.901273146408221e+03,5.882352941176471e-01,4312895
8.907731483048251e+03,8.902300892366858e+03,5.882352941176471e-01,4312896
8.910823175604286e+03,8.909058469721933e+03,5.882352941176471e-01,4312899
8.911342072300572e+03,8.903170967895163e+03,1.764705882352941e+00,4312897
8.911670878522723e+03,8.906199599585484e+03,1.764705882352941e+00,4312898
8.914132801852156e+03,8.912368095969803e+03,5.882352941176471e-01,4312901
8.917037932180636e+03,8.911743814533578e+03,1.764705882352941e+00,4312900
8.919561555426607e+03,8.914267437779548e+03,1.764705882352941e+00,4312902
8.919996492558523e+03,8.914702374911464e+03,1.764705882352941e+00,4312903
8.920567343945342e+03,8.915138082414655e+03,1.176470588235294e+00,4312904
8.924018042230109e+03,8.922253336347756e+03,5.882352941176471e-01,4312907
8.924855673073665e+03,8.915750365051176e+03,1.764705882352941e+00,4312905
8.925290610205582e+03,8.917985293154116e+03,1.764705882352941e+00,4312906
8.926620378956018e+03,8.923331249438781e+03,5.882352941176471e-01,4312909
8.928385084838371e+03,8.925268465165030e+03,5.882352941176471e-01,4312911
8.929312159877168e+03,8.923297594040238e+03,1.764705882352941e+00,4312908
8.930149790720724e+03,8.925851547868174e+03,5.882352941176471e-01,4312912
8.930584727852641e+03,8.923714319643819e+03,1.764705882352941e+00,4312910
8.931076865759521e+03,8.927603066463832e+03,5.882352941176471e-01,4312913
8.933679202485430e+03,8.929170580121971e+03,1.176470588235294e+00,4312914
8.934246902027162e+03,8.932482196144809e+03,5.882352941176471e-01,4312916
8.935443908367783e+03,8.933238589817304e+03,5.882352941176471e-01,4312917
8.936046391890044e+03,8.934281686007691e+03,5.882352941176471e-01,4312918
8.937056232462696e+03,8.931762114815637e+03,1.764705882352941e+00,4312915
8.937811097772397e+03,8.934702277126884e+03,5.882352941176471e-01,4312920
8.938820938345049e+03,8.935702507282738e+03,5.882352941176471e-01,4312921
8.940738026014842e+03,8.934589752639939e+03,1.764705882352941e+00,4312919
8.943310354230937e+03,8.938016236583878e+03,1.764705882352941e+00,4312922
8.946717897729139e+03,8.944953191846786e+03,5.882352941176471e-01,4312923
8.948497171449068e+03,8.946732465566715e+03,5.882352941176471e-01,4312924
8.951776428905760e+03,8.950011723023407e+03,5.882352941176471e-01,4312925
8.953613258224055e+03,8.951848552341702e+03,5.882352941176471e-01,4312926
8.954473959601137e+03,8.952709253718784e+03,5.882352941176471e-01,4312927
8.961735710420962e+03,8.959971004538609e+03,5.882352941176471e-01,4312928
8.962689989185392e+03,8.960925283303039e+03,5.882352941176471e-01,4312929
8.964005442399627e+03,8.962240736517274e+03,5.882352941176471e-01,4312930
8.964392514866108e+03,8.962627808983755e+03,5.882352941176471e-01,4312931
8.966606453670725e+03,8.964841747788372e+03,5.882352941176471e-01,4312933
8.966705372812348e+03,8.964940666929995e+03,5.882352941176471e-01,4312934
8.967626150765149e+03,8.964096739000443e+03,1.176470588235294e+00,4312932
8.968371159553077e+03,8.965828637093944e+03,5.882352941176471e-01,4312935
8.968470078694701e+03,8.966637951154414e+03,5.882352941176471e-01,4312936
8.969390856647502e+03,8.967255666999284e+03,5.882352941176471e-01,4312937
8.970135865435430e+03,8.967437817683432e+03,5.882352941176471e-01,4312938
8.970234784577053e+03,8.967516727290580e+03,5.882352941176471e-01,4312939
8.971999490459406e+03,8.968668446888598e+03,5.882352941176471e-01,4312942
8.973764196341759e+03,8.969306701943564e+03,5.882352941176471e-01,4312943
8.974684974294561e+03,8.968563426217063e+03,1.764705882352941e+00,4312940
8.975429983082489e+03,8.968589750743506e+03,1.764705882352941e+00,4312941
8.975528902224112e+03,8.970031038149925e+03,5.882352941176471e-01,4312944
8.976449680176914e+03,8.970331311998177e+03,5.882352941176471e-01,4312945
8.980724100729548e+03,8.972777496594413e+03,1.764705882352941e+00,4312946
8.981009554069319e+03,8.977480142304613e+03,1.176470588235294e+00,4312948
8.981372758290464e+03,8.976078640643406e+03,1.764705882352941e+00,4312947
8.982488806611901e+03,8.978505884999185e+03,5.882352941176471e-01,4312949
8.982774259951672e+03,8.978754795206574e+03,5.882352941176471e-01,4312950
8.983137464172817e+03,8.978762796364737e+03,5.882352941176471e-01,4312951
8.984253512494254e+03,8.979069504912052e+03,5.882352941176471e-01,4312952
8.984538965834025e+03,8.979447687876751e+03,5.882352941176471e-01,4312953
8.986018218376607e+03,8.980566724046271e+03,5.882352941176471e-01,4312955
8.986303671716378e+03,8.980624878051473e+03,5.882352941176471e-01,4312956
8.987782924258960e+03,8.982325667002502e+03,5.882352941176471e-01,4312957
8.988068377598731e+03,8.982467880961053e+03,5.882352941176471e-01,4312958
8.988431581819876e+03,8.980244543757789e+03,1.764705882352941e+00,4312954
8.989833083481084e+03,8.983030232954733e+03,5.882352941176471e-01,4312960
8.990196287702229e+03,8.988403837434547e+03,5.882352941176471e-01,4312961
8.992019045675414e+03,8.990254339793061e+03,5.882352941176471e-01,4312962
8.993077041906019e+03,8.982652651692246e+03,1.764705882352941e+00,4312959
8.993783751557767e+03,8.990449686025472e+03,5.882352941176471e-01,4312964
8.994841747788372e+03,8.993036373105228e+03,5.882352941176471e-01,4312965
8.995553669672203e+03,8.990259552025144e+03,1.764705882352941e+00,4312963
8.996962631196888e+03,8.995197925314535e+03,5.882352941176471e-01,4312966
9.001268777693946e+03,8.999504071811593e+03,5.882352941176471e-01,4312968
9.001450624124577e+03,8.999685918242224e+03,5.882352941176471e-01,4312969
9.004246412274443e+03,8.998952294627384e+03,1.764705882352941e+00,4312967
9.005945711009567e+03,9.004181005127214e+03,5.882352941176471e-01,4312970
9.010872978594677e+03,9.009108272712324e+03,5.882352941176471e-01,4312971
9.011409701574001e+03,9.009644995691648e+03,5.882352941176471e-01,4312972
9.013296803702355e+03,9.011532097820002e+03,5.882352941176471e-01,4312973
9.015522044032055e+03,9.013757338149702e+03,5.882352941176471e-01,4312975
9.017560718557742e+03,9.012266600910683e+03,1.764705882352941e+00,4312974
9.019271124797777e+03,9.017506418915424e+03,5.882352941176471e-01,4312977
9.019429340931228e+03,9.014135223284169e+03,1.764705882352941e+00,4312976
9.020138725411260e+03,9.018374019528907e+03,5.882352941176471e-01,4312978
9.021552837809672e+03,9.019788131927319e+03,5.882352941176471e-01,4312979
9.023652222535809e+03,9.020122810771103e+03,1.176470588235294e+00,4312980
9.024806670072897e+03,9.023041964190544e+03,5.882352941176471e-01,4312982
9.025072772442962e+03,9.021543360678256e+03,1.176470588235294e+00,4312981
9.031040091932672e+03,9.025745974285613e+03,1.764705882352941e+00,4312983
9.031310411609755e+03,9.029545705727402e+03,5.882352941176471e-01,4312984
9.032804797815024e+03,9.030536004874224e+03,5.882352941176471e-01,4312986
9.033075117492108e+03,9.031103197998874e+03,5.882352941176471e-01,4312987
9.034985156508210e+03,9.029691038861151e+03,1.764705882352941e+00,4312985
9.034988445481744e+03,9.033223739599391e+03,5.882352941176471e-01,4312988
9.038215824617163e+03,9.036451118734810e+03,5.882352941176471e-01,4312990
9.038586448235916e+03,9.033292330588857e+03,1.764705882352941e+00,4312989
9.039916537011368e+03,9.038151831129015e+03,5.882352941176471e-01,4312991
9.040153082534089e+03,9.038388376651736e+03,5.882352941176471e-01,4312992
9.044047781687443e+03,9.042283075805091e+03,5.882352941176471e-01,4312995
9.046536590207334e+03,9.041242472560275e+03,1.764705882352941e+00,4312993
9.046548081464978e+03,9.041253963817919e+03,1.764705882352941e+00,4312994
9.049008924374240e+03,9.047244218491887e+03,5.882352941176471e-01,4312997
9.049833629694123e+03,9.048068923811771e+03,5.882352941176471e-01,4312998
9.050491637468210e+03,9.045197519821151e+03,1.764705882352941e+00,4312996
9.051803511674519e+03,9.050038805792166e+03,5.882352941176471e-01,4313000
9.055275016580969e+03,9.049980898933910e+03,1.764705882352941e+00,4312999
9.058637774286469e+03,9.056873068404116e+03,5.882352941176471e-01,4313002
9.059304097466527e+03,9.057539391584174e+03,5.882352941176471e-01,4313003
9.059832732581357e+03,9.054538614934298e+03,1.764705882352941e+00,4313001
9.063931891933528e+03,9.057750193921734e+03,1.764705882352941e+00,4313004
9.063993230546632e+03,9.062228524664279e+03,5.882352941176471e-01,4313005
9.065696597815881e+03,9.063668549895562e+03,5.882352941176471e-01,4313007
9.067770418407551e+03,9.062476300760493e+03,1.764705882352941e+00,4313006
9.068177328801392e+03,9.066412622919039e+03,5.882352941176471e-01,4313008
9.069820605976809e+03,9.068055900094456e+03,5.882352941176471e-01,4313009
9.073513488753352e+03,9.071748782870999e+03,5.882352941176471e-01,4313011
9.075278194635705e+03,9.073108014282749e+03,5.882352941176471e-01,4313013
9.076629951743476e+03,9.071335834096418e+03,1.764705882352941e+00,4313010
9.077042900518058e+03,9.073410858227493e+03,5.882352941176471e-01,4313014
9.078034620833174e+03,9.072740503186115e+03,1.764705882352941e+00,4313012
9.079068724109038e+03,9.077304018226685e+03,5.882352941176471e-01,4313015
9.079924438329223e+03,9.078159732446870e+03,5.882352941176471e-01,4313016
9.082720698103436e+03,9.080955992221084e+03,5.882352941176471e-01,4313018
9.083514127645796e+03,9.081749421763443e+03,5.882352941176471e-01,4313019
9.084059320867071e+03,9.080529909102365e+03,1.176470588235294e+00,4313017
9.084550782853257e+03,9.082786076970904e+03,5.882352941176471e-01,4313020
9.086114739290674e+03,9.084350033408321e+03,5.882352941176471e-01,4313021
9.088728107456546e+03,9.086963401574193e+03,5.882352941176471e-01,4313022
9.091364677337488e+03,9.087835265572782e+03,1.176470588235294e+00,4313023
9.093129383219841e+03,9.090236828056814e+03,5.882352941176471e-01,4313026
9.093344228476236e+03,9.088050110829178e+03,1.764705882352941e+00,4313024
9.094022225103605e+03,9.088117187535229e+03,1.764705882352941e+00,4313025
9.097252905728932e+03,9.095488199846579e+03,5.882352941176471e-01,4313028
9.098292175919581e+03,9.096527470037228e+03,5.882352941176471e-01,4313029
9.098423500866900e+03,9.092269096320731e+03,1.764705882352941e+00,4313027
9.102902672710027e+03,9.097608555062968e+03,1.764705882352941e+00,4313030
9.104738393809949e+03,9.102973687927596e+03,5.882352941176471e-01,4313031
9.106336772660467e+03,9.104572066778114e+03,5.882352941176471e-01,4313033
9.106804066744518e+03,9.103274654979812e+03,1.176470588235294e+00,4313032
9.112007605892427e+03,9.110242900010074e+03,5.882352941176471e-01,4313035
9.114112368388066e+03,9.108818250741007e+03,1.764705882352941e+00,4313034
9.114244552347505e+03,9.112479846465152e+03,5.882352941176471e-01,4313037
9.115608930470350e+03,9.110314812823291e+03,1.764705882352941e+00,4313036
9.117948416547784e+03,9.116183710665431e+03,5.882352941176471e-01,4313039
9.119406486035124e+03,9.112866437514418e+03,1.764705882352941e+00,4313038
9.121962232680730e+03,9.116668115033671e+03,1.764705882352941e+00,4313040
9.123242534194843e+03,9.117317410919226e+03,1.764705882352941e+00,4313041
9.123726938563083e+03,9.117978737104283e+03,5.882352941176471e-01,4313043
9.124700603682183e+03,9.117831889517418e+03,1.764705882352941e+00,4313042
9.125007240077196e+03,9.118264584780253e+03,5.882352941176471e-01,4313044
9.126771945959549e+03,9.119809811931427e+03,5.882352941176471e-01,4313047
9.128536651841901e+03,9.121461689371464e+03,5.882352941176471e-01,4313048
9.129021056210142e+03,9.118907888567227e+03,1.764705882352941e+00,4313045
9.129994721329242e+03,9.119016646957546e+03,1.764705882352941e+00,4313046
9.130301357724254e+03,9.122955543098649e+03,5.882352941176471e-01,4313049
9.134315173857200e+03,9.124677285844346e+03,1.764705882352941e+00,4313050
9.135288838976301e+03,9.128555029388946e+03,1.764705882352941e+00,4313051
9.135595475371313e+03,9.129074623235627e+03,1.764705882352941e+00,4313052
9.137053544858654e+03,9.129978240925050e+03,5.882352941176471e-01,4313054
9.137360181253666e+03,9.130157541211144e+03,5.882352941176471e-01,4313055
9.138818250741007e+03,9.133798501701508e+03,5.882352941176471e-01,4313056
9.139124887136019e+03,9.135097578110296e+03,5.882352941176471e-01,4313057
9.139609291504259e+03,9.129347843693032e+03,1.764705882352941e+00,4313053
9.140582956623360e+03,9.136877195503666e+03,5.882352941176471e-01,4313058
9.143164932718367e+03,9.141400226836014e+03,5.882352941176471e-01,4313059
9.143176670401236e+03,9.141411964518883e+03,5.882352941176471e-01,4313060
9.144929638600720e+03,9.141732594901656e+03,5.882352941176471e-01,4313062
9.146800698781225e+03,9.141506581134166e+03,1.764705882352941e+00,4313061
9.151630566341046e+03,9.146336448693987e+03,1.764705882352941e+00,4313063
9.151720954754007e+03,9.146426837106948e+03,1.764705882352941e+00,4313064
9.153452477014742e+03,9.148158359367684e+03,1.764705882352941e+00,4313065
9.155159978105752e+03,9.150814808147004e+03,1.176470588235294e+00,4313066
9.156924683988105e+03,9.151858399761105e+03,5.882352941176471e-01,4313069
9.157015072401065e+03,9.151237807663665e+03,1.764705882352941e+00,4313067
9.158746594661801e+03,9.151752890097337e+03,1.764705882352941e+00,4313068
9.170260012487668e+03,9.168495306605315e+03,5.882352941176471e-01,4313071
9.171025889736435e+03,9.165731772089376e+03,1.764705882352941e+00,4313070
9.172128004296494e+03,9.170363298414141e+03,5.882352941176471e-01,4313072
9.176266569273259e+03,9.174501863390906e+03,5.882352941176471e-01,4313074
9.178469885656342e+03,9.176705179773989e+03,5.882352941176471e-01,4313076
9.179675448933026e+03,9.174381331285967e+03,1.764705882352941e+00,4313073
9.180196090661986e+03,9.174901973014927e+03,1.764705882352941e+00,4313075
9.181440154815379e+03,9.179649625675246e+03,5.882352941176471e-01,4313078
9.182905147347648e+03,9.181140441465295e+03,5.882352941176471e-01,4313079
9.183764003303400e+03,9.178444959324039e+03,1.764705882352941e+00,4313077
9.184669853230001e+03,9.182216937835608e+03,5.882352941176471e-01,4313081
9.185528709185753e+03,9.183178195289324e+03,5.882352941176471e-01,4313082
9.186734272462438e+03,9.181394116842424e+03,1.764705882352941e+00,4313080
9.188041475196509e+03,9.186276769314156e+03,5.882352941176471e-01,4313083
9.188571059642709e+03,9.186806353760356e+03,5.882352941176471e-01,4313084
9.192654131210002e+03,9.190889425327649e+03,5.882352941176471e-01,4313087
9.192875746580364e+03,9.187581628933305e+03,1.764705882352941e+00,4313085
9.194418837092355e+03,9.191301062773576e+03,5.882352941176471e-01,4313088
9.194499497139332e+03,9.189205379492273e+03,1.764705882352941e+00,4313086
9.194640452462717e+03,9.192068112311621e+03,5.882352941176471e-01,4313089
9.196183542974708e+03,9.193037145027180e+03,5.882352941176471e-01,4313090
9.200490458476032e+03,9.195196340828974e+03,1.764705882352941e+00,4313091
9.200906122348863e+03,9.199141416466510e+03,5.882352941176471e-01,4313093
9.202255164358385e+03,9.199521104494373e+03,5.882352941176471e-01,4313094
9.203431000543267e+03,9.198136882896208e+03,1.764705882352941e+00,4313092
9.204019870240738e+03,9.202027897169624e+03,5.882352941176471e-01,4313096
9.205195706425620e+03,9.202070395499405e+03,5.882352941176471e-01,4313097
9.205784576123091e+03,9.202190141043946e+03,5.882352941176471e-01,4313098
9.206200239995921e+03,9.199687204464601e+03,1.764705882352941e+00,4313095
9.206960412307973e+03,9.202713107587984e+03,5.882352941176471e-01,4313099
9.207964945878274e+03,9.204072352793571e+03,5.882352941176471e-01,4313101
9.209729651760627e+03,9.204595767236518e+03,5.882352941176471e-01,4313103
9.211078693770150e+03,9.203586496129652e+03,1.764705882352941e+00,4313100
9.211494357642980e+03,9.204631835388710e+03,5.882352941176471e-01,4313104
9.212254529955032e+03,9.204181246541343e+03,1.764705882352941e+00,4313102
9.212843399652503e+03,9.206404041320310e+03,5.882352941176471e-01,4313105
9.213259063525333e+03,9.207287443554989e+03,5.882352941176471e-01,4313106
9.214019235837385e+03,9.207313015304386e+03,5.882352941176471e-01,4313107
9.215023769407686e+03,9.208028128673002e+03,5.882352941176471e-01,4313109
9.215783941719737e+03,9.208639247233294e+03,5.882352941176471e-01,4313110
9.216372811417209e+03,9.207435684750096e+03,1.176470588235294e+00,4313108
9.218553181172392e+03,9.213263452284746e+03,1.176470588235294e+00,4313111
9.223782789614976e+03,9.218488671967918e+03,1.764705882352941e+00,4313112
9.224194906366660e+03,9.218900788719601e+03,1.764705882352941e+00,4313113
9.225963629072467e+03,9.224198923190114e+03,5.882352941176471e-01,4313114
9.229602728358702e+03,9.227838022476349e+03,5.882352941176471e-01,4313116
9.230720272546069e+03,9.227190860781363e+03,1.176470588235294e+00,4313115
9.236830735362195e+03,9.233301323597489e+03,1.176470588235294e+00,4313117
9.240494558927978e+03,9.238729853045625e+03,5.882352941176471e-01,4313118
9.242336655343560e+03,9.240571949461207e+03,5.882352941176471e-01,4313120
9.244469148665179e+03,9.239175031018120e+03,1.764705882352941e+00,4313119
9.244877356412354e+03,9.241347944647648e+03,1.176470588235294e+00,4313121
9.247630772990619e+03,9.242186148846778e+03,1.764705882352941e+00,4313122
9.248624403200790e+03,9.246859697318438e+03,5.882352941176471e-01,4313124
9.249763266312238e+03,9.242210791182695e+03,1.764705882352941e+00,4313123
9.250389109083143e+03,9.247661539979730e+03,5.882352941176471e-01,4313126
9.251527972194591e+03,9.247771669144869e+03,5.882352941176471e-01,4313127
9.252924890637678e+03,9.246934782580146e+03,1.764705882352941e+00,4313125
9.255354435506868e+03,9.253589729624515e+03,5.882352941176471e-01,4313129
9.255411657984443e+03,9.253646952102090e+03,5.882352941176471e-01,4313130
9.257391550645068e+03,9.252097432998009e+03,1.764705882352941e+00,4313128
9.258766862162557e+03,9.257002156280204e+03,5.882352941176471e-01,4313132
9.261880555819805e+03,9.256586438172747e+03,1.764705882352941e+00,4313131
9.263297411592918e+03,9.258003293945859e+03,1.764705882352941e+00,4313133
9.263645261702158e+03,9.259058542235509e+03,5.882352941176471e-01,4313135
9.264180519936298e+03,9.258886402289239e+03,1.764705882352941e+00,4313134
9.265945225818651e+03,9.263009565798696e+03,5.882352941176471e-01,4313138
9.268591529239977e+03,9.259861820026338e+03,1.764705882352941e+00,4313136
9.268939379349217e+03,9.262254147524606e+03,1.764705882352941e+00,4313137
9.270704085231570e+03,9.266889364160788e+03,5.882352941176471e-01,4313141
9.271239343465710e+03,9.263602617921715e+03,1.764705882352941e+00,4313139
9.273004049348063e+03,9.267263899226097e+03,5.882352941176471e-01,4313143
9.273885646887036e+03,9.265316978177859e+03,1.764705882352941e+00,4313140
9.274233496996276e+03,9.267228887027193e+03,1.176470588235294e+00,4313142
9.274768755230416e+03,9.268112243399904e+03,5.882352941176471e-01,4313144
9.275998202878629e+03,9.271430279327852e+03,5.882352941176471e-01,4313146
9.277415058651741e+03,9.270083261048208e+03,1.176470588235294e+00,4313145
9.279527614643335e+03,9.272995555611376e+03,1.176470588235294e+00,4313148
9.280062872877475e+03,9.272767133021605e+03,1.764705882352941e+00,4313147
9.281292320525688e+03,9.274867271425457e+03,5.882352941176471e-01,4313150
9.282709176298800e+03,9.273144143723479e+03,1.764705882352941e+00,4313149
9.283057026408041e+03,9.277596639980051e+03,5.882352941176471e-01,4313152
9.285356990524533e+03,9.277182365200608e+03,1.764705882352941e+00,4313151
9.288487920332795e+03,9.286723214450442e+03,5.882352941176471e-01,4313154
9.288788721483562e+03,9.287024015601210e+03,5.882352941176471e-01,4313155
9.290252626215148e+03,9.288138811622227e+03,5.882352941176471e-01,4313156
9.291221253514993e+03,9.285927135867934e+03,1.764705882352941e+00,4313153
9.294174736751019e+03,9.288880619103960e+03,1.764705882352941e+00,4313157
9.294858823341705e+03,9.291329411577000e+03,1.176470588235294e+00,4313158
9.294972356988949e+03,9.293207651106596e+03,5.882352941176471e-01,4313159
9.297247887370364e+03,9.295483181488011e+03,5.882352941176471e-01,4313161
9.299070678289297e+03,9.297305972406944e+03,5.882352941176471e-01,4313162
9.300407740517535e+03,9.295113622870476e+03,1.764705882352941e+00,4313160
9.303173240708213e+03,9.301408534825860e+03,5.882352941176471e-01,4313163
9.305812357738441e+03,9.304047651856088e+03,5.882352941176471e-01,4313164
9.306434283931068e+03,9.304669578048715e+03,5.882352941176471e-01,4313165
9.306811129164740e+03,9.305046423282387e+03,5.882352941176471e-01,4313166
9.308881887660825e+03,9.307117181778472e+03,5.882352941176471e-01,4313168
9.310752071440383e+03,9.308987365558031e+03,5.882352941176471e-01,4313170
9.311161577889120e+03,9.305867460242061e+03,1.764705882352941e+00,4313167
9.312516777322736e+03,9.309154753387776e+03,5.882352941176471e-01,4313171
9.313188484473647e+03,9.307894366826589e+03,1.764705882352941e+00,4313169
9.313374107928162e+03,9.311609402045809e+03,5.882352941176471e-01,4313172
9.314281483205089e+03,9.311644544199722e+03,5.882352941176471e-01,4313173
9.314953190356000e+03,9.312155839126600e+03,5.882352941176471e-01,4313174
9.315138813810515e+03,9.312836291318975e+03,5.882352941176471e-01,4313175
9.317810894969795e+03,9.313871712508388e+03,1.176470588235294e+00,4313176
9.325362791135307e+03,9.320068673488249e+03,1.764705882352941e+00,4313177
9.326502071484001e+03,9.324737365601649e+03,5.882352941176471e-01,4313178
9.326622279842003e+03,9.324857573959650e+03,5.882352941176471e-01,4313179
9.328266777366354e+03,9.326249142667581e+03,5.882352941176471e-01,4313181
9.328892202900013e+03,9.325298366797191e+03,1.176470588235294e+00,4313180
9.329525119697883e+03,9.327760413815530e+03,5.882352941176471e-01,4313182
9.330656908782366e+03,9.328690048183201e+03,5.882352941176471e-01,4313184
9.332421614664719e+03,9.330518418185841e+03,5.882352941176471e-01,4313186
9.333832609099533e+03,9.328538491452475e+03,1.764705882352941e+00,4313183
9.334186320547072e+03,9.331558153773434e+03,5.882352941176471e-01,4313187
9.334819237344942e+03,9.329176411049554e+03,1.764705882352941e+00,4313185
9.335597314981886e+03,9.332038399177424e+03,5.882352941176471e-01,4313188
9.337362020864239e+03,9.335576220643821e+03,5.882352941176471e-01,4313191
9.339480438194131e+03,9.332351044502767e+03,1.764705882352941e+00,4313189
9.339831022404079e+03,9.338066316521726e+03,5.882352941176471e-01,4313192
9.340476309533383e+03,9.335182191886324e+03,1.764705882352941e+00,4313190
9.342608341778950e+03,9.340843635896597e+03,5.882352941176471e-01,4313194
9.343101819112193e+03,9.339572407347487e+03,1.176470588235294e+00,4313193
9.344435612257157e+03,9.342670906374804e+03,5.882352941176471e-01,4313196
9.346911642659142e+03,9.341617525012083e+03,1.764705882352941e+00,4313195
9.350286212786856e+03,9.348521506904503e+03,5.882352941176471e-01,4313199
9.351893109389438e+03,9.348363697624732e+03,1.176470588235294e+00,4313198
9.352889338178912e+03,9.351124632296559e+03,5.882352941176471e-01,4313200
9.353437894113800e+03,9.348143776466742e+03,1.764705882352941e+00,4313197
9.354654044061265e+03,9.352650650790186e+03,5.882352941176471e-01,4313202
9.355422521154143e+03,9.351887670590302e+03,1.176470588235294e+00,4313201
9.356418749943618e+03,9.354651260350240e+03,5.882352941176471e-01,4313204
9.357187227036496e+03,9.355071613114959e+03,5.882352941176471e-01,4313205
9.357971609673615e+03,9.354442197908909e+03,1.176470588235294e+00,4313203
9.360716638801202e+03,9.355360135132061e+03,1.176470588235294e+00,4313207
9.361712867590677e+03,9.355183512961723e+03,1.764705882352941e+00,4313206
9.362481344683555e+03,9.356259164948059e+03,5.882352941176471e-01,4313209
9.363265727320674e+03,9.355452114641946e+03,1.764705882352941e+00,4313208
9.364246050565908e+03,9.357930829574797e+03,5.882352941176471e-01,4313211
9.365030433203027e+03,9.358140901530270e+03,5.882352941176471e-01,4313212
9.367006985237735e+03,9.356649710802056e+03,1.764705882352941e+00,4313210
9.369540168212967e+03,9.358866776029338e+03,1.764705882352941e+00,4313213
9.370324550850086e+03,9.359897661837850e+03,1.764705882352941e+00,4313214
9.371304874095320e+03,9.360681640210176e+03,5.882352941176471e-01,4313216
9.372089256732439e+03,9.361961924360200e+03,5.882352941176471e-01,4313217
9.372301102884794e+03,9.360098012209393e+03,1.764705882352941e+00,4313215
9.373853962614792e+03,9.363831324404984e+03,5.882352941176471e-01,4313219
9.374065808767147e+03,9.364344219925554e+03,5.882352941176471e-01,4313220
9.374834285860026e+03,9.363043472432925e+03,1.176470588235294e+00,4313218
9.377383374379498e+03,9.365361742095065e+03,1.176470588235294e+00,4313221
9.377595220531853e+03,9.365490556833041e+03,1.176470588235294e+00,4313222
9.379148080261851e+03,9.367144408203133e+03,5.882352941176471e-01,4313224
9.379359926414206e+03,9.367342504792508e+03,5.882352941176471e-01,4313225
9.380128403507085e+03,9.366270226076111e+03,1.764705882352941e+00,4313223
9.381893109389438e+03,9.374120770812044e+03,5.882352941176471e-01,4313228
9.382677492026556e+03,9.369831065118032e+03,1.176470588235294e+00,4313226
9.384442197908909e+03,9.374461534897756e+03,5.882352941176471e-01,4313230
9.384654044061265e+03,9.370953826170020e+03,1.764705882352941e+00,4313227
9.385422521154143e+03,9.374377771802142e+03,1.176470588235294e+00,4313229
9.386206903791262e+03,9.377798645086246e+03,5.882352941176471e-01,4313231
9.387187227036496e+03,9.379067794520547e+03,5.882352941176471e-01,4313233
9.388951932918849e+03,9.381957805547296e+03,5.882352941176471e-01,4313235
9.389948161708324e+03,9.378965882626276e+03,1.764705882352941e+00,4313232
9.390716638801202e+03,9.384852944846103e+03,5.882352941176471e-01,4313236
9.391501021438321e+03,9.380655836689104e+03,1.764705882352941e+00,4313234
9.391712867590677e+03,9.384885031398166e+03,5.882352941176471e-01,4313237
9.392481344683555e+03,9.386395220699753e+03,5.882352941176471e-01,4313238
9.393265727320674e+03,9.387245293178858e+03,5.882352941176471e-01,4313239
9.393477573473030e+03,9.388367053544675e+03,5.882352941176471e-01,4313240
9.394246050565908e+03,9.389413142007510e+03,5.882352941176471e-01,4313241
9.395030433203027e+03,9.391923748377006e+03,5.882352941176471e-01,4313242
9.395242279355382e+03,9.392695717804285e+03,5.882352941176471e-01,4313243
9.396795139085380e+03,9.393336192243288e+03,5.882352941176471e-01,4313245
9.397006985237735e+03,9.393466688626203e+03,5.882352941176471e-01,4313246
9.398844024634955e+03,9.397079318752602e+03,5.882352941176471e-01,4313248
9.399540168212967e+03,9.393178142269469e+03,1.764705882352941e+00,4313244
9.400324550850086e+03,9.394502156146354e+03,1.176470588235294e+00,4313247
9.400608730517308e+03,9.398742749010983e+03,5.882352941176471e-01,4313249
9.401517773143004e+03,9.399753067260651e+03,5.882352941176471e-01,4313250
9.402338429362582e+03,9.400573723480229e+03,5.882352941176471e-01,4313251
9.404690048749342e+03,9.402925342866989e+03,5.882352941176471e-01,4313252
9.412580634969107e+03,9.410815929086754e+03,5.882352941176471e-01,4313255
9.414162441468177e+03,9.408868323821118e+03,1.764705882352941e+00,4313253
9.414719943210819e+03,9.409425825563760e+03,1.764705882352941e+00,4313254
9.417874752616166e+03,9.411012434322281e+03,1.764705882352941e+00,4313256
9.419456559115236e+03,9.411549800944459e+03,1.764705882352941e+00,4313257
9.419639458498519e+03,9.416475875915905e+03,5.882352941176471e-01,4313259
9.420793459983064e+03,9.415499342336005e+03,1.764705882352941e+00,4313258
9.424322871747770e+03,9.418423142301056e+03,1.176470588235294e+00,4313262
9.424750676762294e+03,9.417068541208008e+03,1.764705882352941e+00,4313260
9.424933576145577e+03,9.417367486560145e+03,1.764705882352941e+00,4313261
9.426515382644647e+03,9.421853581246967e+03,5.882352941176471e-01,4313264
9.429616989394829e+03,9.420614320391471e+03,1.764705882352941e+00,4313263
9.430227693792636e+03,9.424687902117633e+03,1.764705882352941e+00,4313265
9.431809500291706e+03,9.426033559835064e+03,1.764705882352941e+00,4313266
9.433574206174059e+03,9.427615022018444e+03,5.882352941176471e-01,4313269
9.434911107041888e+03,9.426699950669803e+03,1.764705882352941e+00,4313267
9.435338912056412e+03,9.427948946036636e+03,5.882352941176471e-01,4313270
9.435521811439695e+03,9.426869804200971e+03,1.764705882352941e+00,4313268
9.437286517322048e+03,9.432106883601177e+03,5.882352941176471e-01,4313273
9.440205224688946e+03,9.429701627043823e+03,1.764705882352941e+00,4313271
9.440633029703471e+03,9.430270658649973e+03,1.764705882352941e+00,4313272
9.442580634969107e+03,9.432535367821978e+03,1.764705882352941e+00,4313274
9.445499342336005e+03,9.433914981307860e+03,1.764705882352941e+00,4313275
9.445927147350530e+03,9.434614231761159e+03,1.764705882352941e+00,4313276
9.446110046733813e+03,9.434803514003754e+03,1.176470588235294e+00,4313277
9.449639458498519e+03,9.437665176286369e+03,1.176470588235294e+00,4313280
9.450793459983064e+03,9.436113884925280e+03,1.764705882352941e+00,4313278
9.451221264997589e+03,9.436314169289730e+03,1.764705882352941e+00,4313279
9.452558165865417e+03,9.439921872274121e+03,5.882352941176471e-01,4313282
9.454933576145577e+03,9.438902742949138e+03,1.764705882352941e+00,4313281
9.456087577630123e+03,9.442490684326089e+03,1.176470588235294e+00,4313284
9.456515382644647e+03,9.440791293134537e+03,1.764705882352941e+00,4313283
9.457852283512476e+03,9.454112238890437e+03,5.882352941176471e-01,4313286
9.458280088527000e+03,9.455431013795606e+03,5.882352941176471e-01,4313287
9.459616989394829e+03,9.455842020673261e+03,5.882352941176471e-01,4313288
9.460044794409353e+03,9.456042977779824e+03,5.882352941176471e-01,4313289
9.460227693792636e+03,9.451224019405448e+03,1.764705882352941e+00,4313285
9.461877699360294e+03,9.460112993477941e+03,5.882352941176471e-01,4313290
9.464301442938097e+03,9.462536737055744e+03,5.882352941176471e-01,4313291
9.465608241736562e+03,9.463843535854209e+03,5.882352941176471e-01,4313292
9.466948128859017e+03,9.465183422976664e+03,5.882352941176471e-01,4313293
9.468399389554010e+03,9.466634683671657e+03,5.882352941176471e-01,4313294
9.468953962257735e+03,9.467189256375382e+03,5.882352941176471e-01,4313295
9.471224650435130e+03,9.467695238670424e+03,1.176470588235294e+00,4313296
9.472873567242700e+03,9.471108861360347e+03,5.882352941176471e-01,4313297
9.476320944223471e+03,9.472791532458765e+03,1.176470588235294e+00,4313298
9.479335201973782e+03,9.477570496091429e+03,5.882352941176471e-01,4313299
9.480273007940747e+03,9.478508302058394e+03,5.882352941176471e-01,4313300
9.480392786982061e+03,9.478628081099708e+03,5.882352941176471e-01,4313301
9.486079933496280e+03,9.480785815849221e+03,1.764705882352941e+00,4313302
9.486611484930731e+03,9.481317367283672e+03,1.764705882352941e+00,4313303
9.487844639378633e+03,9.482832193957555e+03,5.882352941176471e-01,4313305
9.487920140753083e+03,9.482626023106025e+03,1.764705882352941e+00,4313304
9.488376190813084e+03,9.483120904141304e+03,5.882352941176471e-01,4313306
9.489609345260986e+03,9.485058027087701e+03,5.882352941176471e-01,4313307
9.490140896695437e+03,9.486581560417810e+03,5.882352941176471e-01,4313309
9.493214258400142e+03,9.485397271823731e+03,1.764705882352941e+00,4313308
9.496433359670897e+03,9.494668653788544e+03,5.882352941176471e-01,4313311
9.497429971054328e+03,9.492135853407270e+03,1.764705882352941e+00,4313310
9.498068994298633e+03,9.496304288416280e+03,5.882352941176471e-01,4313312
9.498531172786006e+03,9.496766466903653e+03,5.882352941176471e-01,4313313
9.500602319462286e+03,9.498837613579933e+03,5.882352941176471e-01,4313314
9.508145391743403e+03,9.506380685861050e+03,5.882352941176471e-01,4313315
9.509599524675111e+03,9.507834818792758e+03,5.882352941176471e-01,4313317
9.512195667233984e+03,9.506901549586925e+03,1.764705882352941e+00,4313316
9.515627035059777e+03,9.513862329177425e+03,5.882352941176471e-01,4313319
9.517606291928845e+03,9.512312174281786e+03,1.764705882352941e+00,4313318
9.517693735152278e+03,9.515929029269925e+03,5.882352941176471e-01,4313321
9.519370997811198e+03,9.516036180585800e+03,5.882352941176471e-01,4313322
9.519644951970495e+03,9.514350834323436e+03,1.764705882352941e+00,4313320
9.521223146916984e+03,9.516700772785151e+03,1.176470588235294e+00,4313323
9.525923818438978e+03,9.524159112556625e+03,5.882352941176471e-01,4313325
9.527649295817743e+03,9.522355178170684e+03,1.764705882352941e+00,4313324
9.531481927545074e+03,9.529717221662721e+03,5.882352941176471e-01,4313327
9.533233406695260e+03,9.527939289048201e+03,1.764705882352941e+00,4313326
9.534998076274589e+03,9.531468664509884e+03,1.176470588235294e+00,4313328
9.535395437821043e+03,9.533630731938690e+03,5.882352941176471e-01,4313329
9.539689633251668e+03,9.534395515604609e+03,1.764705882352941e+00,4313330
9.541454339134021e+03,9.539463072755770e+03,5.882352941176471e-01,4313333
9.543012294649983e+03,9.537718177002924e+03,1.764705882352941e+00,4313331
9.543219045016373e+03,9.539559566402883e+03,5.882352941176471e-01,4313334
9.544249420858953e+03,9.538955303211895e+03,1.764705882352941e+00,4313332
9.554576222360732e+03,9.552811516478379e+03,5.882352941176471e-01,4313337
9.555971214780079e+03,9.550677097133020e+03,1.764705882352941e+00,4313335
9.556340928243085e+03,9.553523586214147e+03,5.882352941176471e-01,4313338
9.557472220340865e+03,9.552178102693806e+03,1.764705882352941e+00,4313336
9.559236926223218e+03,9.557228119286620e+03,5.882352941176471e-01,4313341
9.561265332427138e+03,9.555160761746726e+03,1.764705882352941e+00,4313339
9.561553297426253e+03,9.559788591543900e+03,5.882352941176471e-01,4313342
9.561635045890143e+03,9.555939177575526e+03,1.764705882352941e+00,4313340
9.563030038309491e+03,9.559800690265479e+03,5.882352941176471e-01,4313343
9.563399751772496e+03,9.561161612922053e+03,5.882352941176471e-01,4313345
9.564986968056004e+03,9.563222262173651e+03,5.882352941176471e-01,4313346
9.565082709190959e+03,9.559982367162395e+03,1.176470588235294e+00,4313344
9.565543605514762e+03,9.563778899632409e+03,5.882352941176471e-01,4313347
9.567663174860080e+03,9.565898468977727e+03,5.882352941176471e-01,4313348
9.567885080264275e+03,9.566120374381922e+03,5.882352941176471e-01,4313349
9.571748061113244e+03,9.566453943466185e+03,1.764705882352941e+00,4313350
9.572626862041170e+03,9.570862156158817e+03,5.882352941176471e-01,4313351
9.576773414325039e+03,9.575008708442686e+03,5.882352941176471e-01,4313353
9.577650539532580e+03,9.575885833650227e+03,5.882352941176471e-01,4313354
9.578221683876099e+03,9.572927566229040e+03,1.764705882352941e+00,4313352
9.578538120207392e+03,9.576665387767206e+03,5.882352941176471e-01,4313355
9.579986389758452e+03,9.576928599425473e+03,5.882352941176471e-01,4313357
9.580302826089745e+03,9.578211307506887e+03,5.882352941176471e-01,4313358
9.581179951297286e+03,9.576723648301193e+03,1.176470588235294e+00,4313356
9.585864412741844e+03,9.584099706859491e+03,5.882352941176471e-01,4313359
9.588034891345951e+03,9.586270185463598e+03,5.882352941176471e-01,4313361
9.588435865888171e+03,9.586671160005818e+03,5.882352941176471e-01,4313362
9.589799597228304e+03,9.587495439398592e+03,5.882352941176471e-01,4313363
9.589988109271149e+03,9.584693991624090e+03,1.764705882352941e+00,4313360
9.590200571770524e+03,9.587976277910197e+03,5.882352941176471e-01,4313364
9.592188095685110e+03,9.590423389802757e+03,5.882352941176471e-01,4313365
9.596090979470439e+03,9.590796861823380e+03,1.764705882352941e+00,4313366
9.596241182984155e+03,9.594476477101802e+03,5.882352941176471e-01,4313368
9.598390050889894e+03,9.593095933242835e+03,1.764705882352941e+00,4313367
9.598888705682647e+03,9.597123999800294e+03,5.882352941176471e-01,4313369
9.599038904273957e+03,9.597274198391604e+03,5.882352941176471e-01,4313370
9.600154756772247e+03,9.597324046316438e+03,5.882352941176471e-01,4313371
9.601371104200531e+03,9.599606398318178e+03,5.882352941176471e-01,4313373
9.604182823329706e+03,9.597401655785829e+03,1.764705882352941e+00,4313372
9.607342202060052e+03,9.602048084412993e+03,1.764705882352941e+00,4313374
9.607850589887855e+03,9.602556472240796e+03,1.764705882352941e+00,4313375
9.612742940208753e+03,9.607448822561694e+03,1.764705882352941e+00,4313376
9.613553044224344e+03,9.608258926577286e+03,1.764705882352941e+00,4313377
9.614024614828594e+03,9.612259908946241e+03,5.882352941176471e-01,4313378
9.615345241632637e+03,9.613580535750284e+03,5.882352941176471e-01,4313380
9.617016302813680e+03,9.613486891048975e+03,1.176470588235294e+00,4313379
9.618781008696033e+03,9.614904948810306e+03,5.882352941176471e-01,4313383
9.619318732475653e+03,9.613969147912305e+03,1.764705882352941e+00,4313381
9.620545714578386e+03,9.616187394125073e+03,5.882352941176471e-01,4313384
9.620639359279696e+03,9.614499022426083e+03,1.764705882352941e+00,4313382
9.622310420460739e+03,9.620537046950744e+03,5.882352941176471e-01,4313386
9.624612850122712e+03,9.616660817434270e+03,1.764705882352941e+00,4313385
9.626248878936397e+03,9.620954761289338e+03,1.764705882352941e+00,4313387
9.626609223133322e+03,9.624844517250969e+03,5.882352941176471e-01,4313389
9.627932363911862e+03,9.622638246264803e+03,1.764705882352941e+00,4313388
9.628013584818750e+03,9.626131820162158e+03,5.882352941176471e-01,4313390
9.628373929015675e+03,9.626205370672361e+03,5.882352941176471e-01,4313391
9.629697069794215e+03,9.627488741902978e+03,5.882352941176471e-01,4313392
9.629778290701103e+03,9.627744354242460e+03,5.882352941176471e-01,4313393
9.633026000062853e+03,9.631261294180500e+03,5.882352941176471e-01,4313394
9.639227109580847e+03,9.637462403698494e+03,5.882352941176471e-01,4313395
9.639474829679201e+03,9.637710123796848e+03,5.882352941176471e-01,4313396
9.640449718271381e+03,9.638685012389028e+03,5.882352941176471e-01,4313397
9.643876138610103e+03,9.642111432727750e+03,5.882352941176471e-01,4313400
9.644521227227905e+03,9.638727616086616e+03,1.764705882352941e+00,4313398
9.646446826340350e+03,9.641152708693291e+03,1.764705882352941e+00,4313399
9.649170256257162e+03,9.642198311661030e+03,1.764705882352941e+00,4313401
9.649815344874964e+03,9.644510892423796e+03,1.764705882352941e+00,4313402
9.650934962139515e+03,9.646791575792081e+03,5.882352941176471e-01,4313404
9.651580050757317e+03,9.647604363926401e+03,5.882352941176471e-01,4313405
9.651740943987409e+03,9.644919514515388e+03,1.764705882352941e+00,4313403
9.652699668021868e+03,9.648699377058389e+03,5.882352941176471e-01,4313406
9.653785553732986e+03,9.652020847850633e+03,5.882352941176471e-01,4313407
9.654158718043428e+03,9.652394012161075e+03,5.882352941176471e-01,4313408
9.656824201216805e+03,9.655059495334452e+03,5.882352941176471e-01,4313410
9.657567535444919e+03,9.655802829562566e+03,5.882352941176471e-01,4313411
9.658810162994740e+03,9.653516045347681e+03,1.764705882352941e+00,4313409
9.662103778449098e+03,9.660339072566745e+03,5.882352941176471e-01,4313412
9.665593608889534e+03,9.663828903007181e+03,5.882352941176471e-01,4313414
9.665666901046973e+03,9.662137489282267e+03,1.176470588235294e+00,4313413
9.667080444986308e+03,9.665315739103955e+03,5.882352941176471e-01,4313415
9.668226800709906e+03,9.666462094827553e+03,5.882352941176471e-01,4313416
9.671112415471918e+03,9.669347709589565e+03,5.882352941176471e-01,4313418
9.671123810317595e+03,9.669359104435242e+03,5.882352941176471e-01,4313419
9.672636282467221e+03,9.667342164820162e+03,1.764705882352941e+00,4313417
9.674400988349574e+03,9.670888358509061e+03,5.882352941176471e-01,4313422
9.676165694231927e+03,9.670901660630714e+03,5.882352941176471e-01,4313423
9.676406533118977e+03,9.669819718996635e+03,1.764705882352941e+00,4313420
9.676417927964654e+03,9.670735359552847e+03,1.764705882352941e+00,4313421
9.678182633847007e+03,9.672983906917650e+03,5.882352941176471e-01,4313426
9.679947339729359e+03,9.674758336055024e+03,5.882352941176471e-01,4313427
9.681459811878985e+03,9.671050265747957e+03,1.764705882352941e+00,4313424
9.681700650766036e+03,9.672429558959164e+03,1.764705882352941e+00,4313425
9.681712045611712e+03,9.675809237756699e+03,5.882352941176471e-01,4313428
9.683224517761338e+03,9.678077409638949e+03,5.882352941176471e-01,4313429
9.683465356648389e+03,9.680173440970689e+03,5.882352941176471e-01,4313430
9.683476751494065e+03,9.680611739511841e+03,5.882352941176471e-01,4313431
9.684989223643691e+03,9.681515050963066e+03,5.882352941176471e-01,4313432
9.687316410238909e+03,9.683786998474203e+03,1.176470588235294e+00,4313434
9.688759474295447e+03,9.682262269365419e+03,1.764705882352941e+00,4313433
9.690283341290750e+03,9.684874842761669e+03,1.764705882352941e+00,4313435
9.693589665046833e+03,9.688295547399774e+03,1.764705882352941e+00,4313436
9.695576286535381e+03,9.693811580653028e+03,5.882352941176471e-01,4313437
9.696452206774132e+03,9.694687500891779e+03,5.882352941176471e-01,4313438
9.696472585691237e+03,9.694707879808884e+03,5.882352941176471e-01,4313439
9.697340992417734e+03,9.694846720790174e+03,5.882352941176471e-01,4313440
9.699094072257539e+03,9.697329366375187e+03,5.882352941176471e-01,4313441
9.703438492380200e+03,9.701673786497847e+03,5.882352941176471e-01,4313443
9.703537751306196e+03,9.698243633659137e+03,1.764705882352941e+00,4313442
9.703744212358491e+03,9.701979506476138e+03,5.882352941176471e-01,4313444
9.707696507206790e+03,9.705931801324437e+03,5.882352941176471e-01,4313446
9.708732610027259e+03,9.702375759629477e+03,1.764705882352941e+00,4313445
9.709615927355059e+03,9.706086515590353e+03,1.176470588235294e+00,4313447
9.711225918971495e+03,9.706542905591596e+03,1.176470588235294e+00,4313448
9.714026727674318e+03,9.707263833574650e+03,1.764705882352941e+00,4313449
9.714910045002118e+03,9.709587688878861e+03,1.764705882352941e+00,4313450
9.715293240694052e+03,9.713528534811699e+03,5.882352941176471e-01,4313451
9.717556139439023e+03,9.713978009951371e+03,1.176470588235294e+00,4313452
9.718802281070059e+03,9.717037575187706e+03,5.882352941176471e-01,4313453
9.720838404674474e+03,9.719073698792121e+03,5.882352941176471e-01,4313455
9.722349186436907e+03,9.720584480554554e+03,5.882352941176471e-01,4313456
9.723889849038826e+03,9.718595731391768e+03,1.764705882352941e+00,4313454
9.727122097488867e+03,9.725357391606514e+03,5.882352941176471e-01,4313457
9.727387162241428e+03,9.725622456359075e+03,5.882352941176471e-01,4313458
9.728886803371220e+03,9.725955331022964e+03,5.882352941176471e-01,4313460
9.729151868123781e+03,9.726190169386158e+03,5.882352941176471e-01,4313461
9.730651509253573e+03,9.727805061073250e+03,5.882352941176471e-01,4313462
9.731197450704817e+03,9.725903333057758e+03,1.764705882352941e+00,4313459
9.733410969750996e+03,9.731646263868643e+03,5.882352941176471e-01,4313463
9.735428704516154e+03,9.733663998633801e+03,5.882352941176471e-01,4313464
9.738456432125289e+03,9.736691726242936e+03,5.882352941176471e-01,4313466
9.741324418917838e+03,9.736030301270779e+03,1.764705882352941e+00,4313465
9.741869439855160e+03,9.740104733972807e+03,5.882352941176471e-01,4313468
9.742432778098184e+03,9.737138660451125e+03,1.764705882352941e+00,4313467
9.743089124800191e+03,9.740547781236511e+03,5.882352941176471e-01,4313469
9.743634145737513e+03,9.741038617090250e+03,5.882352941176471e-01,4313470
9.744853830682544e+03,9.741711888055560e+03,5.882352941176471e-01,4313472
9.745962189862890e+03,9.741286521891217e+03,1.176470588235294e+00,4313471
9.746448615545535e+03,9.744683909663183e+03,5.882352941176471e-01,4313473
9.747050274536546e+03,9.745285568654193e+03,5.882352941176471e-01,4313474
9.751337393391977e+03,9.747807981627271e+03,1.176470588235294e+00,4313476
9.752140241955891e+03,9.746846124308832e+03,1.764705882352941e+00,4313475
9.753102099274330e+03,9.750381022883685e+03,5.882352941176471e-01,4313478
9.753548003067317e+03,9.748253885420258e+03,1.764705882352941e+00,4313477
9.754866805156683e+03,9.752034455947197e+03,5.882352941176471e-01,4313480
9.757434359602949e+03,9.750442579901930e+03,1.764705882352941e+00,4313479
9.757497700988531e+03,9.755732995106178e+03,5.882352941176471e-01,4313481
9.758534393649612e+03,9.756769687767259e+03,5.882352941176471e-01,4313482
9.759415445559131e+03,9.757650739676778e+03,5.882352941176471e-01,4313483
9.759461926965196e+03,9.757697221082844e+03,5.882352941176471e-01,4313484
9.760299099531965e+03,9.758419445729703e+03,5.882352941176471e-01,4313485
9.765112282328333e+03,9.763347576445980e+03,5.882352941176471e-01,4313487
9.766162845202263e+03,9.760868727555204e+03,1.764705882352941e+00,4313486
9.773397979737667e+03,9.771633273855314e+03,5.882352941176471e-01,4313490
9.773845868756739e+03,9.768551751109680e+03,1.764705882352941e+00,4313488
9.776130599284223e+03,9.770836481637164e+03,1.764705882352941e+00,4313489
9.776882001617852e+03,9.775117295735500e+03,5.882352941176471e-01,4313491
9.782176645695716e+03,9.778647233931010e+03,1.176470588235294e+00,4313493
9.782246985941669e+03,9.776952868294610e+03,1.764705882352941e+00,4313492
9.784011691824022e+03,9.780031761278886e+03,5.882352941176471e-01,4313496
9.784348092677390e+03,9.779053975030331e+03,1.764705882352941e+00,4313494
9.785706057460421e+03,9.779385440713630e+03,1.176470588235294e+00,4313495
9.786418640794280e+03,9.784653934911927e+03,5.882352941176471e-01,4313498
9.787541103588728e+03,9.782691163780211e+03,1.176470588235294e+00,4313497
9.789857849340187e+03,9.788093143457834e+03,5.882352941176471e-01,4313500
9.791000175107480e+03,9.784800756332037e+03,1.764705882352941e+00,4313499
9.792819304826574e+03,9.791054598944221e+03,5.882352941176471e-01,4313501
9.793203330869412e+03,9.791438624987059e+03,5.882352941176471e-01,4313502
9.794551442335420e+03,9.792786736453067e+03,5.882352941176471e-01,4313503
9.800566176038026e+03,9.798801470155673e+03,5.882352941176471e-01,4313506
9.800828296163732e+03,9.795534178516673e+03,1.764705882352941e+00,4313504
9.802593002046085e+03,9.800179987704793e+03,5.882352941176471e-01,4313508
9.802987013284050e+03,9.797692895636991e+03,1.764705882352941e+00,4313505
9.804751719166402e+03,9.802751643521973e+03,5.882352941176471e-01,4313510
9.805860293685085e+03,9.799447222325562e+03,1.764705882352941e+00,4313507
9.806886766475219e+03,9.805122060592866e+03,5.882352941176471e-01,4313511
9.807887119693143e+03,9.800736048591667e+03,1.764705882352941e+00,4313509
9.808698346109944e+03,9.806933640227591e+03,5.882352941176471e-01,4313513
9.809651825575496e+03,9.807330695156137e+03,5.882352941176471e-01,4313514
9.810463051992297e+03,9.807702265634412e+03,5.882352941176471e-01,4313515
9.811199850751564e+03,9.805905733104506e+03,1.764705882352941e+00,4313512
9.811416531457849e+03,9.807771752881371e+03,5.882352941176471e-01,4313516
9.815757169639355e+03,9.810062088351010e+03,1.764705882352941e+00,4313517
9.820636223682467e+03,9.815342106035408e+03,1.764705882352941e+00,4313518
9.822453368315137e+03,9.820688662432784e+03,5.882352941176471e-01,4313521
9.824218074197490e+03,9.820950316938003e+03,5.882352941176471e-01,4313522
9.825459348671502e+03,9.820165231024443e+03,1.764705882352941e+00,4313519
9.825975503585801e+03,9.820681385938742e+03,1.764705882352941e+00,4313520
9.825982780079843e+03,9.821950547164459e+03,5.882352941176471e-01,4313523
9.827224054553855e+03,9.822672826086170e+03,5.882352941176471e-01,4313524
9.827740209468154e+03,9.825233605514116e+03,5.882352941176471e-01,4313525
9.832093842396232e+03,9.830329136513879e+03,5.882352941176471e-01,4313527
9.834484929617140e+03,9.829190811970082e+03,1.764705882352941e+00,4313526
9.836367727868052e+03,9.834603021985699e+03,5.882352941176471e-01,4313528
9.839465322609257e+03,9.835935910844551e+03,1.176470588235294e+00,4313529
9.840018997487967e+03,9.838254291605614e+03,5.882352941176471e-01,4313530
9.845409940869552e+03,9.843645234987199e+03,5.882352941176471e-01,4313531
9.846521629792436e+03,9.844756923910083e+03,5.882352941176471e-01,4313532
9.846563285253005e+03,9.844798579370652e+03,5.882352941176471e-01,4313533
9.848031104568263e+03,9.846266398685910e+03,5.882352941176471e-01,4313534
9.851815747439495e+03,9.846428699677568e+03,1.764705882352941e+00,4313535
9.852584362654758e+03,9.847290245007699e+03,1.764705882352941e+00,4313536
9.855192706849478e+03,9.853428000967125e+03,5.882352941176471e-01,4313537
9.858172962888563e+03,9.856408257006211e+03,5.882352941176471e-01,4313539
9.859899284064732e+03,9.854605166417673e+03,1.764705882352941e+00,4313538
9.860499640038048e+03,9.858734934155695e+03,5.882352941176471e-01,4313540
9.861046949857935e+03,9.859282243975582e+03,5.882352941176471e-01,4313541
9.863526168837911e+03,9.861761462955558e+03,5.882352941176471e-01,4313543
9.865222842612133e+03,9.863458136729780e+03,5.882352941176471e-01,4313544
9.866363586403198e+03,9.861069468756139e+03,1.764705882352941e+00,4313542
9.866987548494486e+03,9.864350438502453e+03,5.882352941176471e-01,4313546
9.867136617408197e+03,9.863607205643491e+03,1.176470588235294e+00,4313545
9.868128292285551e+03,9.865759552044672e+03,5.882352941176471e-01,4313547
9.872798232385044e+03,9.869268820620338e+03,1.176470588235294e+00,4313548
9.874236346340754e+03,9.872471640458401e+03,5.882352941176471e-01,4313550
9.875781045888515e+03,9.870486928241456e+03,1.764705882352941e+00,4313549
9.880239299681846e+03,9.874945182034787e+03,1.764705882352941e+00,4313551
9.880799390960014e+03,9.875505273312955e+03,1.764705882352941e+00,4313552
9.881075163535574e+03,9.875668121247147e+03,1.764705882352941e+00,4313553
9.882004005564199e+03,9.876227227022901e+03,5.882352941176471e-01,4313554
9.884604575300279e+03,9.879101673116157e+03,1.176470588235294e+00,4313556
9.886093508607073e+03,9.877272961401419e+03,1.764705882352941e+00,4313555
9.886369281182632e+03,9.880535796201198e+03,5.882352941176471e-01,4313558
9.887298123211257e+03,9.880280587456443e+03,1.764705882352941e+00,4313557
9.887858214489426e+03,9.884155107945605e+03,5.882352941176471e-01,4313559
9.888133987064985e+03,9.884768551230173e+03,5.882352941176471e-01,4313560
9.889622920371779e+03,9.886333486968286e+03,5.882352941176471e-01,4313562
9.892592240858316e+03,9.885967245604772e+03,1.764705882352941e+00,4313561
9.893859726118761e+03,9.888565608471702e+03,1.764705882352941e+00,4313563
9.897243210668596e+03,9.895478504786243e+03,5.882352941176471e-01,4313565
9.897921783713890e+03,9.892627666066831e+03,1.764705882352941e+00,4313564
9.900390543654991e+03,9.898625837772638e+03,5.882352941176471e-01,4313566
9.903413728710461e+03,9.901649022828108e+03,5.882352941176471e-01,4313567
9.903523994452801e+03,9.901759288570448e+03,5.882352941176471e-01,4313568
9.905178434592814e+03,9.902234615427695e+03,5.882352941176471e-01,4313570
9.907175313540795e+03,9.901881195893736e+03,1.764705882352941e+00,4313569
9.907186009314028e+03,9.903656597549322e+03,1.176470588235294e+00,4313571
9.908091737919384e+03,9.906327032037031e+03,5.882352941176471e-01,4313572
9.912106220564688e+03,9.908576808799983e+03,1.176470588235294e+00,4313573
9.912959743982133e+03,9.911195038099780e+03,5.882352941176471e-01,4313575
9.913942088937083e+03,9.908647971290024e+03,1.764705882352941e+00,4313574
9.916300654012547e+03,9.914535948130194e+03,5.882352941176471e-01,4313577
9.917400338211747e+03,9.911791206273776e+03,1.764705882352941e+00,4313576
9.918065359894900e+03,9.916297458406598e+03,5.882352941176471e-01,4313579
9.919814815965402e+03,9.916285404200696e+03,1.176470588235294e+00,4313578
9.919830065777253e+03,9.917833656492247e+03,5.882352941176471e-01,4313581
9.921579521847754e+03,9.917856339740520e+03,5.882352941176471e-01,4313582
9.921594771659606e+03,9.919007484234509e+03,5.882352941176471e-01,4313583
9.922694455858806e+03,9.916481668819356e+03,1.764705882352941e+00,4313580
9.923344227730107e+03,9.921488383334486e+03,5.882352941176471e-01,4313584
9.926149821030557e+03,9.924385115148204e+03,5.882352941176471e-01,4313586
9.927388566694826e+03,9.922094449047767e+03,1.764705882352941e+00,4313585
9.927914526912910e+03,9.925371382092519e+03,5.882352941176471e-01,4313588
9.930165361432819e+03,9.928400655550466e+03,5.882352941176471e-01,4313589
9.930442089213226e+03,9.925147971566167e+03,1.764705882352941e+00,4313587
9.930560051896437e+03,9.928795346014084e+03,5.882352941176471e-01,4313590
9.936173348329943e+03,9.934408642447590e+03,5.882352941176471e-01,4313592
9.936409513252533e+03,9.931115395605474e+03,1.764705882352941e+00,4313591
9.937399097333026e+03,9.935634391450673e+03,5.882352941176471e-01,4313593
9.938120642040438e+03,9.936355936158085e+03,5.882352941176471e-01,4313594
9.939427344829735e+03,9.937662638947382e+03,5.882352941176471e-01,4313595
9.940472570607019e+03,9.938707864724666e+03,5.882352941176471e-01,4313596
9.944211110832987e+03,9.942446404950634e+03,5.882352941176471e-01,4313597
9.948152631217395e+03,9.946387925335042e+03,5.882352941176471e-01,4313598
9.951841275614131e+03,9.950076569731778e+03,5.882352941176471e-01,4313599
9.953035597938271e+03,9.951270892055918e+03,5.882352941176471e-01,4313600
9.954003116174620e+03,9.952238410292267e+03,5.882352941176471e-01,4313601
9.957706167848272e+03,9.952412050201214e+03,1.764705882352941e+00,4313602
9.958329715585330e+03,9.952979158860000e+03,1.764705882352941e+00,4313603
9.959617364765457e+03,9.954323247118398e+03,1.764705882352941e+00,4313604
9.960061365325724e+03,9.958296659443371e+03,5.882352941176471e-01,4313605
9.961382070647810e+03,9.958844527361369e+03,5.882352941176471e-01,4313607
9.961840590346214e+03,9.960075884463861e+03,5.882352941176471e-01,4313608
9.961859127350036e+03,9.958317252543907e+03,1.176470588235294e+00,4313606
9.967963470838063e+03,9.962669353191004e+03,1.764705882352941e+00,4313609
9.970669021201254e+03,9.968904315318901e+03,5.882352941176471e-01,4313611
9.971407198295414e+03,9.966113080648355e+03,1.764705882352941e+00,4313610
9.976219981087381e+03,9.974455275205028e+03,5.882352941176471e-01,4313614
9.977326838743425e+03,9.972032721096366e+03,1.764705882352941e+00,4313612
9.977984686969734e+03,9.974541441681499e+03,5.882352941176471e-01,4313615
9.978260180367942e+03,9.972966062720883e+03,1.764705882352941e+00,4313613
9.982620956390484e+03,9.975385685436101e+03,1.764705882352941e+00,4313616
9.983490381502672e+03,9.978196263855613e+03,1.764705882352941e+00,4313617
9.983558059578884e+03,9.978263941931825e+03,1.764705882352941e+00,4313618
9.984385662272837e+03,9.981111222295872e+03,5.882352941176471e-01,4313619
9.985255087385025e+03,9.982275075669608e+03,5.882352941176471e-01,4313620
9.985322765461237e+03,9.982628851946941e+03,5.882352941176471e-01,4313621
9.986150368155190e+03,9.982899849242338e+03,5.882352941176471e-01,4313622
9.987019793267377e+03,9.983302467187949e+03,5.882352941176471e-01,4313623
9.987915074037542e+03,9.984332316188057e+03,5.882352941176471e-01,4313625
9.988784499149730e+03,9.985069835646612e+03,5.882352941176471e-01,4313626
9.988852177225943e+03,9.983886800982696e+03,1.176470588235294e+00,4313624
9.991444485802248e+03,9.985770691741591e+03,1.176470588235294e+00,4313627
9.994078616796789e+03,9.985829856284293e+03,1.764705882352941e+00,4313628
9.994146294873001e+03,9.988607734092506e+03,1.764705882352941e+00,4313629
9.996738603449307e+03,9.988733913673745e+03,1.764705882352941e+00,4313630
9.997675706637707e+03,9.991477226661133e+03,1.176470588235294e+00,4313632
9.998503309331660e+03,9.992141621342107e+03,5.882352941176471e-01,4313633
9.999372734443848e+03,9.989067329254775e+03,1.764705882352941e+00,4313631
