FinishTime,ArrivalTime,ServiceTime,ID
2.607007294391647e+00,8.423014120387053e-01,5.882352941176471e-01,34799605
4.013690776777143e+00,2.248984894424202e+00,5.882352941176471e-01,34799606
4.371713176744588e+00,2.571750719032506e+00,5.882352941176471e-01,34799607
5.582343328591761e+00,2.882256815329372e-01,1.764705882352941e+00,34799603
6.741734135021115e+00,4.253949928156421e+00,5.882352941176471e-01,34799608
7.428622578707602e+00,3.697990492958371e-01,1.764705882352941e+00,34799604
8.735402831936219e+00,5.601731192440783e+00,5.882352941176471e-01,34799610
8.735402831936219e+00,6.001729861039856e+00,5.882352941176471e-01,34799612
1.050010871428916e+01,7.712279141476928e+00,5.882352941176471e-01,34799613
1.389476981520352e+01,5.738545156694479e+00,1.764705882352941e+00,34799611
1.389476981520352e+01,4.321569291131984e+00,1.764705882352941e+00,34799609
1.497924875206727e+01,8.553573191552948e+00,1.764705882352941e+00,34799614
1.918888746226234e+01,1.382221678499701e+01,1.764705882352941e+00,34799616
1.924043445959050e+01,1.571102269488461e+01,1.176470588235294e+00,34799617
2.037927728448228e+01,1.861457140212934e+01,5.882352941176471e-01,34799618
2.243753556086337e+01,2.067282967851042e+01,5.882352941176471e-01,34799619
2.308177486458944e+01,2.131706898223650e+01,5.882352941176471e-01,34799621
2.427254215879398e+01,2.222186509729912e+01,5.882352941176471e-01,34799622
2.613897958234812e+01,2.358814145012457e+01,5.882352941176471e-01,34799625
2.661118662929532e+01,2.081343110966578e+01,1.764705882352941e+00,34799620
2.818700969286938e+01,2.457773678239757e+01,5.882352941176471e-01,34799627
2.818700969286938e+01,2.508160740806225e+01,5.882352941176471e-01,34799628
2.818700969286938e+01,2.528870707206258e+01,5.882352941176471e-01,34799629
2.995171557522232e+01,2.722445945887727e+01,5.882352941176471e-01,34799633
3.205206192210340e+01,2.229531655801119e+01,1.764705882352941e+00,34799623
3.359300749477092e+01,3.061657028053084e+01,5.882352941176471e-01,34799637
3.676947808300621e+01,2.915675993381056e+01,1.176470588235294e+00,34799635
3.853418396535915e+01,3.653567953912221e+01,5.882352941176470e-01,34799641
3.853418396535915e+01,2.885829062192566e+01,1.764705882352941e+00,34799634
3.853418396535915e+01,2.711035111607534e+01,1.764705882352941e+00,34799632
4.056713585537891e+01,3.696336056575054e+01,5.882352941176471e-01,34799642
4.233184173773186e+01,4.036134197892551e+01,5.882352941176471e-01,34799647
4.264314734402310e+01,4.087844146167016e+01,5.882352941176471e-01,34799648
4.409654762008480e+01,4.131280553009149e+01,5.882352941176471e-01,34799649
4.596502203786815e+01,3.697500676411696e+01,1.764705882352941e+00,34799643
4.596502203786815e+01,3.352664521878670e+01,1.764705882352941e+00,34799640
4.772972792022109e+01,4.587605588138829e+01,5.882352941176471e-01,34799653
5.125913968492698e+01,4.407977097145882e+01,1.764705882352941e+00,34799650
5.125913968492698e+01,3.960716799602644e+01,1.764705882352941e+00,34799646
5.299975373079113e+01,4.454131632423062e+01,1.176470588235294e+00,34799651
5.476445961314407e+01,5.181583214284625e+01,5.882352941176470e-01,34799657
5.476445961314407e+01,4.701499525590236e+01,1.764705882352941e+00,34799655
5.476445961314407e+01,4.621862001435864e+01,1.764705882352941e+00,34799654
5.713517259246595e+01,5.537046671011301e+01,5.882352941176471e-01,34799663
5.947922786751090e+01,5.444701703911419e+01,1.176470588235294e+00,34799662
6.124393374986384e+01,5.939902579482615e+01,5.882352941176470e-01,34799666
6.124393374986384e+01,5.393931240728169e+01,1.764705882352941e+00,34799661
6.237586035104393e+01,5.555193768192125e+01,1.764705882352941e+00,34799664
6.338594849927681e+01,6.048153697635253e+01,5.882352941176471e-01,34799668
6.338594849927681e+01,6.079648291807133e+01,5.882352941176471e-01,34799669
6.515065438162975e+01,6.333917934142644e+01,5.882352941176471e-01,34799671
6.515065438162975e+01,6.316219439006929e+01,5.882352941176471e-01,34799670
6.691536026398269e+01,5.948234318933134e+01,1.764705882352941e+00,34799667
6.705613062247971e+01,6.391089167153364e+01,5.882352941176471e-01,34799673
6.705613062247971e+01,6.365348677752390e+01,5.882352941176471e-01,34799672
7.055034979756134e+01,6.766244736957108e+01,5.882352941176471e-01,34799679
7.096401085639977e+01,6.919930497404683e+01,5.882352941176471e-01,34799681
7.228207160726102e+01,6.557296545712080e+01,1.176470588235294e+00,34799675
7.272871673875271e+01,7.086505863843998e+01,5.882352941176471e-01,34799682
7.404677748961396e+01,6.587553516841395e+01,1.764705882352941e+00,34799676
7.581148337196690e+01,7.359165900426810e+01,5.882352941176471e-01,34799688
7.757618925431984e+01,7.552354622001477e+01,5.882352941176471e-01,34799690
7.757618925431984e+01,6.871538404103077e+01,1.764705882352941e+00,34799680
7.856167801409746e+01,7.679697213174452e+01,5.882352941176471e-01,34799691
7.966939138993199e+01,7.707844830388267e+01,5.882352941176471e-01,34799692
8.326480291356620e+01,8.007376280063769e+01,5.882352941176471e-01,34799696
8.329780279303036e+01,7.242859323569165e+01,1.764705882352941e+00,34799686
8.329780279303036e+01,7.115328890026736e+01,1.764705882352941e+00,34799683
8.681621459791485e+01,7.725000044412517e+01,1.764705882352941e+00,34799693
8.681621459791485e+01,7.748569073418771e+01,1.764705882352941e+00,34799694
8.681621459791485e+01,7.862481022155602e+01,1.764705882352941e+00,34799695
8.891766410426257e+01,8.377625930315038e+01,5.882352941176471e-01,34799700
9.068236998661551e+01,8.862402608379233e+01,5.882352941176471e-01,34799704
9.068236998661551e+01,8.816318909389396e+01,5.882352941176471e-01,34799703
9.156472292779198e+01,8.407597078178176e+01,1.176470588235294e+00,34799701
9.332942881014492e+01,8.370679928572250e+01,1.764705882352941e+00,34799699
9.489031898035636e+01,9.312561309800342e+01,5.882352941176471e-01,34799705
9.887518224243478e+01,9.711047636008184e+01,5.882352941176471e-01,34799707
1.002664023986613e+02,9.850169651630841e+01,5.882352941176471e-01,34799708
1.018144593360003e+02,1.000497534536473e+02,5.882352941176471e-01,34799709
1.021330844371923e+02,1.003683785548394e+02,5.882352941176471e-01,34799710
1.023370384057353e+02,9.704292075867650e+01,1.764705882352941e+00,34799706
1.037384777689492e+02,1.017423530121820e+02,5.882352941176471e-01,34799712
1.037384777689492e+02,1.006679340023172e+02,5.882352941176471e-01,34799711
1.043325758325153e+02,1.025678699501623e+02,5.882352941176471e-01,34799713
1.076467251886530e+02,1.041173134239471e+02,1.176470588235294e+00,34799714
1.090868906460565e+02,1.073221847637036e+02,5.882352941176471e-01,34799715
1.103879952374221e+02,1.086232893550692e+02,5.882352941176471e-01,34799717
1.110049267281949e+02,1.087257495990064e+02,5.882352941176471e-01,34799718
1.118500629130801e+02,1.093935510456274e+02,5.882352941176471e-01,34799720
1.156910151808861e+02,1.080180129416793e+02,1.764705882352941e+00,34799716
1.172999508116890e+02,1.105516527207458e+02,1.764705882352941e+00,34799722
1.177597356604229e+02,1.146882683917968e+02,5.882352941176471e-01,34799726
1.190646566940419e+02,1.165239689061344e+02,5.882352941176471e-01,34799728
1.221590947808748e+02,1.145246017355752e+02,1.764705882352941e+00,34799725
1.221590947808748e+02,1.124731439192804e+02,1.764705882352941e+00,34799724
1.230538533074817e+02,1.173015323815252e+02,1.764705882352941e+00,34799729
1.242027388229883e+02,1.207728310573190e+02,5.882352941176471e-01,34799731
1.242027388229883e+02,1.199030138473158e+02,5.882352941176471e-01,34799730
1.248185591898346e+02,1.227169711003958e+02,5.882352941176471e-01,34799734
1.259674447053412e+02,1.234092530046639e+02,5.882352941176471e-01,34799736
1.285587528425424e+02,1.250293410778365e+02,1.176470588235294e+00,34799737
1.287878747148419e+02,1.270231688324890e+02,5.882352941176471e-01,34799738
1.294968564700471e+02,1.232007314154250e+02,1.764705882352941e+00,34799735
1.322027255433980e+02,1.280168824422782e+02,1.176470588235294e+00,34799740
1.325134931601630e+02,1.307487872778101e+02,5.882352941176471e-01,34799741
1.339674314257510e+02,1.277550563461179e+02,1.764705882352941e+00,34799739
1.341228152341335e+02,1.308369030133290e+02,5.882352941176471e-01,34799742
1.376522269988394e+02,1.320547467158766e+02,1.764705882352941e+00,34799743
1.403907446332519e+02,1.386260387508989e+02,5.882352941176471e-01,34799745
1.411887593757504e+02,1.358946417286916e+02,1.764705882352941e+00,34799744
1.473589927449043e+02,1.449473508798079e+02,5.882352941176471e-01,34799749
1.491236986272572e+02,1.466796426885143e+02,5.882352941176471e-01,34799752
1.497780940982448e+02,1.437557527740501e+02,1.764705882352941e+00,34799746
1.508884045096102e+02,1.482555222965661e+02,5.882352941176471e-01,34799754
1.508884045096102e+02,1.476970132226488e+02,5.882352941176471e-01,34799753
1.516903707284815e+02,1.492802163575373e+02,5.882352941176471e-01,34799755
1.544178162743160e+02,1.521795925506104e+02,5.882352941176471e-01,34799759
1.547237589392431e+02,1.454808937167105e+02,1.764705882352941e+00,34799750
1.552560369162879e+02,1.531203017275392e+02,5.882352941176471e-01,34799760
1.561825221566690e+02,1.535275854570354e+02,5.882352941176471e-01,34799762
1.570207427986408e+02,1.549538235206997e+02,5.882352941176471e-01,34799764
1.581705873622603e+02,1.557643450880802e+02,5.882352941176471e-01,34799766
1.581705873622603e+02,1.556893393305922e+02,5.882352941176471e-01,34799765
1.599352932446132e+02,1.579216666307119e+02,5.882352941176471e-01,34799768
1.609860683194170e+02,1.500732355940123e+02,1.764705882352941e+00,34799757
1.616999991269662e+02,1.547528552591736e+02,1.764705882352941e+00,34799763
1.637139456082499e+02,1.619492397258969e+02,5.882352941176471e-01,34799769
1.637749647065156e+02,1.620102588241627e+02,5.882352941176471e-01,34799770
1.672212401998259e+02,1.654565343174729e+02,5.882352941176471e-01,34799771
1.677939057991811e+02,1.660291999168282e+02,5.882352941176471e-01,34799772
1.689859460821788e+02,1.671561907012461e+02,5.882352941176471e-01,34799774
1.712087844440159e+02,1.681951450925585e+02,5.882352941176471e-01,34799776
1.712087844440159e+02,1.683799265908191e+02,5.882352941176471e-01,34799777
1.713850975704568e+02,1.660909799233979e+02,1.764705882352941e+00,34799773
1.747381962087218e+02,1.676757247627513e+02,1.764705882352941e+00,34799775
1.750216218528571e+02,1.714922100881513e+02,1.176470588235294e+00,34799781
1.773325524426839e+02,1.749366970423624e+02,5.882352941176471e-01,34799786
1.790972583250368e+02,1.773047219943089e+02,5.882352941176471e-01,34799788
1.804241956641137e+02,1.734350865515872e+02,1.176470588235294e+00,34799783
1.804241956641137e+02,1.721958286798287e+02,1.176470588235294e+00,34799782
1.821889015464666e+02,1.801555320728121e+02,5.882352941176471e-01,34799790
1.831776394134994e+02,1.814129335311464e+02,5.882352941176471e-01,34799791
1.833637940732425e+02,1.748372859691959e+02,1.764705882352941e+00,34799785
1.839536074288196e+02,1.814200299094278e+02,5.882352941176471e-01,34799792
1.849423452958523e+02,1.826786370766055e+02,5.882352941176471e-01,34799793
1.862714700648482e+02,1.845067641824953e+02,5.882352941176471e-01,34799794
1.872714930289969e+02,1.855067871466439e+02,5.882352941176471e-01,34799796
1.890839100229938e+02,1.873192041406408e+02,5.882352941176471e-01,34799797
1.900209514746850e+02,1.847268338276261e+02,1.764705882352941e+00,34799795
1.910068884962354e+02,1.892421826138825e+02,5.882352941176471e-01,34799799
1.941510396155985e+02,1.923863337332456e+02,5.882352941176471e-01,34799802
1.944626203108596e+02,1.887219436667500e+02,1.764705882352941e+00,34799798
1.953150691217438e+02,1.896821751523795e+02,1.764705882352941e+00,34799800
1.962273261932126e+02,1.942841955083654e+02,5.882352941176471e-01,34799804
1.987831825347415e+02,1.905603294991845e+02,1.764705882352941e+00,34799801
1.997567379579185e+02,1.939540122458720e+02,1.764705882352941e+00,34799803
2.014175836085177e+02,1.993773823512242e+02,5.882352941176471e-01,34799809
2.023125942994474e+02,1.957503543316152e+02,1.764705882352941e+00,34799805
2.032861497226243e+02,1.963744732419129e+02,1.764705882352941e+00,34799806
2.041635292759052e+02,2.023988233935523e+02,5.882352941176471e-01,34799810
2.050607263216288e+02,2.032960204392759e+02,5.882352941176471e-01,34799811
2.061671121048020e+02,2.044024062224491e+02,5.882352941176471e-01,34799812
2.064608974463066e+02,2.046961915639537e+02,5.882352941176471e-01,34799813
2.089260936069863e+02,2.071613877246333e+02,5.882352941176471e-01,34799815
2.093099098677317e+02,2.075452039853788e+02,5.882352941176471e-01,34799816
2.093206451151154e+02,2.057912333504095e+02,1.176470588235294e+00,34799814
2.121717634483325e+02,2.104070575659796e+02,5.882352941176471e-01,34799819
2.126474135020649e+02,2.088448986455581e+02,1.176470588235294e+00,34799818
2.144121193844178e+02,2.085667646815475e+02,1.764705882352941e+00,34799817
2.161768252667708e+02,2.134124255590627e+02,5.882352941176471e-01,34799822
2.183343253903547e+02,2.130402077432959e+02,1.764705882352941e+00,34799820
2.185388409508429e+02,2.132447233037841e+02,1.764705882352941e+00,34799821
2.216639174117349e+02,2.198992115293819e+02,5.882352941176471e-01,34799824
2.217972676140150e+02,2.200325617316621e+02,5.882352941176471e-01,34799825
2.233796315543433e+02,2.180855139072845e+02,1.764705882352941e+00,34799823
2.269580350587937e+02,2.202076565973336e+02,1.764705882352941e+00,34799826
2.273671042659984e+02,2.220729866189395e+02,1.764705882352941e+00,34799827
2.274149013975013e+02,2.238854896327955e+02,1.176470588235294e+00,34799828
2.293757731635587e+02,2.276110672812058e+02,5.882352941176471e-01,34799829
2.344184248959073e+02,2.291243072488485e+02,1.764705882352941e+00,34799830
2.365625363907234e+02,2.347978305083704e+02,5.882352941176471e-01,34799833
2.371548322686895e+02,2.318607146216307e+02,1.764705882352941e+00,34799831
2.383441719536266e+02,2.363146449447962e+02,5.882352941176471e-01,34799834
2.391116271211647e+02,2.365963957518240e+02,5.882352941176471e-01,34799836
2.394005642232934e+02,2.341064465762346e+02,1.764705882352941e+00,34799832
2.401088778359796e+02,2.375390102089340e+02,5.882352941176471e-01,34799838
2.408763330035176e+02,2.385126677191960e+02,5.882352941176471e-01,34799839
2.450488386766953e+02,2.392911920240493e+02,1.764705882352941e+00,34799841
2.450488386766953e+02,2.392677108456472e+02,1.764705882352941e+00,34799840
2.454494220313568e+02,2.436847161490039e+02,5.882352941176471e-01,34799842
2.468135445590483e+02,2.444434239654815e+02,5.882352941176471e-01,34799843
2.468731191448975e+02,2.451084132625445e+02,5.882352941176471e-01,34799844
2.503626293607576e+02,2.485979234784046e+02,5.882352941176471e-01,34799847
2.509536001429966e+02,2.456594824959378e+02,1.764705882352941e+00,34799845
2.524559601158600e+02,2.471618424688011e+02,1.764705882352941e+00,34799846
2.539086795330072e+02,2.521439736506543e+02,5.882352941176471e-01,34799850
2.540773018495733e+02,2.494918938204652e+02,1.176470588235294e+00,34799848
2.541997177104778e+02,2.524350118281249e+02,5.882352941176471e-01,34799851
2.574672346080503e+02,2.528819120685544e+02,1.176470588235294e+00,34799852
2.593714194966321e+02,2.539669661536817e+02,1.764705882352941e+00,34799854
2.633164259700756e+02,2.578372242314792e+02,1.176470588235294e+00,34799859
2.639152146955936e+02,2.554507704194796e+02,1.764705882352941e+00,34799855
2.656799205779465e+02,2.634078817848301e+02,5.882352941176471e-01,34799866
2.662545321769625e+02,2.641147904037703e+02,5.882352941176471e-01,34799867
2.674446264602995e+02,2.656289518126225e+02,5.882352941176471e-01,34799869
2.684631943411256e+02,2.608929946480155e+02,1.176470588235294e+00,34799862
2.688337332979368e+02,2.670320614400789e+02,5.882352941176471e-01,34799870
2.692093323426524e+02,2.671073766005804e+02,5.882352941176471e-01,34799871
2.703225226495830e+02,2.685578167672301e+02,5.882352941176471e-01,34799872
2.722685226365382e+02,2.653043215332309e+02,1.764705882352941e+00,34799868
2.751086427029241e+02,2.715792309382182e+02,1.176470588235294e+00,34799873
2.757038542563483e+02,2.739391483739954e+02,5.882352941176471e-01,34799874
2.790070690318672e+02,2.772423631495143e+02,5.882352941176471e-01,34799876
2.798051250468709e+02,2.778562085021345e+02,5.882352941176471e-01,34799878
2.815158976417124e+02,2.762757132821650e+02,1.176470588235294e+00,34799875
2.828676772180527e+02,2.802203230563047e+02,5.882352941176471e-01,34799882
2.828676772180527e+02,2.799644975683566e+02,5.882352941176471e-01,34799881
2.846476541217950e+02,2.819344108312013e+02,5.882352941176471e-01,34799883
2.846476541217950e+02,2.821470727883770e+02,5.882352941176471e-01,34799884
2.852545660011627e+02,2.785637498987081e+02,1.764705882352941e+00,34799879
2.866146639639372e+02,2.829134902822208e+02,5.882352941176471e-01,34799886
2.866146639639372e+02,2.830438515465161e+02,5.882352941176471e-01,34799887
2.866146639639372e+02,2.836739216263382e+02,5.882352941176471e-01,34799888
2.887148381518694e+02,2.855035242038029e+02,5.882352941176471e-01,34799889
2.887148381518694e+02,2.855571378492833e+02,5.882352941176471e-01,34799890
2.904795440342223e+02,2.858783889591587e+02,1.176470588235294e+00,34799891
2.904795440342223e+02,2.883868071203938e+02,5.882352941176471e-01,34799894
2.937896907986284e+02,2.920249849162754e+02,5.882352941176471e-01,34799895
2.939781814882423e+02,2.922134756058893e+02,5.882352941176471e-01,34799896
2.940089557989282e+02,2.879565371862541e+02,1.764705882352941e+00,34799893
2.956486420257883e+02,2.928590849250213e+02,5.882352941176471e-01,34799897
2.961622474900380e+02,2.943975416076850e+02,5.882352941176471e-01,34799899
2.974133479081412e+02,2.930051088621787e+02,1.176470588235294e+00,34799898
2.974133479081412e+02,2.947891303916774e+02,5.882352941176471e-01,34799900
2.987834187770982e+02,2.970187128947453e+02,5.882352941176471e-01,34799901
2.995017963287156e+02,2.977370904463627e+02,5.882352941176471e-01,34799902
3.006682701363672e+02,2.981700971759717e+02,5.882352941176471e-01,34799904
3.012665022110685e+02,2.990237097309303e+02,5.882352941176471e-01,34799906
3.016752841124483e+02,2.981458723477424e+02,1.176470588235294e+00,34799903
3.024329760187202e+02,3.002929529656874e+02,5.882352941176471e-01,34799907
3.053863168171899e+02,3.036216109348370e+02,5.882352941176471e-01,34799908
3.063627947309002e+02,3.045980888485472e+02,5.882352941176471e-01,34799909
3.087802966946813e+02,3.070155908123284e+02,5.882352941176471e-01,34799910
3.092979447299020e+02,3.075332388475490e+02,5.882352941176471e-01,34799911
3.125685324769975e+02,3.085368310575342e+02,1.176470588235294e+00,34799914
3.137249005150255e+02,3.084307828679667e+02,1.764705882352941e+00,34799912
3.143332383593505e+02,3.084325679596229e+02,1.764705882352941e+00,34799913
3.157347309843620e+02,3.127708711190054e+02,5.882352941176471e-01,34799918
3.162328366697087e+02,3.112343464420672e+02,1.176470588235294e+00,34799915
3.178626501240563e+02,3.160824229385417e+02,5.882352941176471e-01,34799925
3.195076182488138e+02,3.165037077045030e+02,5.882352941176471e-01,34799926
3.197622484344146e+02,3.140517332976702e+02,1.764705882352941e+00,34799922
3.223119266045425e+02,3.151302609091174e+02,1.176470588235294e+00,34799923
3.240766324868954e+02,3.177777271277888e+02,1.764705882352941e+00,34799929
3.253514715719593e+02,3.189538924080151e+02,1.764705882352941e+00,34799931
3.253514715719593e+02,3.182657189631218e+02,1.764705882352941e+00,34799930
3.268612096372995e+02,3.229193735385586e+02,5.882352941176471e-01,34799933
3.286259155196524e+02,3.264092229980280e+02,5.882352941176471e-01,34799938
3.289822696997940e+02,3.223823519345044e+02,1.176470588235294e+00,34799932
3.305687984920761e+02,3.275739179975825e+02,5.882352941176471e-01,34799939
3.305687984920761e+02,3.277381442744096e+02,5.882352941176471e-01,34799940
3.305687984920761e+02,3.280456435302128e+02,5.882352941176471e-01,34799941
3.325529751966934e+02,3.290729334422672e+02,5.882352941176471e-01,34799943
3.343176810790464e+02,3.314466817811336e+02,5.882352941176471e-01,34799947
3.343176810790464e+02,3.316248261596232e+02,5.882352941176471e-01,34799948
3.343176810790464e+02,3.317992028258633e+02,5.882352941176471e-01,34799949
3.360823869613993e+02,3.334573270137362e+02,5.882352941176471e-01,34799950
3.378470928437523e+02,3.349672041231248e+02,5.882352941176471e-01,34799951
3.380636005251117e+02,3.291196756663180e+02,1.764705882352941e+00,34799944
3.380636005251117e+02,3.254114584136729e+02,1.764705882352941e+00,34799937
3.402876052389951e+02,3.385228993566421e+02,5.882352941176471e-01,34799954
3.414847584491379e+02,3.393773031354977e+02,5.882352941176471e-01,34799955
3.417618764548779e+02,3.399971705725250e+02,5.882352941176471e-01,34799956
3.432494643314908e+02,3.407517885876957e+02,5.882352941176471e-01,34799957
3.435265823372309e+02,3.415453799200430e+02,5.882352941176471e-01,34799958
3.439105496751812e+02,3.361710643563725e+02,1.764705882352941e+00,34799952
3.450141702138438e+02,3.424084861961938e+02,5.882352941176471e-01,34799959
3.472154646757918e+02,3.454507587934388e+02,5.882352941176471e-01,34799961
3.475622293704681e+02,3.457975234881151e+02,5.882352941176471e-01,34799962
3.476612777634628e+02,3.458965718811099e+02,5.882352941176471e-01,34799963
3.510000642917305e+02,3.440402891553134e+02,1.764705882352941e+00,34799960
3.522276875825509e+02,3.504629817001979e+02,5.882352941176471e-01,34799965
3.525095823228506e+02,3.471777746303161e+02,1.764705882352941e+00,34799964
3.535831857012970e+02,3.507697618333608e+02,5.882352941176471e-01,34799967
3.557670521918524e+02,3.540023463094994e+02,5.882352941176471e-01,34799970
3.562582307144600e+02,3.544671400957173e+02,5.882352941176471e-01,34799971
3.571125974660029e+02,3.506884548946171e+02,1.764705882352941e+00,34799966
3.584501199725844e+02,3.562333283380846e+02,5.882352941176471e-01,34799973
3.584501199725844e+02,3.560892866265592e+02,5.882352941176471e-01,34799972
3.592964639565583e+02,3.527288189497541e+02,1.764705882352941e+00,34799969
3.614878054930529e+02,3.597230996107000e+02,5.882352941176471e-01,34799974
3.616469302608686e+02,3.598822243785156e+02,5.882352941176471e-01,34799975
3.689239133974330e+02,3.636297957503742e+02,1.764705882352941e+00,34799976
3.693138061675741e+02,3.640196885205152e+02,1.764705882352941e+00,34799977
3.706886192797860e+02,3.689103962656306e+02,5.882352941176471e-01,34799981
3.728432179322799e+02,3.667920845988171e+02,1.764705882352941e+00,34799978
3.731465434228322e+02,3.713818375404793e+02,5.882352941176471e-01,34799982
3.740277110204592e+02,3.679558520237759e+02,1.764705882352941e+00,34799979
3.751060890046988e+02,3.733413831223458e+02,5.882352941176471e-01,34799983
3.794414468714230e+02,3.741473292243642e+02,1.764705882352941e+00,34799984
3.810783965070910e+02,3.785515753612347e+02,5.882352941176471e-01,34799989
3.811208659637937e+02,3.793561600814407e+02,5.882352941176471e-01,34799990
3.817114185570811e+02,3.799467126747281e+02,5.882352941176471e-01,34799991
3.828431023894439e+02,3.810131684595151e+02,5.882352941176471e-01,34799992
3.846078082717969e+02,3.823582408163284e+02,5.882352941176471e-01,34799993
3.849562583584631e+02,3.758623806020174e+02,1.764705882352941e+00,34799986
3.849562583584631e+02,3.757061771180469e+02,1.764705882352941e+00,34799985
3.863725141541498e+02,3.838022449841214e+02,5.882352941176471e-01,34799994
3.876761148341014e+02,3.859114089517484e+02,5.882352941176471e-01,34799995
3.878413711524726e+02,3.860766652701197e+02,5.882352941176471e-01,34799996
3.899667866848395e+02,3.882020808024866e+02,5.882352941176471e-01,34799997
3.900501028748208e+02,3.882853969924679e+02,5.882352941176471e-01,34799998
3.911290908636004e+02,3.893643849812474e+02,5.882352941176471e-01,34799999
3.968244553111075e+02,3.950597494287545e+02,5.882352941176471e-01,34800000
4.010179091278071e+02,3.992532032454542e+02,5.882352941176471e-01,34800004
4.034784668364290e+02,3.973823903751145e+02,1.764705882352941e+00,34800001
4.042122309365701e+02,3.985830233335684e+02,1.764705882352941e+00,34800003
4.042122309365701e+02,3.982904561773570e+02,1.764705882352941e+00,34800002
4.070078786011349e+02,4.026702839361684e+02,1.176470588235294e+00,34800005
4.098990670019497e+02,4.046049493548909e+02,1.764705882352941e+00,34800006
4.119266866182922e+02,4.069305746119475e+02,1.176470588235294e+00,34800008
4.126065535121253e+02,4.071840129663027e+02,1.176470588235294e+00,34800009
4.136913925006451e+02,4.065582950174868e+02,1.764705882352941e+00,34800007
4.145289797829500e+02,4.122794870033779e+02,5.882352941176471e-01,34800015
4.155736985113600e+02,4.129219942890688e+02,5.882352941176471e-01,34800017
4.162936856653029e+02,4.143571335861972e+02,5.882352941176471e-01,34800020
4.176983979706844e+02,4.132764145400153e+02,1.176470588235294e+00,34800018
4.194631038530373e+02,4.112588007896160e+02,1.764705882352941e+00,34800013
4.211378113411474e+02,4.183541534802081e+02,5.882352941176471e-01,34800023
4.211378113411474e+02,4.183879330155567e+02,5.882352941176471e-01,34800024
4.212278097353903e+02,4.150471852062449e+02,1.764705882352941e+00,34800021
4.229475164206218e+02,4.204817744334888e+02,5.882352941176471e-01,34800028
4.229475164206218e+02,4.205850239295908e+02,5.882352941176471e-01,34800029
4.247122223029747e+02,4.172929519020301e+02,1.176470588235294e+00,34800022
4.247122223029747e+02,4.225749227605443e+02,5.882352941176471e-01,34800031
4.264769281853277e+02,4.200343865144393e+02,1.764705882352941e+00,34800027
4.282416340676806e+02,4.261430193476453e+02,5.882352941176471e-01,34800035
4.282416340676806e+02,4.254192328535444e+02,5.882352941176471e-01,34800034
4.311026552197729e+02,4.251401469601004e+02,1.764705882352941e+00,34800033
4.311026552197729e+02,4.233232724239606e+02,1.764705882352941e+00,34800032
4.318119574153923e+02,4.300472515330394e+02,5.882352941176471e-01,34800037
4.340976716097326e+02,4.323329657273797e+02,5.882352941176471e-01,34800038
4.352821470379833e+02,4.335174411556303e+02,5.882352941176471e-01,34800040
4.369346807265471e+02,4.351699748441942e+02,5.882352941176471e-01,34800041
4.377250833488136e+02,4.359603774664607e+02,5.882352941176471e-01,34800042
4.385683808924789e+02,4.332742632454201e+02,1.764705882352941e+00,34800039
4.394897892311665e+02,4.375682043845980e+02,5.882352941176471e-01,34800044
4.403330867748319e+02,4.381148197608453e+02,5.882352941176471e-01,34800045
4.415867448234172e+02,4.389986175285280e+02,5.882352941176471e-01,34800047
4.420977926571848e+02,4.401542886509620e+02,5.882352941176471e-01,34800049
4.427723177633193e+02,4.367180728178365e+02,1.176470588235294e+00,34800043
4.442100470350016e+02,4.416421690078667e+02,5.882352941176471e-01,34800051
4.445370236456723e+02,4.425611906511365e+02,5.882352941176471e-01,34800055
4.459747529173545e+02,4.441078444719382e+02,5.882352941176471e-01,34800057
4.468873101023070e+02,4.451226042199541e+02,5.882352941176471e-01,34800058
4.480664354103782e+02,4.415511312706798e+02,1.764705882352941e+00,34800050
4.486742954579183e+02,4.465888249761743e+02,5.882352941176471e-01,34800059
4.494977170502294e+02,4.430136586465764e+02,1.764705882352941e+00,34800056
4.499644954592419e+02,4.469318690488237e+02,5.882352941176471e-01,34800061
4.535762882522030e+02,4.518115823698500e+02,5.882352941176471e-01,34800065
4.539684131049771e+02,4.483331437433997e+02,1.764705882352941e+00,34800063
4.556024107030720e+02,4.527260326804913e+02,5.882352941176471e-01,34800066
4.558511247241073e+02,4.505570070770484e+02,1.764705882352941e+00,34800064
4.573952091724837e+02,4.544416532645854e+02,5.882352941176471e-01,34800070
4.576158306064602e+02,4.556585958771896e+02,5.882352941176471e-01,34800073
4.592922879152226e+02,4.559263754823875e+02,5.882352941176471e-01,34800074
4.592922879152226e+02,4.563685975519049e+02,5.882352941176471e-01,34800076
4.634099349740461e+02,4.527715600312315e+02,1.764705882352941e+00,34800067
4.634099349740461e+02,4.539930618494117e+02,1.764705882352941e+00,34800069
4.634099349740461e+02,4.561980496757683e+02,1.764705882352941e+00,34800075
4.651746408563990e+02,4.613856894241071e+02,5.882352941176471e-01,34800081
4.669393467387520e+02,4.611180689698442e+02,1.176470588235294e+00,34800080
4.687040526211049e+02,4.616035075006034e+02,1.764705882352941e+00,34800082
4.687040526211049e+02,4.576542991649473e+02,1.764705882352941e+00,34800079
4.691827481767223e+02,4.653679074022347e+02,5.882352941176471e-01,34800083
4.704687585034579e+02,4.676795971189058e+02,5.882352941176471e-01,34800088
4.704687585034579e+02,4.675776074795751e+02,5.882352941176471e-01,34800087
4.709474540590752e+02,4.688801729681869e+02,5.882352941176471e-01,34800089
4.722334643858108e+02,4.703584182765799e+02,5.882352941176471e-01,34800090
4.742988122567223e+02,4.718670267636152e+02,5.882352941176471e-01,34800093
4.760635181390752e+02,4.718823027844967e+02,1.176470588235294e+00,34800094
4.772737143152982e+02,4.714250869621095e+02,1.764705882352941e+00,34800092
4.772737143152982e+02,4.710700424805749e+02,1.764705882352941e+00,34800091
4.790384201976512e+02,4.771052834634342e+02,5.882352941176471e-01,34800101
4.790384201976512e+02,4.763100487074980e+02,5.882352941176471e-01,34800100
4.825678319623571e+02,4.805363135281942e+02,5.882352941176471e-01,34800106
4.825678319623571e+02,4.802431152174119e+02,5.882352941176471e-01,34800105
4.835460465526715e+02,4.745549218955158e+02,1.764705882352941e+00,34800095
4.860972437270630e+02,4.788903068084837e+02,1.764705882352941e+00,34800104
4.860972437270630e+02,4.785244232324258e+02,1.764705882352941e+00,34800103
4.886709188412768e+02,4.869062129589239e+02,5.882352941176471e-01,34800109
4.897409157014747e+02,4.876193470718968e+02,5.882352941176471e-01,34800110
4.898551759111805e+02,4.845610582641217e+02,1.764705882352941e+00,34800107
4.906159843642010e+02,4.883587104358942e+02,5.882352941176471e-01,34800112
4.915627516886805e+02,4.895796252089123e+02,5.882352941176471e-01,34800115
4.941453961289069e+02,4.856829884306656e+02,1.764705882352941e+00,34800108
4.950921634533864e+02,4.890316381224192e+02,1.764705882352941e+00,34800114
4.978520384774221e+02,4.956228080257705e+02,5.882352941176471e-01,34800121
4.986215752180923e+02,4.968526018985833e+02,5.882352941176471e-01,34800122
4.988868975042843e+02,4.913389013683796e+02,1.764705882352941e+00,34800116
4.998556869500271e+02,4.970113203816945e+02,5.882352941176471e-01,34800123
5.016203928323801e+02,4.991079872128934e+02,5.882352941176471e-01,34800128
5.028343734203136e+02,4.937103406168504e+02,1.176470588235294e+00,34800118
5.045990793026665e+02,4.982104523628002e+02,1.764705882352941e+00,34800126
5.045990793026665e+02,4.944998572965256e+02,1.764705882352941e+00,34800120
5.047907346653510e+02,5.021468415272524e+02,5.882352941176471e-01,34800129
5.063637851850195e+02,5.032176841456825e+02,5.882352941176471e-01,34800131
5.081284910673724e+02,5.052189789828704e+02,5.882352941176471e-01,34800134
5.084230052296464e+02,5.066582993472935e+02,5.882352941176471e-01,34800135
5.098931969497254e+02,5.032598788963417e+02,1.764705882352941e+00,34800132
5.100848523124098e+02,5.047076616499843e+02,1.176470588235294e+00,34800133
5.116579028320783e+02,5.098364088191874e+02,5.882352941176471e-01,34800138
5.116579028320783e+02,5.093147927810360e+02,5.882352941176471e-01,34800137
5.118495581947628e+02,5.100434999029235e+02,5.882352941176471e-01,34800139
5.134226087144312e+02,5.113703501413052e+02,5.882352941176471e-01,34800141
5.134226087144312e+02,5.111357743980118e+02,5.882352941176471e-01,34800140
5.151873145967842e+02,5.129276787102545e+02,5.882352941176471e-01,34800143
5.154574399289472e+02,5.136927340465942e+02,5.882352941176471e-01,34800144
5.168965427014750e+02,5.072426927674454e+02,1.764705882352941e+00,34800136
5.170870831452186e+02,5.151133069295474e+02,5.882352941176471e-01,34800146
5.188517890275716e+02,5.169282784389640e+02,5.882352941176471e-01,34800150
5.204471116245069e+02,5.178335927090075e+02,5.882352941176471e-01,34800152
5.211351688857802e+02,5.145659860015403e+02,1.176470588235294e+00,34800145
5.223582086004610e+02,5.119050359724249e+02,1.764705882352941e+00,34800142
5.234967555161134e+02,5.209752091013455e+02,5.882352941176471e-01,34800159
5.252614613984664e+02,5.233138718356949e+02,5.882352941176471e-01,34800160
5.258876203651669e+02,5.196297999913551e+02,1.764705882352941e+00,34800153
5.270261672808193e+02,5.208059591962856e+02,1.764705882352941e+00,34800158
5.273392467641696e+02,5.243888094467770e+02,5.882352941176471e-01,34800162
5.287908731631722e+02,5.262711425833392e+02,5.882352941176471e-01,34800163
5.291039526465225e+02,5.238623922127252e+02,1.176470588235294e+00,34800161
5.313192439994213e+02,5.295545381170684e+02,5.882352941176471e-01,34800166
5.331042668302996e+02,5.278101491832407e+02,1.764705882352941e+00,34800164
5.348486557641272e+02,5.292042144238413e+02,1.764705882352941e+00,34800165
5.348689727126525e+02,5.330447074283658e+02,5.882352941176471e-01,34800168
5.362630379532530e+02,5.303354734295243e+02,1.764705882352941e+00,34800167
5.366133616464801e+02,5.347362553406646e+02,5.882352941176471e-01,34800169
5.381771836088917e+02,5.355796155529829e+02,5.882352941176471e-01,34800171
5.383780675288331e+02,5.365619174998245e+02,5.882352941176471e-01,34800173
5.383983844773584e+02,5.348674666825795e+02,1.176470588235294e+00,34800170
5.399418894912446e+02,5.376660765015037e+02,5.882352941176471e-01,34800174
5.411853309922543e+02,5.394206251099013e+02,5.882352941176471e-01,34800176
5.419280181945117e+02,5.383986064298058e+02,1.176470588235294e+00,34800175
5.432846512876757e+02,5.415199454053228e+02,5.882352941176471e-01,34800178
5.442969227216109e+02,5.425322168392580e+02,5.882352941176471e-01,34800179
5.451879535534077e+02,5.434232476710547e+02,5.882352941176471e-01,34800180
5.461909704919465e+02,5.408968528448877e+02,1.764705882352941e+00,34800177
5.478910054303081e+02,5.456943641379437e+02,5.882352941176471e-01,34800184
5.479556763742995e+02,5.436905795352184e+02,1.176470588235294e+00,34800181
5.504820712004665e+02,5.450317494266708e+02,1.764705882352941e+00,34800183
5.524485753115298e+02,5.506838694291768e+02,5.882352941176471e-01,34800187
5.534903580480574e+02,5.514424524706498e+02,5.882352941176471e-01,34800188
5.554932338620050e+02,5.530752694694524e+02,5.882352941176471e-01,34800190
5.561787520209023e+02,5.499609462833515e+02,1.764705882352941e+00,34800185
5.572579397443579e+02,5.548341054033805e+02,5.882352941176471e-01,34800192
5.581445625100890e+02,5.563798566277360e+02,5.882352941176471e-01,34800194
5.590226456267109e+02,5.565882357096089e+02,5.882352941176471e-01,34800196
5.590226456267109e+02,5.565443587811736e+02,5.882352941176471e-01,34800195
5.607873515090638e+02,5.549262707213615e+02,1.176470588235294e+00,34800193
5.620124635296889e+02,5.531845461387993e+02,1.764705882352941e+00,34800191
5.620124635296889e+02,5.522019920288938e+02,1.764705882352941e+00,34800189
5.638120316202601e+02,5.620473257379072e+02,5.882352941176471e-01,34800199
5.651635096777102e+02,5.633988037953573e+02,5.882352941176471e-01,34800201
5.675054512766713e+02,5.592123143432235e+02,1.764705882352941e+00,34800197
5.684587310487881e+02,5.663686848158836e+02,5.882352941176471e-01,34800203
5.686929214424161e+02,5.622214401738873e+02,1.764705882352941e+00,34800200
5.692701571590242e+02,5.643742377972986e+02,1.176470588235294e+00,34800202
5.717564761308579e+02,5.699917702485050e+02,5.882352941176471e-01,34800205
5.721246710853056e+02,5.703599652029527e+02,5.882352941176471e-01,34800206
5.737065153593197e+02,5.704632651671606e+02,5.882352941176471e-01,34800207
5.737528486958469e+02,5.682321550247161e+02,1.764705882352941e+00,34800204
5.748211567568040e+02,5.730564508744511e+02,5.882352941176471e-01,34800212
5.772540819759775e+02,5.752700660867785e+02,5.882352941176471e-01,34800219
5.788343146332450e+02,5.764694488528871e+02,5.882352941176471e-01,34800221
5.795058848472440e+02,5.731889993037997e+02,1.764705882352941e+00,34800213
5.826995115049504e+02,5.764353915868764e+02,1.764705882352941e+00,34800220
5.826995115049504e+02,5.740976977587206e+02,1.764705882352941e+00,34800216
5.843522890183035e+02,5.811877685179192e+02,5.882352941176471e-01,34800224
5.862491657996412e+02,5.781417821125592e+02,1.176470588235294e+00,34800222
5.862491657996412e+02,5.798571128079270e+02,1.176470588235294e+00,34800223
5.862491657996412e+02,5.817534379855925e+02,1.176470588235294e+00,34800225
5.897968869596011e+02,5.869770583497294e+02,5.882352941176471e-01,34800231
5.897968869596011e+02,5.866416809460317e+02,5.882352941176471e-01,34800230
5.915615928419540e+02,5.896325363971086e+02,5.882352941176471e-01,34800235
5.916034483011235e+02,5.851473657999470e+02,1.176470588235294e+00,34800228
5.933472264538917e+02,5.911186707355839e+02,5.882352941176471e-01,34800236
5.933681541834764e+02,5.848809726142427e+02,1.764705882352941e+00,34800227
5.951119323362446e+02,5.929159383897418e+02,5.882352941176471e-01,34800238
5.968818701509938e+02,5.943478998528757e+02,5.882352941176471e-01,34800239
5.968871020833899e+02,5.913914440535845e+02,1.764705882352941e+00,34800237
5.968871020833899e+02,5.880504904725021e+02,1.764705882352941e+00,34800234
5.990862469526556e+02,5.973215410703027e+02,5.882352941176471e-01,34800242
6.004112819156996e+02,5.984960338080113e+02,5.882352941176471e-01,34800244
6.008509528350085e+02,5.990462682257519e+02,5.882352941176471e-01,34800245
6.014812576243326e+02,5.997165517419797e+02,5.882352941176471e-01,34800246
6.039912837357098e+02,6.017733049957477e+02,5.882352941176471e-01,34800248
6.046131017289606e+02,5.978006170974117e+02,1.764705882352941e+00,34800243
6.046131017289606e+02,5.956415924562043e+02,1.764705882352941e+00,34800241
6.061705349468966e+02,6.035776940274318e+02,5.882352941176471e-01,34800251
6.079352408292496e+02,6.049650291745928e+02,5.882352941176471e-01,34800253
6.096999467116025e+02,6.077670946585294e+02,5.882352941176471e-01,34800255
6.107418325694828e+02,6.004248836843162e+02,1.764705882352941e+00,34800247
6.115321144435803e+02,6.062379967965215e+02,1.764705882352941e+00,34800254
6.147231110749941e+02,6.129584051926411e+02,5.882352941176471e-01,34800257
6.179352890122555e+02,6.126411713651967e+02,1.764705882352941e+00,34800256
6.192488816977427e+02,6.165976893807433e+02,5.882352941176471e-01,34800261
6.198479600501145e+02,6.177721054502251e+02,5.882352941176471e-01,34800263
6.198479600501145e+02,6.176382910460347e+02,5.882352941176471e-01,34800262
6.215636938588688e+02,6.145788529072101e+02,1.176470588235294e+00,34800258
6.233283997412218e+02,6.212616488192799e+02,5.882352941176471e-01,34800270
6.261365984702265e+02,6.163925308631617e+02,1.176470588235294e+00,34800260
6.273172007649045e+02,6.248015632958422e+02,5.882352941176471e-01,34800275
6.279013043525794e+02,6.260118841415283e+02,5.882352941176470e-01,34800277
6.279013043525794e+02,6.157194699330368e+02,1.764705882352941e+00,34800259
6.290819066472574e+02,6.270215380190119e+02,5.882352941176471e-01,34800278
6.320210172646243e+02,6.200307760236908e+02,1.764705882352941e+00,34800269
6.320210172646243e+02,6.218521757294198e+02,1.764705882352941e+00,34800271
6.320210172646243e+02,6.225197054823437e+02,1.764705882352941e+00,34800272
6.337857231469772e+02,6.302920255995290e+02,5.882352941176471e-01,34800279
6.356929107901674e+02,6.339282049078145e+02,5.882352941176471e-01,34800283
6.375300295041882e+02,6.357653236218352e+02,5.882352941176471e-01,34800284
6.384875771789345e+02,6.308973551576286e+02,1.764705882352941e+00,34800280
6.390798407940361e+02,6.333359412927129e+02,1.764705882352941e+00,34800281
6.396727449211283e+02,6.357882936356411e+02,5.882352941176471e-01,34800285
6.402522830612874e+02,6.382860485733626e+02,5.882352941176471e-01,34800287
6.408445466763890e+02,6.390432311735584e+02,5.882352941176471e-01,34800288
6.421165333237745e+02,6.400638467548905e+02,5.882352941176471e-01,34800290
6.446828974994569e+02,6.424241373543888e+02,5.882352941176471e-01,34800296
6.464476033818099e+02,6.439619498983088e+02,5.882352941176471e-01,34800299
6.471310479141128e+02,6.453663420317598e+02,5.882352941176471e-01,34800300
6.472767314360198e+02,6.335755930441112e+02,1.764705882352941e+00,34800282
6.485540315303143e+02,6.461413661320776e+02,5.882352941176471e-01,34800301
6.505816351395950e+02,6.397342516242741e+02,1.176470588235294e+00,34800289
6.523463410219479e+02,6.414052785688541e+02,1.764705882352941e+00,34800294
6.523463410219479e+02,6.404513718215557e+02,1.764705882352941e+00,34800292
6.541110469043008e+02,6.522236807638638e+02,5.882352941176471e-01,34800304
6.549320697164352e+02,6.462696585949720e+02,1.764705882352941e+00,34800302
6.592496999255344e+02,6.574849940431815e+02,5.882352941176471e-01,34800306
6.593986903186430e+02,6.576339844362901e+02,5.882352941176471e-01,34800307
6.598694427860908e+02,6.580895007879407e+02,5.882352941176471e-01,34800308
6.617171040341221e+02,6.599523981517692e+02,5.882352941176471e-01,34800310
6.628365370333933e+02,6.563400310213849e+02,1.764705882352941e+00,34800305
6.628706767401959e+02,6.593412649754900e+02,1.176470588235294e+00,34800309
6.638708053343268e+02,6.621060994519738e+02,5.882352941176471e-01,34800311
6.646012429157462e+02,6.625883890100268e+02,5.882352941176471e-01,34800312
6.670720642152186e+02,6.653073583328656e+02,5.882352941176471e-01,34800313
6.674172374182477e+02,6.656525315358948e+02,5.882352941176471e-01,34800314
6.690430597586480e+02,6.672783538762951e+02,5.882352941176471e-01,34800315
6.698374022316816e+02,6.680726963493286e+02,5.882352941176471e-01,34800317
6.708764906538579e+02,6.691117847715049e+02,5.882352941176471e-01,34800318
6.714624185180982e+02,6.674597194210017e+02,1.176470588235294e+00,34800316
6.726411965362108e+02,6.706094057629982e+02,5.882352941176471e-01,34800320
6.746582325463497e+02,6.693641148992909e+02,1.764705882352941e+00,34800319
6.767565361651570e+02,6.713205738562926e+02,1.764705882352941e+00,34800321
6.779353141832696e+02,6.721118248787557e+02,1.764705882352941e+00,34800322
6.804272726840816e+02,6.751331550370227e+02,1.764705882352941e+00,34800323
6.810444441340152e+02,6.775150323693094e+02,1.176470588235294e+00,34800324
6.822021057709522e+02,6.797982549324981e+02,5.882352941176471e-01,34800327
6.822021057709522e+02,6.794874445145907e+02,5.882352941176471e-01,34800326
6.851731802956051e+02,6.834084744132521e+02,5.882352941176471e-01,34800330
6.857315175356581e+02,6.786777576085052e+02,1.764705882352941e+00,34800325
6.863385617810741e+02,6.810324610919294e+02,1.764705882352941e+00,34800329
6.879515066020730e+02,6.852204323673607e+02,5.882352941176471e-01,34800333
6.902263352727341e+02,6.884616293903812e+02,5.882352941176471e-01,34800337
6.904909239785417e+02,6.834224427053788e+02,1.764705882352941e+00,34800331
6.914809183667789e+02,6.852645630596756e+02,1.764705882352941e+00,34800334
6.946027794935197e+02,6.928380736111667e+02,5.882352941176471e-01,34800339
6.975495878614799e+02,6.922554702144210e+02,1.764705882352941e+00,34800338
6.990071295589587e+02,6.967150753766252e+02,5.882352941176471e-01,34800342
6.993142937438328e+02,6.954777177942528e+02,1.176470588235294e+00,34800340
7.007718354413116e+02,6.986780735559128e+02,5.882352941176471e-01,34800343
7.010811809453018e+02,6.957870632982429e+02,1.764705882352941e+00,34800341
7.011979854670947e+02,6.994332795847418e+02,5.882352941176471e-01,34800344
7.025365413236646e+02,6.998018464417169e+02,5.882352941176471e-01,34800345
7.042134704496524e+02,7.024487645672994e+02,5.882352941176471e-01,34800346
7.059781763320053e+02,7.038456378299674e+02,5.882352941176471e-01,34800349
7.063251169868333e+02,7.045604111044803e+02,5.882352941176471e-01,34800350
7.069106974675230e+02,7.048929010824607e+02,5.882352941176471e-01,34800351
7.077428822143582e+02,7.055587154694718e+02,5.882352941176471e-01,34800352
7.086754033498759e+02,7.066629964084257e+02,5.882352941176471e-01,34800354
7.101717569256414e+02,7.079250790441672e+02,5.882352941176471e-01,34800356
7.101717569256414e+02,7.078317230099553e+02,5.882352941176471e-01,34800355
7.111923153362146e+02,7.027646024467927e+02,1.764705882352941e+00,34800347
7.119364628079944e+02,7.099867871849602e+02,5.882352941176471e-01,34800358
7.137145316039315e+02,7.119498257215785e+02,5.882352941176471e-01,34800361
7.172350347595812e+02,7.063739928543481e+02,1.764705882352941e+00,34800353
7.172350347595812e+02,7.033812857028171e+02,1.764705882352941e+00,34800348
7.189997406419342e+02,7.169538758169386e+02,5.882352941176471e-01,34800366
7.189997406419342e+02,7.167578909748706e+02,5.882352941176471e-01,34800365
7.203175396422518e+02,7.176342086107514e+02,5.882352941176471e-01,34800367
7.207644465242871e+02,7.188545286541713e+02,5.882352941176471e-01,34800369
7.225291524066401e+02,7.203663568722158e+02,5.882352941176471e-01,34800370
7.235833916068941e+02,7.118422779236453e+02,1.764705882352941e+00,34800360
7.235833916068941e+02,7.102269489743135e+02,1.764705882352941e+00,34800359
7.253480974892471e+02,7.232737275110668e+02,5.882352941176471e-01,34800373
7.279808163465507e+02,7.262161104641978e+02,5.882352941176471e-01,34800375
7.281955576059123e+02,7.218401052317552e+02,1.764705882352941e+00,34800371
7.297079452183791e+02,7.265329341480707e+02,5.882352941176471e-01,34800376
7.315567571906941e+02,7.284199734061888e+02,5.882352941176471e-01,34800378
7.317249693706181e+02,7.261409564431487e+02,1.764705882352941e+00,34800374
7.333214630730470e+02,7.302974129447495e+02,5.882352941176471e-01,34800381
7.351702750453620e+02,7.285692045112652e+02,1.764705882352941e+00,34800379
7.351702750453620e+02,7.276266637917012e+02,1.764705882352941e+00,34800377
7.369139544052244e+02,7.343396760258044e+02,5.882352941176471e-01,34800385
7.386996868100679e+02,7.327283173811411e+02,1.764705882352941e+00,34800382
7.404573838515906e+02,7.354996527432877e+02,1.176470588235294e+00,34800386
7.422220897339436e+02,7.372396484752680e+02,1.176470588235294e+00,34800388
7.422220897339436e+02,7.338193653137208e+02,1.764705882352941e+00,34800384
7.466737197306035e+02,7.415463991632886e+02,1.176470588235294e+00,34800391
7.484384256129565e+02,7.466014828434988e+02,5.882352941176470e-01,34800395
7.484384256129565e+02,7.406463728177474e+02,1.764705882352941e+00,34800390
7.484384256129565e+02,7.395144244051223e+02,1.764705882352941e+00,34800389
7.502031314953094e+02,7.474679468489470e+02,5.882352941176471e-01,34800396
7.517245139161922e+02,7.499598080338393e+02,5.882352941176471e-01,34800397
7.519678373776624e+02,7.441567700406522e+02,1.764705882352941e+00,34800394
7.562762702619859e+02,7.509821526149271e+02,1.764705882352941e+00,34800398
7.570186315632511e+02,7.515886917407359e+02,1.764705882352941e+00,34800399
7.573768244112187e+02,7.520827067641598e+02,1.764705882352941e+00,34800400
7.584121567949714e+02,7.540353751814007e+02,5.882352941176471e-01,34800401
7.604985499087463e+02,7.587338440263934e+02,5.882352941176471e-01,34800403
7.619415685596773e+02,7.546900583520633e+02,1.764705882352941e+00,34800402
7.622632557910993e+02,7.592961440506298e+02,5.882352941176471e-01,34800405
7.637991785755461e+02,7.620344726931932e+02,5.882352941176471e-01,34800406
7.642663881934729e+02,7.625016823111199e+02,5.882352941176471e-01,34800407
7.643903358773124e+02,7.590962182302535e+02,1.764705882352941e+00,34800404
7.658678615515177e+02,7.628892841478749e+02,5.882352941176471e-01,34800408
7.662977872508566e+02,7.645330813685037e+02,5.882352941176471e-01,34800412
7.677957999581787e+02,7.642551442159741e+02,1.176470588235294e+00,34800411
7.693972733162236e+02,7.646254729261820e+02,1.176470588235294e+00,34800413
7.726088958880814e+02,7.708441900057285e+02,5.882352941176471e-01,34800416
7.737931171603673e+02,7.684989995133085e+02,1.764705882352941e+00,34800414
7.740340328125255e+02,7.687399151654667e+02,1.764705882352941e+00,34800415
7.751630826186250e+02,7.709710526972026e+02,5.882352941176471e-01,34800417
7.786924943833309e+02,7.711429806051672e+02,1.764705882352941e+00,34800418
7.792983680495331e+02,7.750124649864991e+02,1.176470588235294e+00,34800420
7.804572002656838e+02,7.759363712705636e+02,1.176470588235294e+00,34800422
7.824152751315816e+02,7.806505692492287e+02,5.882352941176471e-01,34800425
7.838359943982638e+02,7.779771741390970e+02,1.764705882352941e+00,34800423
7.845924856965919e+02,7.791413621418489e+02,1.764705882352941e+00,34800424
7.863571915789449e+02,7.843053613640708e+02,5.882352941176471e-01,34800429
7.875373994708051e+02,7.853932395575014e+02,5.882352941176471e-01,34800431
7.893021053531580e+02,7.873318932848573e+02,5.882352941176471e-01,34800434
7.914559735243913e+02,7.834091198276204e+02,1.176470588235294e+00,34800427
7.914559735243913e+02,7.836034476769180e+02,1.176470588235294e+00,34800428
7.932206794067443e+02,7.907072078604101e+02,5.882352941176470e-01,34800436
7.932206794067443e+02,7.820806665573955e+02,1.764705882352941e+00,34800426
7.949853852890972e+02,7.918838623417661e+02,5.882352941176471e-01,34800438
7.949853852890972e+02,7.926791664262098e+02,5.882352941176471e-01,34800440
7.967500911714501e+02,7.937856413713568e+02,5.882352941176471e-01,34800441
7.973457926783027e+02,7.866526355223336e+02,1.176470588235294e+00,34800433
7.985147970538031e+02,7.961767883028023e+02,5.882352941176471e-01,34800442
7.991104985606556e+02,7.882180561977596e+02,1.764705882352941e+00,34800435
8.007886631179180e+02,7.990239572355651e+02,5.882352941176471e-01,34800443
8.027330412644638e+02,8.009683353821108e+02,5.882352941176471e-01,34800446
8.033846779916216e+02,8.010465003230901e+02,5.882352941176471e-01,34800447
8.043024288605999e+02,8.016806971163284e+02,5.882352941176471e-01,34800449
8.065882713927486e+02,8.007730170958940e+02,1.764705882352941e+00,34800445
8.065882713927486e+02,7.997945412198560e+02,1.764705882352941e+00,34800444
8.069982679206416e+02,8.052335620382887e+02,5.882352941176471e-01,34800450
8.083781617450093e+02,8.066134558626563e+02,5.882352941176471e-01,34800451
8.084508792748793e+02,8.066861733925264e+02,5.882352941176471e-01,34800452
8.115345092024551e+02,8.097698033201022e+02,5.882352941176471e-01,34800454
8.125647459495069e+02,8.072706283024481e+02,1.764705882352941e+00,34800453
8.163028826746354e+02,8.145381767922824e+02,5.882352941176471e-01,34800457
8.166784475927503e+02,8.113843299456915e+02,1.764705882352941e+00,34800455
8.187731483014433e+02,8.170084424190903e+02,5.882352941176471e-01,34800459
8.192682819210806e+02,8.139741642740218e+02,1.764705882352941e+00,34800456
8.199349087847081e+02,8.179582817108682e+02,5.882352941176471e-01,34800460
8.217167082238027e+02,8.198174871413603e+02,5.882352941176471e-01,34800464
8.234493329471161e+02,8.164054970200022e+02,1.176470588235294e+00,34800458
8.249282913746553e+02,8.231635854923024e+02,5.882352941176471e-01,34800470
8.271426945379048e+02,8.188052294604828e+02,1.764705882352941e+00,34800461
8.283391104394736e+02,8.256189925591161e+02,5.882352941176471e-01,34800473
8.291766136136410e+02,8.268785866572167e+02,5.882352941176471e-01,34800475
8.302401453478145e+02,8.275465143279797e+02,5.882352941176471e-01,34800478
8.334525507942315e+02,8.212855859713154e+02,1.764705882352941e+00,34800468
8.334525507942315e+02,8.229264000925272e+02,1.764705882352941e+00,34800469
8.334525507942315e+02,8.238578690609777e+02,1.764705882352941e+00,34800471
8.357571810959733e+02,8.267788980961025e+02,1.176470588235294e+00,34800474
8.369819625589374e+02,8.350769439265134e+02,5.882352941176471e-01,34800484
8.375218869783262e+02,8.356739176781058e+02,5.882352941176471e-01,34800485
8.387466684412903e+02,8.363877821606232e+02,5.882352941176471e-01,34800487
8.387466684412903e+02,8.362117681393314e+02,5.882352941176471e-01,34800486
8.405113743236433e+02,8.377679998809236e+02,5.882352941176471e-01,34800489
8.409067586897837e+02,8.391420528074308e+02,5.882352941176471e-01,34800490
8.426777277245912e+02,8.409130218422383e+02,5.882352941176471e-01,34800491
8.435007308119809e+02,8.313822819003905e+02,1.764705882352941e+00,34800482
8.435007308119809e+02,8.305896732895317e+02,1.764705882352941e+00,34800481
8.444424336069442e+02,8.424288859800608e+02,5.882352941176471e-01,34800492
8.462071394892971e+02,8.443574037092959e+02,5.882352941176471e-01,34800494
8.470238794242323e+02,8.370990747583322e+02,1.764705882352941e+00,34800488
8.487885853065852e+02,8.469080243403151e+02,5.882352941176471e-01,34800497
8.505532911889382e+02,8.483629774108046e+02,5.882352941176471e-01,34800498
8.510304057388743e+02,8.447614579933440e+02,1.764705882352941e+00,34800495
8.510304057388743e+02,8.430573545136798e+02,1.764705882352941e+00,34800493
8.527951116212273e+02,8.507178553590743e+02,5.882352941176471e-01,34800499
8.537151343280480e+02,8.519504284456950e+02,5.882352941176471e-01,34800500
8.540827029536440e+02,8.457697459066291e+02,1.764705882352941e+00,34800496
8.565576954897726e+02,8.547929896074196e+02,5.882352941176471e-01,34800503
8.577312833465289e+02,8.554927014318277e+02,5.882352941176471e-01,34800504
8.587663800182835e+02,8.534722623712246e+02,1.764705882352941e+00,34800501
8.600871072544784e+02,8.542018715818230e+02,1.764705882352941e+00,34800502
8.630959685313435e+02,8.608396725556836e+02,5.882352941176471e-01,34800510
8.636165190191843e+02,8.568081654620572e+02,1.176470588235294e+00,34800505
8.648606744136964e+02,8.620849407684402e+02,5.882352941176471e-01,34800512
8.654160310150344e+02,8.636513251326815e+02,5.882352941176471e-01,34800514
8.670276333460184e+02,8.649952678981367e+02,5.882352941176471e-01,34800516
8.687923392283713e+02,8.666875734993162e+02,5.882352941176471e-01,34800518
8.695553934714340e+02,8.593415652915950e+02,1.764705882352941e+00,34800507
8.718810771434156e+02,8.701163712610627e+02,5.882352941176471e-01,34800519
8.721921982274201e+02,8.648742691666943e+02,1.764705882352941e+00,34800515
8.721921982274201e+02,8.634982215813125e+02,1.764705882352941e+00,34800513
8.736457830257686e+02,8.716161702585742e+02,5.882352941176471e-01,34800520
8.753733349606466e+02,8.736086290782936e+02,5.882352941176471e-01,34800522
8.770469807778719e+02,8.752822748955190e+02,5.882352941176471e-01,34800523
8.786692555965814e+02,8.733751379495226e+02,1.764705882352941e+00,34800521
8.804339614789344e+02,8.782017542771379e+02,5.882352941176471e-01,34800526
8.821986673612873e+02,8.802980225770046e+02,5.882352941176471e-01,34800528
8.829664830369203e+02,8.805839053044095e+02,5.882352941176471e-01,34800529
8.830091779553938e+02,8.775673146320546e+02,1.764705882352941e+00,34800524
8.839633732436402e+02,8.814243779719302e+02,5.882352941176471e-01,34800531
8.865172422608629e+02,8.793943763537409e+02,1.764705882352941e+00,34800527
8.865172422608629e+02,8.777774161476684e+02,1.764705882352941e+00,34800525
8.882819481432159e+02,8.861593618920843e+02,5.882352941176471e-01,34800538
8.896025171035719e+02,8.876014440218901e+02,5.882352941176471e-01,34800540
8.903313912498164e+02,8.841168309067022e+02,1.176470588235294e+00,34800533
8.903313912498164e+02,8.836937249151084e+02,1.176470588235294e+00,34800532
8.936566145610852e+02,8.918919086787323e+02,5.882352941176471e-01,34800543
8.938608030145223e+02,8.901538221578873e+02,1.176470588235294e+00,34800542
8.948966347506308e+02,8.891361598159587e+02,1.764705882352941e+00,34800541
8.959157620846448e+02,8.941510562022919e+02,5.882352941176471e-01,34800544
8.959715243223184e+02,8.942068184399654e+02,5.882352941176471e-01,34800545
8.966613406329837e+02,8.947929321812349e+02,5.882352941176471e-01,34800546
8.977083490858345e+02,8.954469171546691e+02,5.882352941176471e-01,34800548
8.977083490858345e+02,8.953615122694627e+02,5.882352941176471e-01,34800547
8.989495507417621e+02,8.961296770949176e+02,5.882352941176471e-01,34800549
9.000254536381138e+02,8.982607477557609e+02,5.882352941176471e-01,34800551
9.015931060646387e+02,8.998284001822857e+02,5.882352941176471e-01,34800552
9.023080879049242e+02,9.005433820225713e+02,5.882352941176471e-01,34800553
9.024789625064679e+02,8.961315050745011e+02,1.764705882352941e+00,34800550
9.040727937872771e+02,9.017570397841585e+02,5.882352941176471e-01,34800555
9.051573257939697e+02,9.033926199116167e+02,5.882352941176471e-01,34800556
9.058374996696301e+02,9.040528936031647e+02,5.882352941176471e-01,34800557
9.068872237116975e+02,9.009974785860410e+02,1.764705882352941e+00,34800554
9.069220316763226e+02,9.044045225465659e+02,5.882352941176471e-01,34800558
9.111316173166889e+02,9.057724572383717e+02,1.764705882352941e+00,34800559
9.112531164489247e+02,9.077237046842188e+02,1.176470588235294e+00,34800561
9.123379079960924e+02,9.070437903490336e+02,1.764705882352941e+00,34800560
9.148240789208761e+02,9.130593730385232e+02,5.882352941176471e-01,34800563
9.158491456631254e+02,9.140844397807724e+02,5.882352941176471e-01,34800564
9.164257349637477e+02,9.107006157986030e+02,1.764705882352941e+00,34800562
9.165887848032291e+02,9.145892649230941e+02,5.882352941176471e-01,34800565
9.185316851191147e+02,9.167669792367617e+02,5.882352941176471e-01,34800566
9.210298239593742e+02,9.192651180770213e+02,5.882352941176471e-01,34800568
9.221299935215662e+02,9.168358758745074e+02,1.764705882352941e+00,34800567
9.235988837793893e+02,9.218341778970363e+02,5.882352941176471e-01,34800570
9.240602692058386e+02,9.222955633234856e+02,5.882352941176471e-01,34800571
9.250062219655122e+02,9.197121043184534e+02,1.764705882352941e+00,34800569
9.255942823749669e+02,9.225994324336409e+02,5.882352941176471e-01,34800573
9.255942823749669e+02,9.224490422128454e+02,5.882352941176471e-01,34800572
9.268806323322369e+02,9.242254448041536e+02,5.882352941176471e-01,34800574
9.273589882573198e+02,9.252298643474761e+02,5.882352941176471e-01,34800577
9.286616461831786e+02,9.256949582897620e+02,5.882352941176471e-01,34800578
9.291236941396728e+02,9.273116613383630e+02,5.882352941176471e-01,34800582
9.308884000220257e+02,9.269050942851201e+02,1.176470588235294e+00,34800581
9.308884000220257e+02,9.288126842030759e+02,5.882352941176471e-01,34800583
9.321910579478845e+02,9.252256309342557e+02,1.764705882352941e+00,34800576
9.347160024514067e+02,9.329512965690538e+02,5.882352941176471e-01,34800586
9.361825176690845e+02,9.306079991595569e+02,1.764705882352941e+00,34800584
9.362114573294695e+02,9.326820455647637e+02,1.176470588235294e+00,34800585
9.371603915129339e+02,9.353956856305810e+02,5.882352941176471e-01,34800587
9.379472235514375e+02,9.359324453955379e+02,5.882352941176471e-01,34800588
9.403384182162299e+02,9.368090064515240e+02,1.176470588235294e+00,34800589
9.407590325413617e+02,9.389943266590088e+02,5.882352941176471e-01,34800591
9.431502206049837e+02,9.413855147226307e+02,5.882352941176471e-01,34800593
9.435465752149041e+02,9.382524575678452e+02,1.764705882352941e+00,34800590
9.449662368190133e+02,9.432015309366604e+02,5.882352941176471e-01,34800594
9.457041100326155e+02,9.404099923855566e+02,1.764705882352941e+00,34800592
9.488406928619629e+02,9.432799394545137e+02,1.764705882352941e+00,34800595
9.490631206222291e+02,9.472984147398762e+02,5.882352941176471e-01,34800597
9.509723887557001e+02,9.456782711086413e+02,1.764705882352941e+00,34800596
9.544391548965186e+02,9.526744490141657e+02,5.882352941176471e-01,34800600
9.547633200000882e+02,9.494692023530294e+02,1.764705882352941e+00,34800598
9.565601982465808e+02,9.512660805995220e+02,1.764705882352941e+00,34800599
9.575307416443568e+02,9.557660357620039e+02,5.882352941176471e-01,34800601
9.593875853660072e+02,9.576228794836543e+02,5.882352941176471e-01,34800603
9.599629474292486e+02,9.581982415468956e+02,5.882352941176471e-01,34800604
9.602366706166253e+02,9.583785252021607e+02,5.882352941176471e-01,34800605
9.618645149052899e+02,9.596228664706739e+02,5.882352941176471e-01,34800608
9.618645149052899e+02,9.595038032481712e+02,5.882352941176471e-01,34800607
9.629169971307131e+02,9.604872010472763e+02,5.882352941176471e-01,34800609
9.636292207876428e+02,9.567072588519194e+02,1.176470588235294e+00,34800602
9.653939266699957e+02,9.590282888092200e+02,1.764705882352941e+00,34800606
9.659891454614933e+02,9.642244395791404e+02,5.882352941176471e-01,34800610
9.660154349358528e+02,9.642507290534999e+02,5.882352941176471e-01,34800611
9.671586325523487e+02,9.644907261433427e+02,5.882352941176471e-01,34800612
9.685408835181171e+02,9.667761776357641e+02,5.882352941176471e-01,34800613
9.686140863984869e+02,9.668493805161339e+02,5.882352941176471e-01,34800614
9.706746805405935e+02,9.689099746582406e+02,5.882352941176471e-01,34800616
9.725290961009821e+02,9.672349784539232e+02,1.764705882352941e+00,34800615
9.726657934883830e+02,9.709010876060301e+02,5.882352941176471e-01,34800617
9.743963250238857e+02,9.712343735220611e+02,5.882352941176471e-01,34800619
9.761610309062387e+02,9.715150666650318e+02,1.176470588235294e+00,34800620
9.762199256772276e+02,9.709258080301687e+02,1.764705882352941e+00,34800618
9.765813283070079e+02,9.748166224246550e+02,5.882352941176471e-01,34800623
9.779551841740861e+02,9.749014331429712e+02,5.882352941176471e-01,34800624
9.814845959387919e+02,9.753922122734345e+02,1.764705882352941e+00,34800625
9.818754459540667e+02,9.764353737073489e+02,1.764705882352941e+00,34800626
9.832493018211449e+02,9.787297795159944e+02,1.176470588235294e+00,34800628
9.841626179603321e+02,9.823979120779792e+02,5.882352941176471e-01,34800629
9.850140077034978e+02,9.769455311395677e+02,1.764705882352941e+00,34800627
9.867787135858508e+02,9.846039845473382e+02,5.882352941176471e-01,34800632
9.872353716554444e+02,9.826353852160783e+02,1.176470588235294e+00,34800631
9.890000775377973e+02,9.824660428057043e+02,1.764705882352941e+00,34800630
9.925054146531066e+02,9.889760028884007e+02,1.176470588235294e+00,34800633
9.929867117075237e+02,9.912220058251708e+02,5.882352941176471e-01,34800634
9.952545278931903e+02,9.934898220108373e+02,5.882352941176471e-01,34800637
9.970297059908526e+02,9.917355883437938e+02,1.764705882352941e+00,34800635
9.978004315603104e+02,9.960357256779574e+02,5.882352941176471e-01,34800638
9.978594952362594e+02,9.925653775892006e+02,1.764705882352941e+00,34800636
9.993085388107504e+02,9.975438329283975e+02,5.882352941176471e-01,34800639
1.000933265179652e+03,9.991685592972995e+02,5.882352941176471e-01,34800640
1.003476962774463e+03,1.001712256892110e+03,5.882352941176471e-01,34800641
1.004148172636714e+03,1.002383466754361e+03,5.882352941176471e-01,34800643
1.005241668656816e+03,1.003054491992826e+03,5.882352941176471e-01,34800644
1.007008892576790e+03,1.005244186694437e+03,5.882352941176471e-01,34800646
1.007595638296778e+03,1.005776674451026e+03,5.882352941176471e-01,34800647
1.007677584401420e+03,1.002301520649719e+03,1.764705882352941e+00,34800642
1.009401317231452e+03,1.007270633603421e+03,5.882352941176471e-01,34800649
1.009401317231452e+03,1.007189170885593e+03,5.882352941176471e-01,34800648
1.010538304341496e+03,1.003961781502997e+03,1.764705882352941e+00,34800645
1.011166023113805e+03,1.008464788954294e+03,5.882352941176471e-01,34800651
1.012721489405388e+03,1.009740257045264e+03,5.882352941176471e-01,34800652
1.012721489405388e+03,1.010351145811160e+03,5.882352941176471e-01,34800653
1.012721489405388e+03,1.010422290319580e+03,5.882352941176471e-01,34800654
1.014486195287741e+03,1.012265148430328e+03,5.882352941176471e-01,34800657
1.016250901170094e+03,1.011762920974512e+03,1.176470588235294e+00,34800655
1.018015607052447e+03,1.012098930856012e+03,1.764705882352941e+00,34800656
1.018015607052447e+03,1.008193930037247e+03,1.764705882352941e+00,34800650
1.021932945078907e+03,1.014963063920459e+03,1.764705882352941e+00,34800658
1.022268332179596e+03,1.020503626297243e+03,5.882352941176471e-01,34800661
1.023309724699506e+03,1.017026753693603e+03,1.764705882352941e+00,34800660
1.024163054130270e+03,1.022398348247917e+03,5.882352941176471e-01,34800662
1.025597959789841e+03,1.023833253907488e+03,5.882352941176471e-01,34800663
1.025710200402129e+03,1.023945494519776e+03,5.882352941176471e-01,34800664
1.026153470222568e+03,1.024388764340215e+03,5.882352941176471e-01,34800665
1.030906761667231e+03,1.025612644020173e+03,1.764705882352941e+00,34800666
1.032991966134963e+03,1.031227260252610e+03,5.882352941176471e-01,34800667
1.035577282594582e+03,1.033812576712229e+03,5.882352941176471e-01,34800668
1.036778074609188e+03,1.035013368726835e+03,5.882352941176471e-01,34800669
1.037872177703312e+03,1.036107471820959e+03,5.882352941176471e-01,34800671
1.039630704615494e+03,1.037428780961230e+03,5.882352941176471e-01,34800674
1.043611304219133e+03,1.036239049517788e+03,1.764705882352941e+00,34800672
1.043611304219133e+03,1.036088934910448e+03,1.764705882352941e+00,34800670
1.045150416182020e+03,1.038243758752913e+03,1.764705882352941e+00,34800676
1.046600551341116e+03,1.044835845458763e+03,5.882352941176471e-01,34800678
1.048745879483316e+03,1.046981173600963e+03,5.882352941176471e-01,34800679
1.049534689581457e+03,1.047769983699104e+03,5.882352941176471e-01,34800680
1.052756793099893e+03,1.050992087217540e+03,5.882352941176471e-01,34800681
1.054049355463762e+03,1.052284649581409e+03,5.882352941176471e-01,34800682
1.056797309426548e+03,1.055032603544195e+03,5.882352941176471e-01,34800684
1.057224309651132e+03,1.055459603768779e+03,5.882352941176471e-01,34800685
1.058334812659963e+03,1.056234815930194e+03,5.882352941176471e-01,34800686
1.060025672239428e+03,1.058260966357075e+03,5.882352941176471e-01,34800687
1.060326721191253e+03,1.054805400895257e+03,1.764705882352941e+00,34800683
1.060617687911024e+03,1.058852982028671e+03,5.882352941176471e-01,34800688
1.061790378121781e+03,1.059306407525534e+03,5.882352941176471e-01,34800689
1.063222692956429e+03,1.061457987074076e+03,5.882352941176471e-01,34800690
1.063240861206998e+03,1.061476155324645e+03,5.882352941176471e-01,34800691
1.064987398838782e+03,1.062957707543909e+03,5.882352941176471e-01,34800693
1.065250255019362e+03,1.063485549137009e+03,5.882352941176471e-01,34800694
1.066181167357691e+03,1.064169612158822e+03,5.882352941176471e-01,34800695
1.066752104721134e+03,1.062651755592985e+03,1.176470588235294e+00,34800692
1.068037182060714e+03,1.066272476178361e+03,5.882352941176471e-01,34800696
1.070320722485815e+03,1.068556016603462e+03,5.882352941176471e-01,34800699
1.071907848447775e+03,1.066613730800716e+03,1.764705882352941e+00,34800697
1.072107456519211e+03,1.070342750636858e+03,5.882352941176471e-01,34800701
1.073762821504557e+03,1.071232869955403e+03,5.882352941176471e-01,34800703
1.073762821504557e+03,1.070818114825597e+03,5.882352941176471e-01,34800702
1.075527527386910e+03,1.073730359975105e+03,5.882352941176471e-01,34800706
1.075614840132873e+03,1.068513837444712e+03,1.764705882352941e+00,34800698
1.077292233269263e+03,1.074715959326041e+03,5.882352941176471e-01,34800708
1.077292233269263e+03,1.073853975350819e+03,5.882352941176471e-01,34800707
1.079056939151616e+03,1.076537801669702e+03,5.882352941176471e-01,34800709
1.079605732665994e+03,1.069502592081708e+03,1.764705882352941e+00,34800700
1.080821645033969e+03,1.076736424363436e+03,1.176470588235294e+00,34800710
1.080890533819733e+03,1.079125827937380e+03,5.882352941176471e-01,34800711
1.082586350916322e+03,1.079873297746979e+03,5.882352941176471e-01,34800713
1.085074023227834e+03,1.079779905580776e+03,1.764705882352941e+00,34800712
1.085877000583827e+03,1.083864248473875e+03,5.882352941176471e-01,34800716
1.086477245895607e+03,1.082365877992841e+03,1.176470588235294e+00,34800715
1.086477245895607e+03,1.082347588819121e+03,1.176470588235294e+00,34800714
1.089080287558534e+03,1.087315581676181e+03,5.882352941176471e-01,34800719
1.089706535004423e+03,1.085256482164100e+03,1.176470588235294e+00,34800718
1.090844993440887e+03,1.088523507968586e+03,5.882352941176471e-01,34800720
1.091471240886776e+03,1.085086201638294e+03,1.764705882352941e+00,34800717
1.094346497945940e+03,1.092581792063587e+03,5.882352941176471e-01,34800722
1.096236196472750e+03,1.090942078825691e+03,1.764705882352941e+00,34800721
1.096568268841383e+03,1.094803562959030e+03,5.882352941176471e-01,34800724
1.096571502564337e+03,1.093042090799631e+03,1.176470588235294e+00,34800723
1.098000902355103e+03,1.095410345326605e+03,5.882352941176471e-01,34800725
1.098334591585213e+03,1.096532839660642e+03,5.882352941176471e-01,34800727
1.099765608237456e+03,1.097429238005170e+03,5.882352941176471e-01,34800728
1.100776218957706e+03,1.099011513075354e+03,5.882352941176471e-01,34800729
1.101636019761115e+03,1.099871313878762e+03,5.882352941176471e-01,34800730
1.101864003349919e+03,1.096531014341780e+03,1.764705882352941e+00,34800726
1.102540924840059e+03,1.100573286903501e+03,5.882352941176471e-01,34800731
1.103475002234584e+03,1.101710296352231e+03,5.882352941176471e-01,34800732
1.103949236893831e+03,1.102184531011478e+03,5.882352941176471e-01,34800733
1.104317931720208e+03,1.102311335805429e+03,5.882352941176471e-01,34800734
1.105555864556435e+03,1.102565526835650e+03,5.882352941176471e-01,34800736
1.109085276321140e+03,1.103353533209598e+03,1.764705882352941e+00,34800737
1.111607756267610e+03,1.108078344502904e+03,1.176470588235294e+00,34800739
1.112002268051695e+03,1.110237562169342e+03,5.882352941176471e-01,34800740
1.114262267292334e+03,1.112497561409981e+03,5.882352941176471e-01,34800741
1.114935442539029e+03,1.113170736656676e+03,5.882352941176471e-01,34800742
1.116026973174687e+03,1.113737507148343e+03,5.882352941176471e-01,34800744
1.118366166598229e+03,1.116601460715876e+03,5.882352941176471e-01,34800745
1.118516993729013e+03,1.113222876081954e+03,1.764705882352941e+00,34800743
1.118922239757098e+03,1.117157533874746e+03,5.882352941176471e-01,34800746
1.120231423901105e+03,1.117362743035726e+03,5.882352941176471e-01,34800747
1.122198553290131e+03,1.119225737320446e+03,5.882352941176471e-01,34800752
1.122198553290131e+03,1.120070129623038e+03,5.882352941176471e-01,34800754
1.123963259172484e+03,1.121006952884724e+03,5.882352941176471e-01,34800755
1.125727965054837e+03,1.122768434399923e+03,5.882352941176471e-01,34800756
1.125917925424767e+03,1.118518006661043e+03,1.764705882352941e+00,34800750
1.125917925424767e+03,1.117378291658944e+03,1.764705882352941e+00,34800748
1.127492670937190e+03,1.125457540700654e+03,5.882352941176471e-01,34800757
1.131477082255880e+03,1.126182964608821e+03,1.764705882352941e+00,34800758
1.131566860266494e+03,1.128037448501788e+03,1.176470588235294e+00,34800759
1.133492170368452e+03,1.131727464486099e+03,5.882352941176471e-01,34800761
1.133546338337009e+03,1.131781632454656e+03,5.882352941176471e-01,34800762
1.134334762923916e+03,1.129040645276858e+03,1.764705882352941e+00,34800760
1.135598691438495e+03,1.133833985556142e+03,5.882352941176471e-01,34800763
1.136731433063559e+03,1.134157980564557e+03,5.882352941176471e-01,34800765
1.139328606015663e+03,1.134034488368604e+03,1.764705882352941e+00,34800764
1.139602538450767e+03,1.137837832568414e+03,5.882352941176471e-01,34800767
1.140260844828264e+03,1.134196317212396e+03,1.764705882352941e+00,34800766
1.141584420190189e+03,1.139819714307836e+03,5.882352941176471e-01,34800769
1.143579837285556e+03,1.141815131403203e+03,5.882352941176471e-01,34800771
1.144356927163111e+03,1.141945630671705e+03,5.882352941176471e-01,34800772
1.144622723662722e+03,1.138741256201714e+03,1.764705882352941e+00,34800768
1.145779052816067e+03,1.142882942445231e+03,5.882352941176471e-01,34800774
1.146387429545075e+03,1.140561718898794e+03,1.176470588235294e+00,34800770
1.147757961532545e+03,1.145993255650192e+03,5.882352941176471e-01,34800778
1.148778404842222e+03,1.147013698959869e+03,5.882352941176471e-01,34800779
1.149522667414898e+03,1.147127320918956e+03,5.882352941176471e-01,34800780
1.149651044810170e+03,1.144231601757794e+03,1.764705882352941e+00,34800777
1.150543110724575e+03,1.148289580171819e+03,5.882352941176471e-01,34800781
1.151645997784708e+03,1.149881291902355e+03,5.882352941176471e-01,34800783
1.153412297919654e+03,1.151647592037301e+03,5.882352941176471e-01,34800785
1.154816785061957e+03,1.148869768063321e+03,1.764705882352941e+00,34800782
1.156447175668006e+03,1.154061918518499e+03,5.882352941176471e-01,34800789
1.157299673579693e+03,1.151018742744643e+03,1.176470588235294e+00,34800784
1.158211881550359e+03,1.155907633006834e+03,5.882352941176471e-01,34800791
1.158211881550359e+03,1.155713949645007e+03,5.882352941176471e-01,34800790
1.159064379462046e+03,1.157192463419719e+03,5.882352941176471e-01,34800792
1.159976587432712e+03,1.158204501857903e+03,5.882352941176471e-01,34800793
1.160829085344399e+03,1.158604590699930e+03,5.882352941176471e-01,34800794
1.161741293315065e+03,1.153992055240628e+03,1.764705882352941e+00,34800788
1.163674742751188e+03,1.161910036868835e+03,5.882352941176471e-01,34800795
1.164454939707313e+03,1.162690233824960e+03,5.882352941176471e-01,34800797
1.167501630200901e+03,1.162207512553842e+03,1.764705882352941e+00,34800796
1.167523132665829e+03,1.165758426783476e+03,5.882352941176471e-01,34800798
1.168224168141432e+03,1.166459462259079e+03,5.882352941176471e-01,34800799
1.172663812368842e+03,1.170899106486490e+03,5.882352941176471e-01,34800802
1.174060646261311e+03,1.168766528614252e+03,1.764705882352941e+00,34800800
1.174388645426567e+03,1.169094527779508e+03,1.764705882352941e+00,34800801
1.174937165721207e+03,1.173172459838854e+03,5.882352941176471e-01,34800803
1.176732949511317e+03,1.174968243628964e+03,5.882352941176471e-01,34800804
1.177265357610395e+03,1.175500651728042e+03,5.882352941176471e-01,34800805
1.180557286833630e+03,1.178792580951277e+03,5.882352941176471e-01,34800807
1.181906890962958e+03,1.180142185080605e+03,5.882352941176471e-01,34800808
1.182824329273912e+03,1.177530211626853e+03,1.764705882352941e+00,34800806
1.186472467951688e+03,1.184707762069335e+03,5.882352941176471e-01,34800810
1.187327305670081e+03,1.185243943025316e+03,5.882352941176471e-01,34800812
1.188237173834041e+03,1.185955891936916e+03,5.882352941176471e-01,34800813
1.188475160660046e+03,1.186710454777693e+03,5.882352941176471e-01,34800814
1.190120873129396e+03,1.188076106946174e+03,5.882352941176471e-01,34800816
1.190120873129396e+03,1.187903070003141e+03,5.882352941176471e-01,34800815
1.191133791770481e+03,1.183797893905375e+03,1.764705882352941e+00,34800809
1.191964830641580e+03,1.188902468019225e+03,5.882352941176471e-01,34800818
1.195128068347677e+03,1.193363362465324e+03,5.882352941176471e-01,34800822
1.195494242406286e+03,1.188505501038993e+03,1.764705882352941e+00,34800817
1.196427909417540e+03,1.190279376389058e+03,1.764705882352941e+00,34800821
1.199045484677146e+03,1.197280778794793e+03,5.882352941176471e-01,34800827
1.200130143767167e+03,1.197974214868022e+03,5.882352941176471e-01,34800828
1.200491849450199e+03,1.194074382562022e+03,1.764705882352941e+00,34800823
1.200810190559499e+03,1.198523238965332e+03,5.882352941176471e-01,34800829
1.202256555332552e+03,1.196600732002462e+03,1.176470588235294e+00,34800826
1.202574896441852e+03,1.200728835106093e+03,5.882352941176471e-01,34800830
1.203637725025719e+03,1.195267395258604e+03,1.764705882352941e+00,34800825
1.204134917044003e+03,1.200960797041461e+03,5.882352941176471e-01,34800831
1.206670931523969e+03,1.204906225641616e+03,5.882352941176471e-01,34800836
1.207869014088911e+03,1.202427039076199e+03,1.764705882352941e+00,34800834
1.208104977042605e+03,1.205337730385688e+03,5.882352941176471e-01,34800837
1.209751701448111e+03,1.206941385079075e+03,5.882352941176471e-01,34800838
1.209751701448111e+03,1.207426910031133e+03,5.882352941176471e-01,34800839
1.210200343288675e+03,1.204575565277899e+03,1.764705882352941e+00,34800835
1.211516407330464e+03,1.208348885361076e+03,5.882352941176471e-01,34800840
1.213281113212817e+03,1.209016065502339e+03,1.176470588235294e+00,34800841
1.215045819095170e+03,1.213132275571122e+03,5.882352941176471e-01,34800844
1.216342334560032e+03,1.211048216912973e+03,1.764705882352941e+00,34800842
1.217131771894305e+03,1.214335736211574e+03,5.882352941176471e-01,34800845
1.217453018811088e+03,1.212158901164029e+03,1.764705882352941e+00,34800843
1.218107040442385e+03,1.216317470835557e+03,5.882352941176471e-01,34800847
1.219964145443016e+03,1.218199439560663e+03,5.882352941176471e-01,34800848
1.223293664317920e+03,1.221528958435568e+03,5.882352941176471e-01,34800849
1.224810125822750e+03,1.223045419940397e+03,5.882352941176471e-01,34800850
1.225022463081118e+03,1.223257757198765e+03,5.882352941176471e-01,34800851
1.226787168963471e+03,1.224965149719712e+03,5.882352941176471e-01,34800854
1.228481095759701e+03,1.225907922706517e+03,5.882352941176471e-01,34800855
1.228481095759701e+03,1.225918677937640e+03,5.882352941176471e-01,34800856
1.229107927420646e+03,1.223813809773587e+03,1.764705882352941e+00,34800852
1.232010507524407e+03,1.224275306068419e+03,1.764705882352941e+00,34800853
1.234921350615805e+03,1.231391938851099e+03,1.176470588235294e+00,34800858
1.235965122726665e+03,1.234200416844312e+03,5.882352941176471e-01,34800859
1.238530058497175e+03,1.236765352614822e+03,5.882352941176471e-01,34800860
1.240107363394537e+03,1.238342657512184e+03,5.882352941176471e-01,34800862
1.242085362748988e+03,1.240320656866635e+03,5.882352941176471e-01,34800864
1.243438842600864e+03,1.238144724953805e+03,1.764705882352941e+00,34800861
1.245396438474310e+03,1.243631732591957e+03,5.882352941176471e-01,34800866
1.245547540609801e+03,1.239436108931774e+03,1.764705882352941e+00,34800863
1.246562166365078e+03,1.241268048718020e+03,1.764705882352941e+00,34800865
1.247161144356662e+03,1.245233391144619e+03,5.882352941176471e-01,34800867
1.251655758430068e+03,1.249891052547715e+03,5.882352941176471e-01,34800869
1.252296993117293e+03,1.248767581352587e+03,1.176470588235294e+00,34800868
1.254153528624755e+03,1.252388822742402e+03,5.882352941176471e-01,34800870
1.255429803462298e+03,1.253665097579945e+03,5.882352941176471e-01,34800871
1.257410087560186e+03,1.255645381677833e+03,5.882352941176471e-01,34800874
1.258844754264058e+03,1.255315342499352e+03,1.176470588235294e+00,34800873
1.259660353016011e+03,1.254366235368952e+03,1.764705882352941e+00,34800872
1.262210152384078e+03,1.260445446501725e+03,5.882352941176471e-01,34800875
1.262617102945610e+03,1.260852397063257e+03,5.882352941176471e-01,34800877
1.264364686075499e+03,1.260835274310793e+03,1.176470588235294e+00,34800876
1.266983422615667e+03,1.265218716733314e+03,5.882352941176471e-01,34800879
1.267230604106860e+03,1.265465898224507e+03,5.882352941176471e-01,34800880
1.267783182607352e+03,1.265928816042381e+03,5.882352941176471e-01,34800881
1.268750603923763e+03,1.266081546165460e+03,5.882352941176471e-01,34800883
1.269077390469061e+03,1.266988373467154e+03,5.882352941176471e-01,34800885
1.269815293169728e+03,1.267394765066557e+03,5.882352941176471e-01,34800887
1.271930007370275e+03,1.269778934814138e+03,5.882352941176471e-01,34800891
1.271930007370275e+03,1.269733240926052e+03,5.882352941176471e-01,34800890
1.272606802233767e+03,1.264190701402185e+03,1.764705882352941e+00,34800878
1.273694713252628e+03,1.271200595878065e+03,5.882352941176471e-01,34800893
1.273694713252628e+03,1.271021868051211e+03,5.882352941176471e-01,34800892
1.275459419134981e+03,1.273430663641051e+03,5.882352941176471e-01,34800894
1.276136213998473e+03,1.268317991967398e+03,1.764705882352941e+00,34800889
1.278383389028947e+03,1.276216341946591e+03,5.882352941176471e-01,34800898
1.280105115918863e+03,1.278340410036511e+03,5.882352941176471e-01,34800900
1.280268973094306e+03,1.274853977264241e+03,1.176470588235294e+00,34800895
1.282252018473794e+03,1.280487312591441e+03,5.882352941176471e-01,34800902
1.283151355665190e+03,1.281019711990061e+03,5.882352941176471e-01,34800903
1.283634527683569e+03,1.277385459909993e+03,1.764705882352941e+00,34800899
1.287163939448275e+03,1.278759162894336e+03,1.764705882352941e+00,34800901
1.287995804716551e+03,1.286060566066903e+03,5.882352941176471e-01,34800907
1.288462225023589e+03,1.281752344125728e+03,1.764705882352941e+00,34800904
1.288928645330628e+03,1.286521368709852e+03,5.882352941176471e-01,34800908
1.289760510598904e+03,1.287874113625066e+03,5.882352941176471e-01,34800909
1.291170698585930e+03,1.289405992703577e+03,5.882352941176471e-01,34800910
1.291991636788295e+03,1.284381843209293e+03,1.764705882352941e+00,34800906
1.295204303600959e+03,1.292073704998184e+03,5.882352941176471e-01,34800914
1.295269466153969e+03,1.289975348506910e+03,1.764705882352941e+00,34800911
1.297001590759817e+03,1.294094953072262e+03,5.882352941176471e-01,34800916
1.297455059636161e+03,1.291609729283244e+03,1.764705882352941e+00,34800912
1.299219765518514e+03,1.297318013557406e+03,5.882352941176471e-01,34800919
1.300531002524523e+03,1.294736542194010e+03,1.764705882352941e+00,34800917
1.300984471400867e+03,1.299085191239354e+03,5.882352941176471e-01,34800920
1.302295708406876e+03,1.300056279122376e+03,5.882352941176470e-01,34800921
1.302295708406876e+03,1.296448042918762e+03,1.764705882352941e+00,34800918
1.304017193298915e+03,1.302252487416562e+03,5.882352941176471e-01,34800923
1.304292108657527e+03,1.302527402775174e+03,5.882352941176471e-01,34800924
1.306351215186550e+03,1.304586509304197e+03,5.882352941176471e-01,34800925
1.307878299250191e+03,1.306113593367838e+03,5.882352941176471e-01,34800927
1.308481204455782e+03,1.304951792691076e+03,1.176470588235294e+00,34800926
1.314582674521062e+03,1.309288556874003e+03,1.764705882352941e+00,34800928
1.317056635605309e+03,1.310060955430605e+03,1.764705882352941e+00,34800930
1.317056635605309e+03,1.309934668721190e+03,1.764705882352941e+00,34800929
1.318112086285768e+03,1.315777270700082e+03,5.882352941176471e-01,34800934
1.319201538284460e+03,1.311588160011302e+03,1.176470588235294e+00,34800931
1.319876792168121e+03,1.317626930800507e+03,5.882352941176471e-01,34800936
1.322724034814841e+03,1.316703679291694e+03,1.764705882352941e+00,34800935
1.324122374369046e+03,1.318828256721987e+03,1.764705882352941e+00,34800937
1.325170909815180e+03,1.319371643297077e+03,1.764705882352941e+00,34800938
1.327531644258323e+03,1.325766938375970e+03,5.882352941176471e-01,34800940
1.328054788626003e+03,1.322760670978944e+03,1.764705882352941e+00,34800939
1.331395652209120e+03,1.326101534562061e+03,1.764705882352941e+00,34800941
1.332968197211236e+03,1.331203491328883e+03,5.882352941176471e-01,34800942
1.335669335676911e+03,1.332139923912205e+03,1.176470588235294e+00,34800943
1.338339182815729e+03,1.336574476933376e+03,5.882352941176471e-01,34800944
1.343254880053226e+03,1.337960762406167e+03,1.764705882352941e+00,34800945
1.345996628271770e+03,1.340702510624711e+03,1.764705882352941e+00,34800946
1.348740420984434e+03,1.346079845022503e+03,5.882352941176471e-01,34800951
1.349349773976085e+03,1.342982419461478e+03,1.764705882352941e+00,34800948
1.349349773976085e+03,1.342306107670432e+03,1.764705882352941e+00,34800947
1.351114479858438e+03,1.349168091500204e+03,5.882352941176471e-01,34800952
1.351701367271210e+03,1.349936661388857e+03,5.882352941176471e-01,34800953
1.352483668007025e+03,1.344054223674676e+03,1.764705882352941e+00,34800949
1.356702041211883e+03,1.350909634513099e+03,1.764705882352941e+00,34800955
1.356702041211883e+03,1.350792859028019e+03,1.764705882352941e+00,34800954
1.357777785654084e+03,1.352363923634931e+03,1.764705882352941e+00,34800956
1.358780553804686e+03,1.355734812159491e+03,5.882352941176471e-01,34800958
1.359542491536437e+03,1.357643461343233e+03,5.882352941176471e-01,34800960
1.361808581494091e+03,1.359482923679980e+03,5.882352941176471e-01,34800963
1.362309965569392e+03,1.355378421743026e+03,1.764705882352941e+00,34800957
1.365337993258797e+03,1.363242805101947e+03,5.882352941176471e-01,34800968
1.366071872811488e+03,1.363652974679828e+03,5.882352941176471e-01,34800969
1.368751157284807e+03,1.359446167974991e+03,1.764705882352941e+00,34800962
1.368751157284807e+03,1.357786512493046e+03,1.764705882352941e+00,34800961
1.370077640721762e+03,1.360849924911231e+03,1.764705882352941e+00,34800964
1.370868320903436e+03,1.367033856967866e+03,5.882352941176471e-01,34800971
1.371842346604115e+03,1.369808530493636e+03,5.882352941176471e-01,34800973
1.373670810788932e+03,1.371906104906579e+03,5.882352941176471e-01,34800974
1.374397732668142e+03,1.366707014338912e+03,1.764705882352941e+00,34800970
1.378027533848843e+03,1.372733416201784e+03,1.764705882352941e+00,34800975
1.379149851034334e+03,1.377385145151981e+03,5.882352941176471e-01,34800976
1.382029145491916e+03,1.378499733727210e+03,1.176470588235294e+00,34800978
1.382979996688029e+03,1.377685879040971e+03,1.764705882352941e+00,34800977
1.386020420061148e+03,1.384255714178796e+03,5.882352941176471e-01,34800979
1.387596345766419e+03,1.385831639884066e+03,5.882352941176471e-01,34800980
1.388636022198454e+03,1.386871316316101e+03,5.882352941176471e-01,34800981
1.388834716960600e+03,1.387070011078247e+03,5.882352941176471e-01,34800982
1.390512836075136e+03,1.387985111721854e+03,5.882352941176471e-01,34800984
1.391125757531125e+03,1.387129196500349e+03,1.176470588235294e+00,34800983
1.392277541957489e+03,1.389934685515409e+03,5.882352941176471e-01,34800988
1.393293928663049e+03,1.391529222780696e+03,5.882352941176471e-01,34800989
1.394128834607659e+03,1.388804184189947e+03,1.764705882352941e+00,34800987
1.396231010711762e+03,1.394466304829409e+03,5.882352941176471e-01,34800994
1.397581633086416e+03,1.391856057490961e+03,1.764705882352941e+00,34800990
1.398027613819169e+03,1.395312594138985e+03,5.882352941176471e-01,34800995
1.398588046310108e+03,1.392292502180291e+03,1.764705882352941e+00,34800993
1.399346338968769e+03,1.396294805161871e+03,5.882352941176471e-01,34800997
1.399792319701522e+03,1.398002490044217e+03,5.882352941176471e-01,34800998
1.401445530400687e+03,1.398709007601820e+03,5.882352941176471e-01,34801000
1.402117458074813e+03,1.399978383922040e+03,5.882352941176471e-01,34801004
1.403210236283040e+03,1.401205272955632e+03,5.882352941176471e-01,34801005
1.403882163957166e+03,1.401763966249057e+03,5.882352941176471e-01,34801007
1.404974942165393e+03,1.398562046091401e+03,1.176470588235294e+00,34800999
1.406739648047746e+03,1.398732541813870e+03,1.764705882352941e+00,34801001
1.406970200285570e+03,1.405205494403217e+03,5.882352941176471e-01,34801008
1.407411575721872e+03,1.401631521701131e+03,1.764705882352941e+00,34801006
1.412495750849746e+03,1.410731044967393e+03,5.882352941176471e-01,34801010
1.414382635847181e+03,1.412617929964828e+03,5.882352941176471e-01,34801011
1.415236333207336e+03,1.409942215560278e+03,1.764705882352941e+00,34801009
1.416065505783217e+03,1.414300799900865e+03,5.882352941176471e-01,34801012
1.417657761266321e+03,1.415893055383968e+03,5.882352941176471e-01,34801013
1.420496112351149e+03,1.418731406468796e+03,5.882352941176471e-01,34801015
1.421488816354909e+03,1.417959404590203e+03,1.176470588235294e+00,34801014
1.423253522237261e+03,1.420872676043354e+03,5.882352941176471e-01,34801018
1.425295480001505e+03,1.420001362354447e+03,1.764705882352941e+00,34801016
1.425961293378487e+03,1.420667175731428e+03,1.764705882352941e+00,34801017
1.426913077601192e+03,1.425148371718839e+03,5.882352941176471e-01,34801019
1.427212870721358e+03,1.425448164839005e+03,5.882352941176471e-01,34801020
1.428902628323670e+03,1.426282385204783e+03,5.882352941176471e-01,34801024
1.430667334206023e+03,1.428789431193401e+03,5.882352941176471e-01,34801029
1.430667334206023e+03,1.427911131636820e+03,5.882352941176471e-01,34801028
1.431875997962611e+03,1.429506087571334e+03,5.882352941176471e-01,34801031
1.435002521808454e+03,1.425509743238072e+03,1.764705882352941e+00,34801021
1.435002521808454e+03,1.426090383001087e+03,1.764705882352941e+00,34801023
1.435002521808454e+03,1.427454330677739e+03,1.764705882352941e+00,34801027
1.436792405437029e+03,1.432947857291631e+03,5.882352941176471e-01,34801032
1.438557111319382e+03,1.436352685136315e+03,5.882352941176471e-01,34801037
1.438557111319382e+03,1.435103232793344e+03,5.882352941176471e-01,34801036
1.440321817201735e+03,1.437545220729228e+03,5.882352941176471e-01,34801040
1.440321817201735e+03,1.437256654917988e+03,5.882352941176471e-01,34801039
1.442086523084088e+03,1.439265728031092e+03,5.882352941176471e-01,34801041
1.442558934225228e+03,1.429110838609509e+03,1.764705882352941e+00,34801030
1.443851228966441e+03,1.437010489590277e+03,1.764705882352941e+00,34801038
1.444166169727201e+03,1.441618394871159e+03,5.882352941176471e-01,34801043
1.444166169727201e+03,1.440531691657036e+03,5.882352941176471e-01,34801042
1.447538111111527e+03,1.443770449216119e+03,1.176470588235294e+00,34801046
1.447538111111527e+03,1.442904202521796e+03,1.176470588235294e+00,34801045
1.448188816918448e+03,1.446424111036095e+03,5.882352941176471e-01,34801047
1.449406257069695e+03,1.447641551187342e+03,5.882352941176471e-01,34801048
1.451563149728587e+03,1.449798443846234e+03,5.882352941176471e-01,34801049
1.453821229034973e+03,1.452056523152620e+03,5.882352941176471e-01,34801051
1.455146928504922e+03,1.449852810857863e+03,1.764705882352941e+00,34801050
1.457964791347762e+03,1.456200085465409e+03,5.882352941176471e-01,34801052
1.459729497230115e+03,1.457890763068399e+03,5.882352941176471e-01,34801055
1.460204698270173e+03,1.458025637287313e+03,5.882352941176471e-01,34801057
1.460204698270173e+03,1.457967758872080e+03,5.882352941176471e-01,34801056
1.461731803632497e+03,1.456503524138271e+03,1.176470588235294e+00,34801053
1.463496509514850e+03,1.456847048872664e+03,1.764705882352941e+00,34801054
1.464145320335504e+03,1.462380614453151e+03,5.882352941176471e-01,34801058
1.464395642546058e+03,1.462630936663705e+03,5.882352941176471e-01,34801059
1.465261215397203e+03,1.463316255448886e+03,5.882352941176471e-01,34801060
1.469640308483384e+03,1.467875602601031e+03,5.882352941176471e-01,34801063
1.469799758466461e+03,1.464505640819402e+03,1.764705882352941e+00,34801061
1.470270295641350e+03,1.464976177994291e+03,1.764705882352941e+00,34801062
1.472205109130417e+03,1.470440403248064e+03,5.882352941176471e-01,34801064
1.473423574269060e+03,1.471658868386707e+03,5.882352941176471e-01,34801066
1.474546074264137e+03,1.472781368381784e+03,5.882352941176471e-01,34801067
1.474834283725596e+03,1.473069577843243e+03,5.882352941176471e-01,34801068
1.476454884877219e+03,1.474191766284859e+03,5.882352941176471e-01,34801069
1.476454884877219e+03,1.474514085305515e+03,5.882352941176471e-01,34801070
1.476819576342041e+03,1.471171462269164e+03,1.764705882352941e+00,34801065
1.478219590759572e+03,1.475794641843639e+03,5.882352941176471e-01,34801072
1.478219590759572e+03,1.475395442409761e+03,5.882352941176471e-01,34801071
1.480300639323691e+03,1.478535933441338e+03,5.882352941176471e-01,34801075
1.481227865264091e+03,1.478787195192113e+03,5.882352941176471e-01,34801076
1.483245279984152e+03,1.477443443241825e+03,1.176470588235294e+00,34801073
1.484220213598871e+03,1.479718169639298e+03,1.176470588235294e+00,34801078
1.485009985866505e+03,1.477554865970860e+03,1.764705882352941e+00,34801074
1.485984919481224e+03,1.483487678292797e+03,5.882352941176471e-01,34801082
1.486845209719055e+03,1.485080503836702e+03,5.882352941176471e-01,34801083
1.488539397631211e+03,1.482829950642221e+03,1.764705882352941e+00,34801080
1.489879362580947e+03,1.488114656698594e+03,5.882352941176471e-01,34801084
1.490853943191789e+03,1.489089237309436e+03,5.882352941176471e-01,34801085
1.492255435232057e+03,1.490490729349704e+03,5.882352941176471e-01,34801086
1.495340666182810e+03,1.493575960300458e+03,5.882352941176471e-01,34801089
1.496164004312764e+03,1.490869886665705e+03,1.764705882352941e+00,34801087
1.496661683155954e+03,1.493684904744017e+03,5.882352941176471e-01,34801090
1.497928710195117e+03,1.495561615845537e+03,5.882352941176471e-01,34801091
1.498870077947516e+03,1.493132271391248e+03,1.764705882352941e+00,34801088
1.500156654667353e+03,1.498391948785000e+03,5.882352941176471e-01,34801092
1.501833100432108e+03,1.500068394549756e+03,5.882352941176471e-01,34801094
1.504807990762115e+03,1.499513873115056e+03,1.764705882352941e+00,34801093
1.505910705430848e+03,1.500616587783789e+03,1.764705882352941e+00,34801095
1.506887680227860e+03,1.505122974345507e+03,5.882352941176471e-01,34801097
1.507127218079167e+03,1.501763639277195e+03,1.764705882352941e+00,34801096
1.508265791228017e+03,1.506501085345664e+03,5.882352941176471e-01,34801098
1.508923523890902e+03,1.507158818008549e+03,5.882352941176471e-01,34801100
1.510030497110369e+03,1.507565217341905e+03,5.882352941176471e-01,34801101
1.512181797874919e+03,1.506643606738240e+03,1.764705882352941e+00,34801099
1.512566033653746e+03,1.510801327771393e+03,5.882352941176471e-01,34801103
1.514090004073760e+03,1.511960060611309e+03,5.882352941176471e-01,34801104
1.514233504390248e+03,1.508939386743189e+03,1.764705882352941e+00,34801102
1.515012655411782e+03,1.513247949529429e+03,5.882352941176471e-01,34801106
1.516843989661715e+03,1.515079283779362e+03,5.882352941176471e-01,34801107
1.518827874414415e+03,1.517063168532062e+03,5.882352941176471e-01,34801109
1.518900235970654e+03,1.517135530088302e+03,5.882352941176471e-01,34801110
1.520526754380498e+03,1.515232636733439e+03,1.764705882352941e+00,34801108
1.520628761074888e+03,1.518122620364161e+03,5.882352941176471e-01,34801111
1.523003888008087e+03,1.521239182125734e+03,5.882352941176471e-01,34801113
1.524158172839594e+03,1.518756069228296e+03,1.764705882352941e+00,34801112
1.525035782388403e+03,1.522977392906132e+03,5.882352941176471e-01,34801116
1.525035782388403e+03,1.522492982796459e+03,5.882352941176471e-01,34801115
1.526951172570951e+03,1.525186466688598e+03,5.882352941176471e-01,34801117
1.527687584604299e+03,1.521773559121660e+03,1.764705882352941e+00,34801114
1.528715878453304e+03,1.526705661992754e+03,5.882352941176471e-01,34801119
1.531216996369005e+03,1.525598090005665e+03,1.764705882352941e+00,34801118
1.532245290218010e+03,1.528144042534859e+03,1.176470588235294e+00,34801121
1.532656913535077e+03,1.526969181567385e+03,1.764705882352941e+00,34801120
1.535260555058213e+03,1.530759240254428e+03,1.176470588235294e+00,34801122
1.536651211007338e+03,1.534886505124985e+03,5.882352941176471e-01,34801124
1.537025260940566e+03,1.535084075863120e+03,5.882352941176470e-01,34801125
1.537025260940566e+03,1.530801014462945e+03,1.764705882352941e+00,34801123
1.538415916889691e+03,1.535375921978524e+03,5.882352941176471e-01,34801126
1.538900874497472e+03,1.537136168615120e+03,5.882352941176471e-01,34801127
1.542328994723643e+03,1.540564288841290e+03,5.882352941176471e-01,34801130
1.543847625577048e+03,1.538553507929989e+03,1.764705882352941e+00,34801128
1.545647283052344e+03,1.542476684766734e+03,5.882352941176471e-01,34801132
1.545647283052344e+03,1.543480449332543e+03,5.882352941176471e-01,34801133
1.545858406488349e+03,1.540388116998228e+03,1.764705882352941e+00,34801129
1.547411988934697e+03,1.545235759441861e+03,5.882352941176471e-01,34801134
1.547702388947252e+03,1.545937683064899e+03,5.882352941176471e-01,34801135
1.549176694817050e+03,1.540675655200551e+03,1.764705882352941e+00,34801131
1.550629347406015e+03,1.548864641523663e+03,5.882352941176471e-01,34801137
1.552706106581756e+03,1.547069284283441e+03,1.764705882352941e+00,34801136
1.552782983271202e+03,1.551018277388849e+03,5.882352941176471e-01,34801138
1.552901155970394e+03,1.551136450088041e+03,5.882352941176471e-01,34801139
1.558000224228814e+03,1.551536462779655e+03,1.764705882352941e+00,34801140
1.560604491815026e+03,1.554148611018745e+03,1.764705882352941e+00,34801141
1.561492594778758e+03,1.559727888896405e+03,5.882352941176471e-01,34801147
1.561529635993520e+03,1.554929382949589e+03,1.764705882352941e+00,34801143
1.562369197697379e+03,1.560566975944172e+03,5.882352941176471e-01,34801148
1.563257300661111e+03,1.561242149394199e+03,5.882352941176471e-01,34801149
1.564133903579732e+03,1.561648319471798e+03,5.882352941176471e-01,34801150
1.564988688491200e+03,1.557666185406887e+03,1.764705882352941e+00,34801146
1.565240044141022e+03,1.562613752955247e+03,5.882352941176471e-01,34801151
1.567236100105088e+03,1.565471394222735e+03,5.882352941176471e-01,34801156
1.568529361139042e+03,1.566764655256689e+03,5.882352941176471e-01,34801157
1.569621359264895e+03,1.563693375856228e+03,1.764705882352941e+00,34801153
1.570337689564646e+03,1.568572983682293e+03,5.882352941176471e-01,34801161
1.571179214054763e+03,1.569271732719743e+03,5.882352941176471e-01,34801162
1.573095887603213e+03,1.564520579655940e+03,1.764705882352941e+00,34801155
1.574478773544796e+03,1.572483766798917e+03,5.882352941176471e-01,34801167
1.576316230463370e+03,1.574551524581018e+03,5.882352941176471e-01,34801170
1.579772891191855e+03,1.576654575920789e+03,5.882352941176471e-01,34801172
1.579816541813588e+03,1.569817242844027e+03,1.764705882352941e+00,34801163
1.579816541813588e+03,1.566776629752668e+03,1.764705882352941e+00,34801158
1.581570335040507e+03,1.578621623182883e+03,5.882352941176471e-01,34801174
1.581570335040507e+03,1.578690175381310e+03,5.882352941176471e-01,34801175
1.585400089653921e+03,1.573608732806608e+03,1.764705882352941e+00,34801168
1.585400089653921e+03,1.574207762387571e+03,1.764705882352941e+00,34801169
1.585400089653921e+03,1.574693012861900e+03,1.764705882352941e+00,34801171
1.587605972006862e+03,1.584321544100129e+03,5.882352941176471e-01,34801178
1.587605972006862e+03,1.584481057321514e+03,5.882352941176471e-01,34801179
1.589370677889215e+03,1.582771706435338e+03,1.176470588235294e+00,34801177
1.589620207585167e+03,1.587855501702814e+03,5.882352941176471e-01,34801182
1.591135383771568e+03,1.589355237991609e+03,5.882352941176471e-01,34801184
1.591135383771568e+03,1.588740074430259e+03,5.882352941176471e-01,34801183
1.592900089653921e+03,1.590687157375940e+03,5.882352941176471e-01,34801185
1.593149619349873e+03,1.587325177091684e+03,1.764705882352941e+00,34801181
1.594664795536274e+03,1.592871593529044e+03,5.882352941176471e-01,34801188
1.594664795536274e+03,1.591768654871805e+03,5.882352941176471e-01,34801187
1.596429501418627e+03,1.593875663977845e+03,5.882352941176471e-01,34801190
1.596526090223480e+03,1.594761384341128e+03,5.882352941176471e-01,34801191
1.598242501703407e+03,1.595345420167185e+03,5.882352941176471e-01,34801192
1.598347148192078e+03,1.590946936468025e+03,1.764705882352941e+00,34801186
1.600007207585760e+03,1.597578060300376e+03,5.882352941176471e-01,34801195
1.601771913468112e+03,1.599786243057711e+03,5.882352941176471e-01,34801197
1.601799105349680e+03,1.600034399467327e+03,5.882352941176471e-01,34801198
1.602596107389601e+03,1.592937849102501e+03,1.764705882352941e+00,34801189
1.603536619350465e+03,1.601280285569629e+03,5.882352941176471e-01,34801199
1.604360813271954e+03,1.602585711771667e+03,5.882352941176471e-01,34801200
1.605301325232818e+03,1.596722937786608e+03,1.764705882352941e+00,34801194
1.607303318546817e+03,1.605538612664464e+03,5.882352941176471e-01,34801202
1.607701903173291e+03,1.605937197290938e+03,5.882352941176471e-01,34801203
1.608830736997524e+03,1.602758226036339e+03,1.764705882352941e+00,34801201
1.609978843422207e+03,1.608214137539855e+03,5.882352941176471e-01,34801204
1.610040366287625e+03,1.608275660405272e+03,5.882352941176471e-01,34801205
1.612042639016912e+03,1.610277933134559e+03,5.882352941176471e-01,34801206
1.615322115031071e+03,1.613557409148718e+03,5.882352941176471e-01,34801210
1.617369818186362e+03,1.611697455835662e+03,1.764705882352941e+00,34801207
1.618993025432246e+03,1.612170947970007e+03,1.764705882352941e+00,34801208
1.619134524068715e+03,1.616889840049811e+03,5.882352941176471e-01,34801212
1.620145282819754e+03,1.614697306244027e+03,1.764705882352941e+00,34801211
1.620851023502759e+03,1.617422425267742e+03,5.882352941176471e-01,34801213
1.620899229951068e+03,1.619132963714486e+03,5.882352941176471e-01,34801216
1.623748920901890e+03,1.621984215019537e+03,5.882352941176471e-01,34801218
1.624169165598232e+03,1.620639753833526e+03,1.176470588235294e+00,34801217
1.624383908509565e+03,1.622619202627212e+03,5.882352941176471e-01,34801219
1.631163796039824e+03,1.625354488142023e+03,1.764705882352941e+00,34801221
1.631163796039824e+03,1.625183638693338e+03,1.764705882352941e+00,34801220
1.632585482072463e+03,1.626384868643507e+03,1.764705882352941e+00,34801222
1.632973811791960e+03,1.629863036961388e+03,5.882352941176471e-01,34801224
1.634609074434481e+03,1.631391070516160e+03,5.882352941176471e-01,34801228
1.634609074434481e+03,1.631700919668152e+03,5.882352941176471e-01,34801229
1.636373780316834e+03,1.634117575765283e+03,5.882352941176471e-01,34801230
1.636458727124327e+03,1.634694021241974e+03,5.882352941176471e-01,34801231
1.638180959602933e+03,1.635295521180169e+03,5.882352941176471e-01,34801232
1.638439236168284e+03,1.630696889144835e+03,1.764705882352941e+00,34801225
1.639945665485286e+03,1.637955077409867e+03,5.882352941176471e-01,34801234
1.640832793457545e+03,1.639068087575192e+03,5.882352941176471e-01,34801235
1.641710371367639e+03,1.636142453402898e+03,1.764705882352941e+00,34801233
1.641720115459336e+03,1.639955409576983e+03,5.882352941176471e-01,34801236
1.648329283822577e+03,1.646564577940224e+03,5.882352941176471e-01,34801237
1.649229673237321e+03,1.647464967354968e+03,5.882352941176471e-01,34801239
1.650278042813882e+03,1.647466818954603e+03,5.882352941176471e-01,34801240
1.650699083847558e+03,1.648697390040480e+03,5.882352941176471e-01,34801242
1.650994379119673e+03,1.647169672082853e+03,1.176470588235294e+00,34801238
1.653237639063315e+03,1.651472933180962e+03,5.882352941176471e-01,34801243
1.657526796196668e+03,1.652232678549610e+03,1.764705882352941e+00,34801244
1.659487900740486e+03,1.657723194858133e+03,5.882352941176471e-01,34801247
1.661121813406968e+03,1.655827695759909e+03,1.764705882352941e+00,34801245
1.661252606622839e+03,1.658703371829808e+03,5.882352941176471e-01,34801248
1.661256868573172e+03,1.655962750926113e+03,1.764705882352941e+00,34801246
1.663943877194242e+03,1.662179171311889e+03,5.882352941176471e-01,34801249
1.664358147419110e+03,1.662593441536757e+03,5.882352941176471e-01,34801250
1.668055352810446e+03,1.666290646928093e+03,5.882352941176471e-01,34801252
1.668727969349080e+03,1.666963263466727e+03,5.882352941176471e-01,34801253
1.670904412316197e+03,1.669139706433844e+03,5.882352941176471e-01,34801254
1.671506047217113e+03,1.666211929570054e+03,1.764705882352941e+00,34801251
1.673481212173567e+03,1.671716506291214e+03,5.882352941176471e-01,34801255
1.673538847826098e+03,1.671774141943745e+03,5.882352941176471e-01,34801256
1.674500258825087e+03,1.672735552942734e+03,5.882352941176471e-01,34801257
1.675245918055920e+03,1.673231356586040e+03,5.882352941176471e-01,34801258
1.676068598011030e+03,1.674303892128677e+03,5.882352941176471e-01,34801259
1.676335550322396e+03,1.674570844440043e+03,5.882352941176471e-01,34801260
1.677927328680864e+03,1.676162622798512e+03,5.882352941176471e-01,34801262
1.681209499424833e+03,1.675915381777774e+03,1.764705882352941e+00,34801261
1.681769714773925e+03,1.678762034805531e+03,5.882352941176471e-01,34801265
1.681984985758089e+03,1.676690868111030e+03,1.764705882352941e+00,34801263
1.683347682206581e+03,1.680867298178550e+03,5.882352941176471e-01,34801266
1.685112388088934e+03,1.682790813523934e+03,5.882352941176471e-01,34801270
1.685514397522795e+03,1.678240303009219e+03,1.764705882352941e+00,34801264
1.686877093971287e+03,1.682418079924502e+03,1.176470588235294e+00,34801269
1.688600639546650e+03,1.686835933664297e+03,5.882352941176471e-01,34801271
1.688641799853640e+03,1.680877162080017e+03,1.764705882352941e+00,34801267
1.689148967012254e+03,1.687384261129901e+03,5.882352941176471e-01,34801272
1.691009670858973e+03,1.689244964976620e+03,5.882352941176471e-01,34801273
1.691580515972939e+03,1.689815810090586e+03,5.882352941176471e-01,34801274
1.691784253443229e+03,1.690019547560876e+03,5.882352941176471e-01,34801275
1.693345221855292e+03,1.691354832036129e+03,5.882352941176471e-01,34801278
1.694711663212257e+03,1.690410135675976e+03,1.176470588235294e+00,34801276
1.696361398095138e+03,1.694596692212785e+03,5.882352941176471e-01,34801280
1.697598995890949e+03,1.695834290008596e+03,5.882352941176471e-01,34801281
1.697841844701966e+03,1.695946299327458e+03,5.882352941176471e-01,34801282
1.699890809859843e+03,1.694312432937260e+03,1.764705882352941e+00,34801279
1.702893113538008e+03,1.696947233160288e+03,1.764705882352941e+00,34801283
1.703495285533492e+03,1.701730579651139e+03,5.882352941176471e-01,34801285
1.705486451400433e+03,1.700192333753374e+03,1.764705882352941e+00,34801284
1.706811984344412e+03,1.705047278462060e+03,5.882352941176471e-01,34801286
1.709973623886292e+03,1.708208918003940e+03,5.882352941176471e-01,34801288
1.710966879193931e+03,1.705672761546872e+03,1.764705882352941e+00,34801287
1.713099475083921e+03,1.711334769201568e+03,5.882352941176471e-01,34801291
1.716117451367693e+03,1.710823333720634e+03,1.764705882352941e+00,34801289
1.716628886848627e+03,1.711089682004506e+03,1.764705882352941e+00,34801290
1.718015331391982e+03,1.715075607800139e+03,5.882352941176471e-01,34801293
1.718148505533918e+03,1.712779808831065e+03,1.764705882352941e+00,34801292
1.718393592730980e+03,1.716594514920534e+03,5.882352941176471e-01,34801295
1.721488328519035e+03,1.719723622636682e+03,5.882352941176471e-01,34801296
1.722538376570863e+03,1.720773670688510e+03,5.882352941176471e-01,34801297
1.725117982210330e+03,1.723129211438308e+03,5.882352941176471e-01,34801302
1.728295796365873e+03,1.720997079766087e+03,1.764705882352941e+00,34801298
1.728295796365873e+03,1.721588570445624e+03,1.764705882352941e+00,34801299
1.728295796365873e+03,1.721953394695241e+03,1.764705882352941e+00,34801300
1.734581548446514e+03,1.729287430799455e+03,1.764705882352941e+00,34801303
1.735273476817921e+03,1.733508770935568e+03,5.882352941176471e-01,34801304
1.738813693214435e+03,1.735284281449729e+03,1.176470588235294e+00,34801306
1.739041228597994e+03,1.737276522715641e+03,5.882352941176471e-01,34801307
1.740507393437718e+03,1.735213275790659e+03,1.764705882352941e+00,34801305
1.740692166788567e+03,1.738391891508223e+03,5.882352941176471e-01,34801309
1.740692166788567e+03,1.737669099560182e+03,5.882352941176471e-01,34801308
1.743718072367573e+03,1.741953366485220e+03,5.882352941176471e-01,34801310
1.747349160870387e+03,1.745584454988034e+03,5.882352941176471e-01,34801311
1.748111809877097e+03,1.746347103994744e+03,5.882352941176471e-01,34801312
1.749495191256095e+03,1.747041671396586e+03,5.882352941176471e-01,34801315
1.749495191256095e+03,1.746782448118032e+03,5.882352941176471e-01,34801314
1.751821070199903e+03,1.746526952552844e+03,1.764705882352941e+00,34801313
1.753321268210843e+03,1.751266409665542e+03,5.882352941176471e-01,34801319
1.753728210275409e+03,1.751963504393056e+03,5.882352941176471e-01,34801320
1.755030682804674e+03,1.749527348574726e+03,1.176470588235294e+00,34801316
1.756795388687027e+03,1.750088215933659e+03,1.764705882352941e+00,34801317
1.757026505363571e+03,1.754163101293848e+03,5.882352941176471e-01,34801321
1.757257622040115e+03,1.750116521989533e+03,1.764705882352941e+00,34801318
1.758560094569380e+03,1.756370750357054e+03,5.882352941176471e-01,34801323
1.761032350273241e+03,1.759267644390888e+03,5.882352941176471e-01,34801324
1.764515973995363e+03,1.762751268113010e+03,5.882352941176471e-01,34801325
1.766895233865749e+03,1.763365822101043e+03,1.176470588235294e+00,34801326
1.774547202944236e+03,1.772782497061883e+03,5.882352941176471e-01,34801327
1.775239930485831e+03,1.773475224603478e+03,5.882352941176471e-01,34801329
1.776383585867841e+03,1.773617777368280e+03,5.882352941176471e-01,34801330
1.776675489958306e+03,1.774654718506114e+03,5.882352941176471e-01,34801333
1.778769342250536e+03,1.773146078193600e+03,1.764705882352941e+00,34801328
1.782256798957671e+03,1.780492093075318e+03,5.882352941176471e-01,34801335
1.782414214489981e+03,1.777120096842922e+03,1.764705882352941e+00,34801334
1.782487180921089e+03,1.780722475038736e+03,5.882352941176471e-01,34801336
1.784021504840024e+03,1.781145464406730e+03,5.882352941176471e-01,34801337
1.788700247422409e+03,1.786935541540056e+03,5.882352941176471e-01,34801339
1.788919308335472e+03,1.787154602453119e+03,5.882352941176471e-01,34801340
1.790446033675504e+03,1.788617538417904e+03,5.882352941176471e-01,34801342
1.790446033675504e+03,1.788460349699587e+03,5.882352941176471e-01,34801341
1.790684014217825e+03,1.786897702281541e+03,1.176470588235294e+00,34801338
1.792353527883250e+03,1.790264838293805e+03,5.882352941176471e-01,34801345
1.795882939647956e+03,1.789775202405805e+03,1.764705882352941e+00,34801344
1.795882939647956e+03,1.789345517758101e+03,1.764705882352941e+00,34801343
1.797059410236191e+03,1.793265800969808e+03,5.882352941176471e-01,34801349
1.797059410236191e+03,1.793437920814975e+03,5.882352941176471e-01,34801350
1.797059410236191e+03,1.793882696941511e+03,5.882352941176471e-01,34801351
1.798824116118544e+03,1.792126566444274e+03,1.176470588235294e+00,34801348
1.798824116118544e+03,1.795997313700783e+03,5.882352941176471e-01,34801352
1.802353527883250e+03,1.799924633639772e+03,5.882352941176471e-01,34801356
1.802879074285184e+03,1.797584956638126e+03,1.764705882352941e+00,34801353
1.804293415899581e+03,1.801518336365744e+03,5.882352941176471e-01,34801357
1.804381006966570e+03,1.797818651105946e+03,1.764705882352941e+00,34801354
1.806101917315428e+03,1.803315421141919e+03,5.882352941176471e-01,34801362
1.806101917315428e+03,1.803051032069682e+03,5.882352941176471e-01,34801361
1.806408486049890e+03,1.802642942939646e+03,1.176470588235294e+00,34801360
1.807866623197781e+03,1.804865098109654e+03,5.882352941176471e-01,34801363
1.809631329080134e+03,1.805255176490258e+03,1.176470588235294e+00,34801364
1.811403025316849e+03,1.809638319434496e+03,5.882352941176471e-01,34801367
1.812353456724005e+03,1.807059339076947e+03,1.764705882352941e+00,34801365
1.813769321848029e+03,1.808475204200970e+03,1.764705882352941e+00,34801366
1.815412243292404e+03,1.813647537410051e+03,5.882352941176471e-01,34801368
1.819008715562860e+03,1.817244009680507e+03,5.882352941176471e-01,34801369
1.819503900304752e+03,1.817739194422399e+03,5.882352941176471e-01,34801370
1.821268606187105e+03,1.819418692149630e+03,5.882352941176471e-01,34801373
1.821304737267400e+03,1.817775325502694e+03,1.176470588235294e+00,34801371
1.822538127327566e+03,1.820321656727874e+03,5.882352941176471e-01,34801374
1.823033312069458e+03,1.818627742131240e+03,1.176470588235294e+00,34801372
1.825429208522264e+03,1.823664502639911e+03,5.882352941176471e-01,34801376
1.826886220372013e+03,1.821592102724955e+03,1.764705882352941e+00,34801375
1.827024407063010e+03,1.825259701180657e+03,5.882352941176471e-01,34801377
1.827193914404617e+03,1.825362093795125e+03,5.882352941176471e-01,34801378
1.828720019599864e+03,1.825837227635994e+03,5.882352941176471e-01,34801379
1.830579503309116e+03,1.828814797426763e+03,5.882352941176471e-01,34801381
1.832249431364570e+03,1.826448784371637e+03,1.764705882352941e+00,34801380
1.834136053843714e+03,1.832371347961361e+03,5.882352941176471e-01,34801383
1.834894016001648e+03,1.831364604236942e+03,1.176470588235294e+00,34801382
1.838649579060483e+03,1.835120167295777e+03,1.176470588235294e+00,34801384
1.842152803962198e+03,1.840388098079845e+03,5.882352941176471e-01,34801387
1.842841418351155e+03,1.840915556346374e+03,5.882352941176471e-01,34801388
1.843526913803216e+03,1.839312006586449e+03,1.176470588235294e+00,34801385
1.845291619685569e+03,1.839606905997174e+03,1.764705882352941e+00,34801386
1.845349140791028e+03,1.843584434908675e+03,5.882352941176471e-01,34801390
1.847358601072162e+03,1.845593895189809e+03,5.882352941176471e-01,34801392
1.848821031450275e+03,1.842310368964242e+03,1.764705882352941e+00,34801389
1.849954664886204e+03,1.847998392751315e+03,5.882352941176471e-01,34801394
1.850585737332627e+03,1.846425253121498e+03,1.176470588235294e+00,34801393
1.850833589831231e+03,1.843700546072976e+03,1.764705882352941e+00,34801391
1.853237596645140e+03,1.851472890762787e+03,5.882352941176471e-01,34801395
1.853279491523634e+03,1.851514785641281e+03,5.882352941176471e-01,34801396
1.853320029753809e+03,1.851555323871456e+03,5.882352941176471e-01,34801397
1.859115637961938e+03,1.853821520314879e+03,1.764705882352941e+00,34801398
1.860880343844291e+03,1.858925890661517e+03,5.882352941176471e-01,34801401
1.860891694583110e+03,1.855597576936052e+03,1.764705882352941e+00,34801399
1.864249558392635e+03,1.862484852510282e+03,5.882352941176471e-01,34801405
1.864421106347816e+03,1.858751399123175e+03,1.764705882352941e+00,34801400
1.868627513519561e+03,1.860135141357096e+03,1.764705882352941e+00,34801402
1.869713157861719e+03,1.867330809924275e+03,5.882352941176471e-01,34801410
1.870106935814172e+03,1.862186330501515e+03,1.764705882352941e+00,34801404
1.870392219401914e+03,1.868125241202398e+03,5.882352941176471e-01,34801412
1.871477863744072e+03,1.865797019364914e+03,1.176470588235294e+00,34801409
1.872703890397068e+03,1.870939184514715e+03,5.882352941176471e-01,34801413
1.872801220675720e+03,1.871036514793367e+03,5.882352941176471e-01,34801414
1.876862261022082e+03,1.875097555139729e+03,5.882352941176471e-01,34801417
1.877516956368842e+03,1.872222838721783e+03,1.764705882352941e+00,34801415
1.878254203102543e+03,1.872960085455484e+03,1.764705882352941e+00,34801416
1.879281662251194e+03,1.876922055128464e+03,5.882352941176471e-01,34801423
1.881057422269452e+03,1.879292716387099e+03,5.882352941176471e-01,34801426
1.883747566157195e+03,1.875136145227378e+03,1.764705882352941e+00,34801418
1.884172727163629e+03,1.878129661356248e+03,1.764705882352941e+00,34801425
1.884172727163629e+03,1.878057563204078e+03,1.764705882352941e+00,34801424
1.885554268488472e+03,1.883789562606119e+03,5.882352941176471e-01,34801427
1.887318974370825e+03,1.885271149575181e+03,5.882352941176471e-01,34801430
1.887702138928335e+03,1.883966880521398e+03,1.176470588235294e+00,34801428
1.890727436140021e+03,1.888962730257668e+03,5.882352941176471e-01,34801432
1.890786198609397e+03,1.884787435248947e+03,1.764705882352941e+00,34801429
1.891908446304493e+03,1.886614328657434e+03,1.764705882352941e+00,34801431
1.897570301370810e+03,1.895805595488457e+03,5.882352941176471e-01,34801434
1.897880054709811e+03,1.896115348827458e+03,5.882352941176471e-01,34801435
1.898138182780677e+03,1.892844065133618e+03,1.764705882352941e+00,34801433
1.900213648809702e+03,1.898448942927349e+03,5.882352941176471e-01,34801437
1.901233303970253e+03,1.899468598087900e+03,5.882352941176471e-01,34801438
1.902421386854962e+03,1.899727985939672e+03,5.882352941176471e-01,34801439
1.902864419017869e+03,1.896121517583117e+03,1.764705882352941e+00,34801436
1.904186092737315e+03,1.901429486869333e+03,5.882352941176471e-01,34801442
1.906172314701121e+03,1.903331498660328e+03,5.882352941176471e-01,34801445
1.906580493513343e+03,1.901286375866285e+03,1.764705882352941e+00,34801441
1.908141109989585e+03,1.903249219274843e+03,1.176470588235294e+00,34801444
1.908141109989585e+03,1.902460454143897e+03,1.176470588235294e+00,34801443
1.910797739692750e+03,1.909033033810397e+03,5.882352941176471e-01,34801447
1.911466432348180e+03,1.904648116857896e+03,1.764705882352941e+00,34801446
1.911843894840727e+03,1.910079188958374e+03,5.882352941176471e-01,34801448
1.912962322667137e+03,1.911197616784784e+03,5.882352941176471e-01,34801449
1.913240975624832e+03,1.911476269742479e+03,5.882352941176471e-01,34801450
1.914975194895367e+03,1.913210489013014e+03,5.882352941176471e-01,34801452
1.916794173254834e+03,1.914605705181286e+03,5.882352941176471e-01,34801455
1.917450206960128e+03,1.912156089313069e+03,1.764705882352941e+00,34801451
1.918558879137187e+03,1.915964105068974e+03,5.882352941176471e-01,34801456
1.920651601872187e+03,1.914382982304093e+03,1.764705882352941e+00,34801454
1.920651601872187e+03,1.913319033967243e+03,1.764705882352941e+00,34801453
1.922416307754540e+03,1.917548741029108e+03,1.176470588235294e+00,34801457
1.925617702666599e+03,1.920312441488813e+03,1.764705882352941e+00,34801458
1.926363931880229e+03,1.924599225997876e+03,5.882352941176471e-01,34801459
1.928153107692986e+03,1.926388401810633e+03,5.882352941176471e-01,34801460
1.928477704314803e+03,1.926712998432450e+03,5.882352941176471e-01,34801461
1.930909743615463e+03,1.929145037733111e+03,5.882352941176471e-01,34801463
1.932878831759395e+03,1.927584714112336e+03,1.764705882352941e+00,34801462
1.934238978519441e+03,1.931035390360398e+03,5.882352941176471e-01,34801466
1.934865946402712e+03,1.933101240520359e+03,5.882352941176471e-01,34801468
1.936003684401794e+03,1.933656131664163e+03,5.882352941176471e-01,34801469
1.936205963962947e+03,1.930799375384937e+03,1.176470588235294e+00,34801465
1.936205963962947e+03,1.930509389894006e+03,1.176470588235294e+00,34801464
1.939735375727653e+03,1.931403834620895e+03,1.764705882352941e+00,34801467
1.941012123951452e+03,1.939080940304602e+03,5.882352941176471e-01,34801472
1.941297802048853e+03,1.935115162590929e+03,1.764705882352941e+00,34801470
1.942919668882505e+03,1.940462576853562e+03,5.882352941176471e-01,34801476
1.942919668882505e+03,1.939824018091618e+03,5.882352941176471e-01,34801475
1.944878843446748e+03,1.941932335299653e+03,5.882352941176471e-01,34801477
1.944878843446748e+03,1.942684778111784e+03,5.882352941176471e-01,34801478
1.945267780810527e+03,1.937482712186746e+03,1.764705882352941e+00,34801471
1.946643549329101e+03,1.943590870082939e+03,5.882352941176471e-01,34801480
1.946955499277515e+03,1.945190793395162e+03,5.882352941176471e-01,34801481
1.950398346028252e+03,1.948633640145899e+03,5.882352941176471e-01,34801483
1.951387108683679e+03,1.949622402801326e+03,5.882352941176471e-01,34801484
1.951938649670690e+03,1.946644532023631e+03,1.764705882352941e+00,34801482
1.955121449297455e+03,1.953356743415102e+03,5.882352941176471e-01,34801488
1.956886155179808e+03,1.954727551611863e+03,5.882352941176471e-01,34801490
1.957499624214953e+03,1.951544796146000e+03,1.764705882352941e+00,34801485
1.958650861062161e+03,1.956801963303258e+03,5.882352941176471e-01,34801491
1.959124341674228e+03,1.951754119180010e+03,1.764705882352941e+00,34801486
1.960271953686576e+03,1.958507247804224e+03,5.882352941176471e-01,34801492
1.964559146517491e+03,1.962794440635138e+03,5.882352941176471e-01,34801494
1.964616475758766e+03,1.962851769876413e+03,5.882352941176471e-01,34801495
1.965901025991337e+03,1.963213366509274e+03,5.882352941176471e-01,34801496
1.966397107421069e+03,1.964632401538716e+03,5.882352941176471e-01,34801498
1.967665731873690e+03,1.965142678578626e+03,5.882352941176471e-01,34801499
1.968088558282197e+03,1.965940484163676e+03,5.882352941176471e-01,34801500
1.969853264164550e+03,1.967932238120167e+03,5.882352941176471e-01,34801502
1.969910593405825e+03,1.962371614226631e+03,1.764705882352941e+00,34801493
1.971682067933256e+03,1.969917362050903e+03,5.882352941176471e-01,34801505
1.972959849520749e+03,1.970348708091906e+03,5.882352941176471e-01,34801506
1.975846783829857e+03,1.967648832080018e+03,1.764705882352941e+00,34801501
1.975846783829857e+03,1.964530948933927e+03,1.764705882352941e+00,34801497
1.977378490599002e+03,1.968513968165369e+03,1.764705882352941e+00,34801503
1.977611489712210e+03,1.974708445287026e+03,5.882352941176471e-01,34801508
1.978735860636686e+03,1.976971154754333e+03,5.882352941176471e-01,34801509
1.979143196481355e+03,1.977003825420382e+03,5.882352941176471e-01,34801510
1.979376195594563e+03,1.977518648204342e+03,5.882352941176471e-01,34801511
1.980957177532625e+03,1.979192471650272e+03,5.882352941176471e-01,34801512
1.983997317784920e+03,1.982232611902567e+03,5.882352941176471e-01,34801513
1.986358268043498e+03,1.984593562161145e+03,5.882352941176471e-01,34801514
1.986799552738523e+03,1.985034846856170e+03,5.882352941176471e-01,34801515
1.990267592179264e+03,1.986738180414558e+03,1.176470588235294e+00,34801516
1.992090848656221e+03,1.986796731009162e+03,1.764705882352941e+00,34801517
1.992908229745588e+03,1.991143523863235e+03,5.882352941176471e-01,34801518
1.995576433117099e+03,1.993811727234746e+03,5.882352941176471e-01,34801521
1.997804679348338e+03,1.992510561701280e+03,1.764705882352941e+00,34801519
1.997920934015964e+03,1.992626816368905e+03,1.764705882352941e+00,34801520
2.000870550764158e+03,1.995168046197264e+03,1.764705882352941e+00,34801522
2.001297539978114e+03,1.999532834095761e+03,5.882352941176471e-01,34801523
2.002635256646511e+03,2.000612498620556e+03,5.882352941176471e-01,34801525
2.003557759654879e+03,2.001684844815818e+03,5.882352941176471e-01,34801527
2.004776404491172e+03,2.001897372696171e+03,5.882352941176471e-01,34801528
2.005864444333034e+03,2.000028347890173e+03,1.176470588235294e+00,34801524
2.008305816255878e+03,2.002408448642377e+03,1.764705882352941e+00,34801529
2.009393856097740e+03,2.005642106418601e+03,1.176470588235294e+00,34801532
2.010070522138231e+03,2.004641717246484e+03,1.764705882352941e+00,34801531
2.011434476987940e+03,2.009669771105587e+03,5.882352941176471e-01,34801534
2.012196553517372e+03,2.010431847635019e+03,5.882352941176471e-01,34801535
2.012535075977544e+03,2.010463837191556e+03,5.882352941176471e-01,34801536
2.013199182870293e+03,2.009005664212838e+03,1.176470588235294e+00,34801533
2.014467556514911e+03,2.012702850632558e+03,5.882352941176471e-01,34801537
2.015629880317344e+03,2.013865174434991e+03,5.882352941176471e-01,34801538
2.015680983064895e+03,2.013916277182542e+03,5.882352941176471e-01,34801539
2.017855394666696e+03,2.016090688784343e+03,5.882352941176471e-01,34801541
2.018497681962935e+03,2.016732976080582e+03,5.882352941176471e-01,34801542
2.019710768548111e+03,2.017946062665758e+03,5.882352941176471e-01,34801544
2.020262387845288e+03,2.018249660765223e+03,5.882352941176471e-01,34801545
2.021360535046059e+03,2.019015519656803e+03,5.882352941176471e-01,34801546
2.021475474430464e+03,2.019640899691931e+03,5.882352941176471e-01,34801548
2.022027093727640e+03,2.019866335401044e+03,5.882352941176471e-01,34801549
2.023240180312817e+03,2.021413650036032e+03,5.882352941176471e-01,34801552
2.024926149492442e+03,2.023161443610089e+03,5.882352941176471e-01,34801553
2.025230539250882e+03,2.016998604998992e+03,1.176470588235294e+00,34801543
2.025465837493284e+03,2.016021346870775e+03,1.764705882352941e+00,34801540
2.026690855374795e+03,2.023836636948121e+03,5.882352941176471e-01,34801554
2.027463475850952e+03,2.025698769968599e+03,5.882352941176471e-01,34801556
2.028455561257148e+03,2.026429650617823e+03,5.882352941176471e-01,34801557
2.030524656897941e+03,2.025018139558786e+03,1.764705882352941e+00,34801555
2.030992887615658e+03,2.027238253728436e+03,1.176470588235294e+00,34801558
2.032238631153887e+03,2.029411241636404e+03,5.882352941176471e-01,34801561
2.034003337036240e+03,2.031917008657230e+03,5.882352941176471e-01,34801565
2.034522299380363e+03,2.027952174041177e+03,1.764705882352941e+00,34801559
2.035768042918593e+03,2.033897862502765e+03,5.882352941176471e-01,34801566
2.036027524090655e+03,2.031874377348766e+03,1.176470588235294e+00,34801564
2.036027524090655e+03,2.030003629880814e+03,1.176470588235294e+00,34801562
2.037662489386977e+03,2.034953773302931e+03,5.882352941176471e-01,34801568
2.037662489386977e+03,2.034895147729025e+03,5.882352941176471e-01,34801567
2.039606312960374e+03,2.036510876886522e+03,5.882352941176471e-01,34801570
2.039606312960374e+03,2.036586891160612e+03,5.882352941176471e-01,34801571
2.039606312960374e+03,2.037136015916120e+03,5.882352941176471e-01,34801572
2.041371018842727e+03,2.039430967902138e+03,5.882352941176471e-01,34801575
2.043135724725080e+03,2.039111591997423e+03,1.176470588235294e+00,34801573
2.044900430607433e+03,2.039207089375488e+03,1.764705882352941e+00,34801574
2.044900430607433e+03,2.036435136577757e+03,1.764705882352941e+00,34801569
2.047841607078021e+03,2.041697986245062e+03,1.176470588235294e+00,34801576
2.047841607078021e+03,2.041862774940750e+03,1.176470588235294e+00,34801577
2.047841607078021e+03,2.041943969928833e+03,1.176470588235294e+00,34801578
2.051145230151215e+03,2.049380524268862e+03,5.882352941176471e-01,34801580
2.051178539905560e+03,2.049413834023207e+03,5.882352941176471e-01,34801581
2.051371018842727e+03,2.046340410766590e+03,1.176470588235294e+00,34801579
2.053063957297526e+03,2.051299251415173e+03,5.882352941176471e-01,34801582
2.053641115417947e+03,2.051876409535594e+03,5.882352941176471e-01,34801583
2.053823570528059e+03,2.052058864645706e+03,5.882352941176471e-01,34801584
2.055412222268104e+03,2.053647516385751e+03,5.882352941176471e-01,34801586
2.055628066129705e+03,2.053863360247352e+03,5.882352941176471e-01,34801587
2.057546918516501e+03,2.055782212634148e+03,5.882352941176471e-01,34801589
2.058358074944585e+03,2.052416886145726e+03,1.764705882352941e+00,34801585
2.059021839869570e+03,2.055492428104865e+03,1.176470588235294e+00,34801588
2.063721006537102e+03,2.061956300654749e+03,5.882352941176471e-01,34801590
2.065649026340669e+03,2.063884320458317e+03,5.882352941176471e-01,34801591
2.067525985267909e+03,2.065761279385556e+03,5.882352941176471e-01,34801592
2.072614252459775e+03,2.070849546577422e+03,5.882352941176471e-01,34801593
2.077294838322592e+03,2.075530132440239e+03,5.882352941176471e-01,34801596
2.077490070074758e+03,2.072195952427699e+03,1.764705882352941e+00,34801594
2.078591334505442e+03,2.073297216858383e+03,1.764705882352941e+00,34801595
2.082074730278467e+03,2.080310024396114e+03,5.882352941176471e-01,34801598
2.084947430141269e+03,2.079653312494210e+03,1.764705882352941e+00,34801597
2.085780923513952e+03,2.084016217631599e+03,5.882352941176471e-01,34801599
2.086108121824711e+03,2.084343415942358e+03,5.882352941176471e-01,34801600
2.087442649027203e+03,2.085677943144851e+03,5.882352941176471e-01,34801601
2.087545629396305e+03,2.085736223319732e+03,5.882352941176471e-01,34801602
2.089346443699431e+03,2.087581737817078e+03,5.882352941176471e-01,34801603
2.092899918247305e+03,2.087605800600246e+03,1.764705882352941e+00,34801604
2.093571324942851e+03,2.089372063817630e+03,1.176470588235294e+00,34801605
2.094665402797173e+03,2.092725952577889e+03,5.882352941176471e-01,34801609
2.095336030825204e+03,2.093270866541244e+03,5.882352941176471e-01,34801610
2.096430108679526e+03,2.090868250692768e+03,1.176470588235294e+00,34801607
2.097100736707557e+03,2.095036518450278e+03,5.882352941176471e-01,34801611
2.098194814561879e+03,2.092151255204448e+03,1.764705882352941e+00,34801608
2.101416983992568e+03,2.099652278110215e+03,5.882352941176471e-01,34801614
2.102032783487845e+03,2.096738665840787e+03,1.764705882352941e+00,34801612
2.103797489370198e+03,2.101964350489555e+03,5.882352941176471e-01,34801616
2.104807814028940e+03,2.102130963459372e+03,5.882352941176471e-01,34801617
2.104946395757274e+03,2.099513696381881e+03,1.764705882352941e+00,34801613
2.106067357581922e+03,2.103751889877752e+03,5.882352941176471e-01,34801619
2.106067357581922e+03,2.103261214391488e+03,5.882352941176471e-01,34801618
2.107832063464275e+03,2.105377155340317e+03,5.882352941176471e-01,34801620
2.108475807521980e+03,2.101108038646764e+03,1.764705882352941e+00,34801615
2.109596769346628e+03,2.107633584455314e+03,5.882352941176471e-01,34801622
2.110240513404332e+03,2.107849803696572e+03,5.882352941176471e-01,34801623
2.111361475228981e+03,2.109408812763965e+03,5.882352941176471e-01,34801625
2.112140732175944e+03,2.109704536302986e+03,5.882352941176471e-01,34801627
2.112140732175944e+03,2.109689312825100e+03,5.882352941176471e-01,34801626
2.113053127726391e+03,2.106841317588572e+03,1.176470588235294e+00,34801621
2.113905438058297e+03,2.108679076855867e+03,1.176470588235294e+00,34801624
2.113905438058297e+03,2.111572368817473e+03,5.882352941176471e-01,34801629
2.115243988774697e+03,2.112736811525402e+03,5.882352941176471e-01,34801631
2.118369352268762e+03,2.116604646386409e+03,5.882352941176471e-01,34801632
2.118773400539403e+03,2.112302892263273e+03,1.764705882352941e+00,34801630
2.121349175137028e+03,2.119584469254676e+03,5.882352941176471e-01,34801635
2.122660753506786e+03,2.119131341742080e+03,1.176470588235294e+00,34801634
2.122850046386020e+03,2.117555928738961e+03,1.764705882352941e+00,34801633
2.124693133019816e+03,2.122928427137463e+03,5.882352941176471e-01,34801636
2.126445044063857e+03,2.124680338181504e+03,5.882352941176471e-01,34801638
2.128536631561188e+03,2.123242513914129e+03,1.764705882352941e+00,34801637
2.133142791964589e+03,2.131378086082236e+03,5.882352941176471e-01,34801640
2.133142818295564e+03,2.127848700648505e+03,1.764705882352941e+00,34801639
2.135096618567283e+03,2.133331912684930e+03,5.882352941176471e-01,34801641
2.136683814388138e+03,2.134919108505785e+03,5.882352941176471e-01,34801642
2.136861971980541e+03,2.135097266098188e+03,5.882352941176471e-01,34801643
2.137277428145266e+03,2.135512722262913e+03,5.882352941176471e-01,34801644
2.138448520270491e+03,2.136330514776539e+03,5.882352941176471e-01,34801645
2.138626677862894e+03,2.136792732505767e+03,5.882352941176471e-01,34801646
2.143330546389048e+03,2.139801134624342e+03,1.176470588235294e+00,34801647
2.144275229335541e+03,2.141968035451571e+03,5.882352941176471e-01,34801650
2.145007922663433e+03,2.141391181290758e+03,1.176470588235294e+00,34801649
2.146772628545786e+03,2.144969278221867e+03,5.882352941176470e-01,34801653
2.146772628545786e+03,2.140745817570835e+03,1.764705882352941e+00,34801648
2.148151665543410e+03,2.145635198986514e+03,5.882352941176471e-01,34801654
2.149327212480613e+03,2.147562506598260e+03,5.882352941176471e-01,34801655
2.150302040310491e+03,2.143437202139825e+03,1.764705882352941e+00,34801651
2.150656170945109e+03,2.148891465062756e+03,5.882352941176471e-01,34801656
2.152491832852037e+03,2.150727126969684e+03,5.882352941176471e-01,34801658
2.153273395095501e+03,2.151508689213148e+03,5.882352941176471e-01,34801659
2.155038100977854e+03,2.152861425453808e+03,5.882352941176471e-01,34801661
2.155754130707216e+03,2.150460013060158e+03,1.764705882352941e+00,34801657
2.156211663184057e+03,2.152682251419351e+03,1.176470588235294e+00,34801660
2.160343443695727e+03,2.155049326048668e+03,1.764705882352941e+00,34801662
2.161326268951801e+03,2.159561563069448e+03,5.882352941176471e-01,34801664
2.162108149578080e+03,2.159921818013318e+03,5.882352941176471e-01,34801665
2.163683563611859e+03,2.161918857729506e+03,5.882352941176471e-01,34801666
2.164008874481287e+03,2.158714756834228e+03,1.764705882352941e+00,34801663
2.164834268653785e+03,2.163069562771432e+03,5.882352941176471e-01,34801667
2.165448269494212e+03,2.163256839995011e+03,5.882352941176471e-01,34801668
2.168921685100523e+03,2.167156979218170e+03,5.882352941176471e-01,34801669
2.171785895294234e+03,2.170021189411881e+03,5.882352941176471e-01,34801671
2.171903267684376e+03,2.170138561802023e+03,5.882352941176471e-01,34801672
2.173490298019722e+03,2.168196180372663e+03,1.764705882352941e+00,34801670
2.174499888454391e+03,2.172735182572038e+03,5.882352941176471e-01,34801674
2.175300231269723e+03,2.172797673959265e+03,5.882352941176471e-01,34801676
2.175300231269723e+03,2.172796028132415e+03,5.882352941176471e-01,34801675
2.176264594336744e+03,2.171027348072476e+03,1.176470588235294e+00,34801673
2.178361203941584e+03,2.176596498059231e+03,5.882352941176471e-01,34801680
2.178866407806299e+03,2.177101701923946e+03,5.882352941176471e-01,34801681
2.180125909823937e+03,2.178146158389165e+03,5.882352941176471e-01,34801682
2.181195627046691e+03,2.175901509399632e+03,1.764705882352941e+00,34801679
2.181857884595248e+03,2.180093178712895e+03,5.882352941176471e-01,34801683
2.183439916705520e+03,2.181675210823167e+03,5.882352941176471e-01,34801685
2.184965447229165e+03,2.182224131281289e+03,5.882352941176471e-01,34801688
2.188705783559265e+03,2.185608427824762e+03,5.882352941176471e-01,34801692
2.188738953449934e+03,2.181689291779148e+03,1.764705882352941e+00,34801686
2.188738953449934e+03,2.180957684747044e+03,1.764705882352941e+00,34801684
2.190470489441618e+03,2.188658238716637e+03,5.882352941176471e-01,34801696
2.190503659332287e+03,2.185076862122554e+03,1.176470588235294e+00,34801691
2.190503659332287e+03,2.183556141180946e+03,1.176470588235294e+00,34801690
2.192655232921065e+03,2.190890527038712e+03,5.882352941176471e-01,34801697
2.193548727044981e+03,2.191784021162628e+03,5.882352941176471e-01,34801698
2.194530037727250e+03,2.192765331844897e+03,5.882352941176471e-01,34801699
2.197279351061892e+03,2.194860524013271e+03,5.882352941176471e-01,34801704
2.197279351061892e+03,2.194789596608753e+03,5.882352941176471e-01,34801703
2.199044056944245e+03,2.196774884976177e+03,5.882352941176471e-01,34801706
2.200583158294163e+03,2.197399393854201e+03,5.882352941176471e-01,34801708
2.200583158294163e+03,2.198307621012848e+03,5.882352941176471e-01,34801710
2.202245266224855e+03,2.193578195276641e+03,1.176470588235294e+00,34801700
2.202245266224855e+03,2.194518667690581e+03,1.176470588235294e+00,34801702
2.204009972107208e+03,2.193921683317733e+03,1.764705882352941e+00,34801701
2.204063035205736e+03,2.202026216604771e+03,5.882352941176471e-01,34801712
2.204063035205736e+03,2.201121108343756e+03,5.882352941176471e-01,34801711
2.205774677989561e+03,2.202404455520439e+03,5.882352941176471e-01,34801714
2.206066894310511e+03,2.196602537464587e+03,1.176470588235294e+00,34801705
2.207831600192864e+03,2.197245289513745e+03,1.764705882352941e+00,34801707
2.209498900634900e+03,2.206350097292532e+03,5.882352941176471e-01,34801718
2.211312309237411e+03,2.204842638006008e+03,1.764705882352941e+00,34801716
2.211312309237411e+03,2.204780494873002e+03,1.764705882352941e+00,34801715
2.211410306937480e+03,2.209645601055128e+03,5.882352941176471e-01,34801719
2.213077015119764e+03,2.210953276739836e+03,5.882352941176471e-01,34801721
2.213077015119764e+03,2.210332708396674e+03,5.882352941176471e-01,34801720
2.213424646125657e+03,2.211659940243304e+03,5.882352941176471e-01,34801722
2.215053734870531e+03,2.213289028988178e+03,5.882352941176471e-01,34801724
2.216322997267217e+03,2.214558291384864e+03,5.882352941176471e-01,34801725
2.217202802243010e+03,2.215438096360657e+03,5.882352941176471e-01,34801726
2.218193995290056e+03,2.216429289407703e+03,5.882352941176471e-01,34801727
2.218371132766823e+03,2.211854991447457e+03,1.764705882352941e+00,34801723
2.218967508125363e+03,2.216980361123108e+03,5.882352941176471e-01,34801728
2.227107080118415e+03,2.221812962471356e+03,1.764705882352941e+00,34801729
2.228340457472314e+03,2.226468682427739e+03,5.882352941176471e-01,34801734
2.230717460308570e+03,2.224811045707608e+03,1.176470588235294e+00,34801731
2.230717460308570e+03,2.225604601978762e+03,1.176470588235294e+00,34801732
2.232482166190923e+03,2.223999827771635e+03,1.764705882352941e+00,34801730
2.234246872073276e+03,2.226950564806702e+03,1.764705882352941e+00,34801736
2.234541057527000e+03,2.232776351644647e+03,5.882352941176471e-01,34801738
2.236041596240240e+03,2.234276890357887e+03,5.882352941176471e-01,34801739
2.237895928843164e+03,2.235975429741429e+03,5.882352941176471e-01,34801741
2.237985555563735e+03,2.232691437916676e+03,1.764705882352941e+00,34801737
2.239945423420471e+03,2.238180717538118e+03,5.882352941176471e-01,34801743
2.240287868039348e+03,2.234993750392289e+03,1.764705882352941e+00,34801740
2.242750679935267e+03,2.240985974052914e+03,5.882352941176471e-01,34801744
2.244515385817620e+03,2.242699834695827e+03,5.882352941176471e-01,34801747
2.244911582783038e+03,2.243146876900685e+03,5.882352941176471e-01,34801748
2.247451161037282e+03,2.241332014731589e+03,1.764705882352941e+00,34801745
2.248044797582326e+03,2.242207199676966e+03,1.764705882352941e+00,34801746
2.249215866919634e+03,2.245989174448848e+03,5.882352941176471e-01,34801750
2.250102652879835e+03,2.248337946997482e+03,5.882352941176471e-01,34801751
2.250980572801987e+03,2.249214730899291e+03,5.882352941176471e-01,34801752
2.251203621836649e+03,2.245909504189590e+03,1.764705882352941e+00,34801749
2.253421171929714e+03,2.251656466047362e+03,5.882352941176471e-01,34801753
2.256751660745986e+03,2.254986954863633e+03,5.882352941176471e-01,34801756
2.258476455658620e+03,2.253815881077060e+03,1.176470588235294e+00,34801754
2.260241161540973e+03,2.254907132924196e+03,1.764705882352941e+00,34801755
2.260248753787687e+03,2.258484047905334e+03,5.882352941176471e-01,34801758
2.260874704606472e+03,2.255002533701652e+03,1.764705882352941e+00,34801757
2.262009663546683e+03,2.259648709802905e+03,5.882352941176471e-01,34801760
2.262009663546683e+03,2.259092971970253e+03,5.882352941176471e-01,34801759
2.263967015336792e+03,2.262202309454439e+03,5.882352941176471e-01,34801762
2.264867663104574e+03,2.261338251339869e+03,1.176470588235294e+00,34801761
2.264976963729235e+03,2.263212257846882e+03,5.882352941176471e-01,34801763
2.265925380547676e+03,2.263548368684644e+03,5.882352941176471e-01,34801764
2.266645892919027e+03,2.264354333993855e+03,5.882352941176471e-01,34801766
2.266741669611588e+03,2.264894710968773e+03,5.882352941176471e-01,34801768
2.269486840786286e+03,2.267722134903933e+03,5.882352941176471e-01,34801769
2.273034531077667e+03,2.267740413430608e+03,1.764705882352941e+00,34801770
2.275507027395124e+03,2.273200619349981e+03,5.882352941176471e-01,34801774
2.275980021189395e+03,2.270110528587364e+03,1.764705882352941e+00,34801771
2.276563942842373e+03,2.270788284703038e+03,1.764705882352941e+00,34801772
2.277485176971350e+03,2.274823852348153e+03,5.882352941176471e-01,34801775
2.278328648724726e+03,2.276391230791434e+03,5.882352941176471e-01,34801778
2.279509432954100e+03,2.277570633906939e+03,5.882352941176471e-01,34801782
2.280457414394891e+03,2.271977615630419e+03,1.176470588235294e+00,34801773
2.281071560026449e+03,2.279056768300352e+03,5.882352941176471e-01,34801783
2.282631550698283e+03,2.279732438074143e+03,5.882352941176471e-01,34801784
2.282631550698283e+03,2.280233020393521e+03,5.882352941176471e-01,34801785
2.283038844718806e+03,2.276705324049550e+03,1.764705882352941e+00,34801779
2.287440226314000e+03,2.285675520431647e+03,5.882352941176471e-01,34801788
2.288725751952994e+03,2.286961046070641e+03,5.882352941176471e-01,34801789
2.289204932196353e+03,2.287042922711669e+03,5.882352941176471e-01,34801790
2.289773952862195e+03,2.284479835215136e+03,1.764705882352941e+00,34801787
2.290663252773096e+03,2.287523764549655e+03,5.882352941176471e-01,34801791
2.290969638078706e+03,2.288984944359618e+03,5.882352941176471e-01,34801794
2.293649664547215e+03,2.291718899998988e+03,5.882352941176471e-01,34801798
2.294382881965948e+03,2.290120252782509e+03,1.176470588235294e+00,34801795
2.296147587848301e+03,2.290302788443612e+03,1.764705882352941e+00,34801796
2.301395839677538e+03,2.293421187927203e+03,1.764705882352941e+00,34801799
2.301395839677538e+03,2.291043687629387e+03,1.764705882352941e+00,34801797
2.302734324016862e+03,2.295985296706770e+03,1.764705882352941e+00,34801805
2.304499029899215e+03,2.302265190453109e+03,5.882352941176471e-01,34801815
2.306658231118703e+03,2.304081277389975e+03,5.882352941176471e-01,34801816
2.307211567789940e+03,2.299816089982610e+03,1.764705882352941e+00,34801811
2.307211567789940e+03,2.299710397335710e+03,1.764705882352941e+00,34801810
2.308976273672292e+03,2.307198925454821e+03,5.882352941176471e-01,34801821
2.312106883590617e+03,2.310342177708264e+03,5.882352941176471e-01,34801822
2.312222695933821e+03,2.305090772904917e+03,1.764705882352941e+00,34801819
2.313819347656954e+03,2.312054641774601e+03,5.882352941176471e-01,34801823
2.316773761522161e+03,2.315009055639808e+03,5.882352941176471e-01,34801825
2.317556483598577e+03,2.315791777716224e+03,5.882352941176471e-01,34801826
2.317557047653973e+03,2.314027635889267e+03,1.176470588235294e+00,34801824
2.319321189480930e+03,2.317339702870021e+03,5.882352941176471e-01,34801828
2.322067879169220e+03,2.316758858060467e+03,1.764705882352941e+00,34801827
2.323100012663867e+03,2.321335306781514e+03,5.882352941176471e-01,34801829
2.323100377390495e+03,2.321335671508142e+03,5.882352941176471e-01,34801830
2.326285768784011e+03,2.324521062901658e+03,5.882352941176471e-01,34801831
2.327108268014167e+03,2.325343562131814e+03,5.882352941176471e-01,34801832
2.327779390561007e+03,2.326014684678654e+03,5.882352941176471e-01,34801833
2.328050474666364e+03,2.326273779200641e+03,5.882352941176471e-01,34801834
2.329176813085862e+03,2.327412107203509e+03,5.882352941176471e-01,34801835
2.329815180548716e+03,2.327912626221876e+03,5.882352941176471e-01,34801837
2.330941518968215e+03,2.329004430525382e+03,5.882352941176471e-01,34801838
2.331579886431069e+03,2.327451211757416e+03,1.176470588235294e+00,34801836
2.334838214090419e+03,2.329387861650116e+03,1.764705882352941e+00,34801839
2.336903964423566e+03,2.335139258541213e+03,5.882352941176471e-01,34801842
2.337680504568513e+03,2.335915798686160e+03,5.882352941176471e-01,34801843
2.337771462739889e+03,2.332477345092830e+03,1.764705882352941e+00,34801840
2.340231012641837e+03,2.338466306759484e+03,5.882352941176471e-01,34801845
2.340326911621870e+03,2.334044628237405e+03,1.764705882352941e+00,34801841
2.341390222882523e+03,2.339324636389262e+03,5.882352941176471e-01,34801846
2.342043668014206e+03,2.339741177515718e+03,5.882352941176471e-01,34801848
2.342043668014206e+03,2.339730798059175e+03,5.882352941176471e-01,34801847
2.343414733389357e+03,2.340453516719363e+03,5.882352941176471e-01,34801849
2.343808373896559e+03,2.342030792937494e+03,5.882352941176471e-01,34801852
2.343808373896559e+03,2.341909832131484e+03,5.882352941176471e-01,34801851
2.345311497476521e+03,2.343546791594168e+03,5.882352941176471e-01,34801853
2.347205727456454e+03,2.337860811117817e+03,1.764705882352941e+00,34801844
2.348905671290017e+03,2.344904379074726e+03,1.176470588235294e+00,34801855
2.350670377172370e+03,2.344580007772382e+03,1.764705882352941e+00,34801854
2.351482888325409e+03,2.349718182443056e+03,5.882352941176471e-01,34801857
2.351638831301794e+03,2.346076238622776e+03,1.764705882352941e+00,34801856
2.352886437646117e+03,2.351121731763764e+03,5.882352941176471e-01,34801858
2.355087313325193e+03,2.351557901560487e+03,1.176470588235294e+00,34801859
2.357498905301761e+03,2.355573617561999e+03,5.882352941176471e-01,34801863
2.358616725089899e+03,2.352899235844069e+03,1.764705882352941e+00,34801860
2.361375541161150e+03,2.353984208606139e+03,1.764705882352941e+00,34801862
2.361375541161150e+03,2.353969493537056e+03,1.764705882352941e+00,34801861
2.362146136854605e+03,2.355888786817025e+03,1.764705882352941e+00,34801864
2.363421431459256e+03,2.359649567696960e+03,5.882352941176471e-01,34801866
2.363421431459256e+03,2.359408888047931e+03,5.882352941176471e-01,34801865
2.363910842736958e+03,2.361937909992656e+03,5.882352941176471e-01,34801869
2.365186137341609e+03,2.362423119094375e+03,5.882352941176471e-01,34801870
2.365481101641294e+03,2.363716395758942e+03,5.882352941176471e-01,34801871
2.367174625381709e+03,2.365409919499356e+03,5.882352941176471e-01,34801873
2.367350916899490e+03,2.365586211017137e+03,5.882352941176471e-01,34801874
2.369928268398633e+03,2.368163562516280e+03,5.882352941176471e-01,34801875
2.370239596058796e+03,2.364945478411737e+03,1.764705882352941e+00,34801872
2.370381934457873e+03,2.368617228575520e+03,5.882352941176471e-01,34801876
2.372353844859166e+03,2.370589138976813e+03,5.882352941176471e-01,34801878
2.374375395292320e+03,2.372610689409967e+03,5.882352941176471e-01,34801879
2.374819018544815e+03,2.373054312662462e+03,5.882352941176471e-01,34801880
2.375222386045692e+03,2.368938325373118e+03,1.764705882352941e+00,34801877
2.376140101174673e+03,2.373379918802336e+03,5.882352941176471e-01,34801881
2.378594728687704e+03,2.376830022805351e+03,5.882352941176471e-01,34801882
2.380749245173847e+03,2.378984539291494e+03,5.882352941176471e-01,34801884
2.382883894503040e+03,2.377589776855981e+03,1.764705882352941e+00,34801883
2.384495781221035e+03,2.382731075338682e+03,5.882352941176471e-01,34801888
2.384997519850245e+03,2.380400927940098e+03,1.176470588235294e+00,34801886
2.384997519850245e+03,2.380269445950520e+03,1.176470588235294e+00,34801885
2.388025192985741e+03,2.380943552187337e+03,1.764705882352941e+00,34801887
2.389009428162123e+03,2.385480016397417e+03,1.176470588235294e+00,34801889
2.390449910453561e+03,2.388685204571209e+03,5.882352941176471e-01,34801891
2.390681272785124e+03,2.387151861020418e+03,1.176470588235294e+00,34801890
2.391485163678286e+03,2.389720457795933e+03,5.882352941176471e-01,34801892
2.396540111257215e+03,2.394775405374862e+03,5.882352941176471e-01,34801894
2.398433247938469e+03,2.394903836173763e+03,1.176470588235294e+00,34801895
2.398805755258676e+03,2.397041049376323e+03,5.882352941176471e-01,34801896
2.399572125329333e+03,2.394278007682275e+03,1.764705882352941e+00,34801893
2.400197953820822e+03,2.398093969200956e+03,5.882352941176471e-01,34801897
2.400613599669075e+03,2.398848893786722e+03,5.882352941176471e-01,34801898
2.404524178194702e+03,2.402759472312349e+03,5.882352941176471e-01,34801900
2.407432559229679e+03,2.405667853347326e+03,5.882352941176471e-01,34801901
2.407973012709237e+03,2.402678895062179e+03,1.764705882352941e+00,34801899
2.409257893636622e+03,2.407247306750628e+03,5.882352941176471e-01,34801903
2.409467353432384e+03,2.407553816278860e+03,5.882352941176471e-01,34801905
2.409737718591590e+03,2.407730106548276e+03,5.882352941176471e-01,34801907
2.411127329416856e+03,2.408015139938315e+03,5.882352941176471e-01,34801909
2.413267130356296e+03,2.405910482669434e+03,1.764705882352941e+00,34801902
2.414656741181562e+03,2.412363285405627e+03,5.882352941176470e-01,34801911
2.414656741181562e+03,2.408014041647584e+03,1.764705882352941e+00,34801908
2.415031836238649e+03,2.413258333484799e+03,5.882352941176471e-01,34801912
2.418186152946268e+03,2.410260125935137e+03,1.764705882352941e+00,34801910
2.418924587503232e+03,2.417159881620879e+03,5.882352941176471e-01,34801914
2.420320076107103e+03,2.418112372230276e+03,5.882352941176471e-01,34801916
2.420320076107103e+03,2.417831184727235e+03,5.882352941176471e-01,34801915
2.420695282369947e+03,2.415401164722888e+03,1.764705882352941e+00,34801913
2.422996926130300e+03,2.421232220247947e+03,5.882352941176471e-01,34801918
2.423102916690948e+03,2.421338210808595e+03,5.882352941176471e-01,34801919
2.423849487871809e+03,2.421374440720397e+03,5.882352941176471e-01,34801920
2.424761632012653e+03,2.422944797305744e+03,5.882352941176471e-01,34801921
2.424867622573300e+03,2.419952181527292e+03,1.176470588235294e+00,34801917
2.425614193754162e+03,2.423783668295385e+03,5.882352941176471e-01,34801922
2.426526337895006e+03,2.424617321694688e+03,5.882352941176471e-01,34801923
2.426700971336624e+03,2.424936265454271e+03,5.882352941176471e-01,34801924
2.427378899636514e+03,2.425572205691331e+03,5.882352941176471e-01,34801925
2.429847934715809e+03,2.428083228833456e+03,5.882352941176471e-01,34801927
2.431612640598162e+03,2.428768039266658e+03,5.882352941176471e-01,34801929
2.431936190397931e+03,2.430125203392115e+03,5.882352941176471e-01,34801930
2.431987749083957e+03,2.426693631436898e+03,1.764705882352941e+00,34801926
2.435142052362868e+03,2.428406778633225e+03,1.764705882352941e+00,34801928
2.437657751807810e+03,2.432363634160751e+03,1.764705882352941e+00,34801931
2.438605552776322e+03,2.435487392339300e+03,5.882352941176471e-01,34801935
2.439422457690163e+03,2.437058773764180e+03,5.882352941176471e-01,34801938
2.440370258658675e+03,2.438263318756026e+03,5.882352941176471e-01,34801940
2.442134964541027e+03,2.439464428745287e+03,5.882352941176471e-01,34801942
2.442716370045310e+03,2.440951664162958e+03,5.882352941176471e-01,34801943
2.443345326670629e+03,2.434878406957860e+03,1.176470588235294e+00,34801932
2.443899670423380e+03,2.441905575028291e+03,5.882352941176471e-01,34801944
2.445110032552982e+03,2.443015416535371e+03,5.882352941176471e-01,34801946
2.445664376305733e+03,2.443653534804985e+03,5.882352941176471e-01,34801947
2.446245781810016e+03,2.443998098981970e+03,5.882352941176471e-01,34801948
2.446874738435335e+03,2.444953196000497e+03,5.882352941176471e-01,34801949
2.449484490822581e+03,2.442298549679412e+03,1.764705882352941e+00,34801945
2.449484490822581e+03,2.439048534577199e+03,1.764705882352941e+00,34801941
2.449880940905472e+03,2.448116235023119e+03,5.882352941176471e-01,34801950
2.451249196704934e+03,2.449272157388984e+03,5.882352941176471e-01,34801951
2.454541129654314e+03,2.452776423771961e+03,5.882352941176471e-01,34801953
2.455560913218116e+03,2.453796207335763e+03,5.882352941176471e-01,34801954
2.456305835536667e+03,2.454319264079752e+03,5.882352941176471e-01,34801955
2.456967902639799e+03,2.451673784992740e+03,1.764705882352941e+00,34801952
2.459962852153748e+03,2.458198146271395e+03,5.882352941176471e-01,34801958
2.460855030865175e+03,2.454987316627594e+03,1.764705882352941e+00,34801956
2.461599953183726e+03,2.455813083869100e+03,1.764705882352941e+00,34801957
2.462619736747528e+03,2.460688243963644e+03,5.882352941176471e-01,34801962
2.463670258762231e+03,2.461186170611611e+03,5.882352941176471e-01,34801963
2.464463173614154e+03,2.462698467731802e+03,5.882352941176471e-01,34801965
2.465434964644584e+03,2.463354230503024e+03,5.882352941176471e-01,34801966
2.466227879496507e+03,2.464183482496182e+03,5.882352941176471e-01,34801967
2.467120939542663e+03,2.459022193609045e+03,1.764705882352941e+00,34801959
2.467199670526937e+03,2.465072509770360e+03,5.882352941176471e-01,34801968
2.467992585378860e+03,2.461584883425197e+03,1.176470588235294e+00,34801964
2.468885645425016e+03,2.467091537499486e+03,5.882352941176471e-01,34801969
2.471254462212605e+03,2.469489756330252e+03,5.882352941176471e-01,34801971
2.472878524819499e+03,2.469349113054793e+03,1.176470588235294e+00,34801970
2.475241647556581e+03,2.469947529909523e+03,1.764705882352941e+00,34801972
2.475315670963711e+03,2.473550965081358e+03,5.882352941176471e-01,34801973
2.479420573224712e+03,2.477655867342360e+03,5.882352941176471e-01,34801976
2.480505038180679e+03,2.475210920533620e+03,1.764705882352941e+00,34801974
2.481022695948731e+03,2.475728578301672e+03,1.764705882352941e+00,34801975
2.481306932834229e+03,2.477973038353814e+03,5.882352941176471e-01,34801977
2.483649656597644e+03,2.481884950715291e+03,5.882352941176471e-01,34801984
2.484552107713437e+03,2.481001354955354e+03,1.176470588235294e+00,34801983
2.486047314215075e+03,2.479582778194263e+03,1.764705882352941e+00,34801981
2.488062919458004e+03,2.485651776999251e+03,5.882352941176471e-01,34801989
2.488527259417624e+03,2.486423663255938e+03,5.882352941176471e-01,34801992
2.490291965299977e+03,2.488098607375224e+03,5.882352941176471e-01,34801994
2.490948619591619e+03,2.483046909001978e+03,1.764705882352941e+00,34801985
2.493061876118932e+03,2.491297170236579e+03,5.882352941176471e-01,34801995
2.493357037105062e+03,2.487747534972733e+03,1.764705882352941e+00,34801993
2.495210635444020e+03,2.493445929561667e+03,5.882352941176471e-01,34801997
2.495476714082742e+03,2.491947302318036e+03,1.176470588235294e+00,34801996
2.497229655139552e+03,2.493700243374846e+03,1.176470588235294e+00,34801998
2.499474987176709e+03,2.497710281294356e+03,5.882352941176471e-01,34801999
2.501544756649598e+03,2.499780050767246e+03,5.882352941176471e-01,34802000
2.502692073357433e+03,2.500927367475080e+03,5.882352941176471e-01,34802001
2.505835520300365e+03,2.504070814418012e+03,5.882352941176471e-01,34802004
2.506949243533546e+03,2.504589298850068e+03,5.882352941176471e-01,34802006
2.509921793681661e+03,2.503579310577445e+03,1.764705882352941e+00,34802003
2.509921793681661e+03,2.503100874151630e+03,1.764705882352941e+00,34802002
2.510478655298252e+03,2.504145358360828e+03,1.764705882352941e+00,34802005
2.511686499564014e+03,2.509299589397639e+03,5.882352941176471e-01,34802009
2.511686499564014e+03,2.507399780051152e+03,5.882352941176471e-01,34802008
2.513478852570101e+03,2.511714146687748e+03,5.882352941176471e-01,34802011
2.514694602722726e+03,2.512929896840373e+03,5.882352941176471e-01,34802012
2.516420497898468e+03,2.511126380251409e+03,1.764705882352941e+00,34802010
2.519949909663174e+03,2.513191068625909e+03,1.764705882352941e+00,34802013
2.520354690856270e+03,2.514620473445109e+03,1.764705882352941e+00,34802015
2.520354690856270e+03,2.513807589933086e+03,1.764705882352941e+00,34802014
2.521950975371457e+03,2.520186269489104e+03,5.882352941176471e-01,34802017
2.522119396738623e+03,2.520205276935517e+03,5.882352941176471e-01,34802018
2.523827962165254e+03,2.521412106984251e+03,5.882352941176471e-01,34802021
2.525592668047607e+03,2.523250729486725e+03,5.882352941176471e-01,34802023
2.525967092731703e+03,2.520672975084644e+03,1.764705882352941e+00,34802019
2.527482182157992e+03,2.525141441421586e+03,5.882352941176471e-01,34802027
2.529755522015693e+03,2.523789199101263e+03,1.176470588235294e+00,34802024
2.529755522015693e+03,2.521033692246788e+03,1.176470588235294e+00,34802020
2.533030616792725e+03,2.530845758209220e+03,5.882352941176471e-01,34802031
2.533284933780399e+03,2.527172160265214e+03,1.764705882352941e+00,34802028
2.534102229429742e+03,2.531786068678825e+03,5.882352941176471e-01,34802033
2.537181943517014e+03,2.528499450108688e+03,1.764705882352941e+00,34802029
2.537978187817116e+03,2.532796326137712e+03,1.176470588235294e+00,34802034
2.538948615948344e+03,2.537183910065991e+03,5.882352941176471e-01,34802037
2.539742893699469e+03,2.537396165934327e+03,5.882352941176470e-01,34802038
2.539742893699469e+03,2.534020129724218e+03,1.764705882352941e+00,34802035
2.542292855389638e+03,2.540528149507285e+03,5.882352941176471e-01,34802039
2.542476061164073e+03,2.534627983808148e+03,1.764705882352941e+00,34802036
2.542880408611312e+03,2.541115702728959e+03,5.882352941176471e-01,34802040
2.544204125891539e+03,2.541146826594582e+03,5.882352941176471e-01,34802041
2.545498375252228e+03,2.543733669369875e+03,5.882352941176471e-01,34802046
2.545968831773892e+03,2.541375753436318e+03,1.176470588235294e+00,34802042
2.547263081134581e+03,2.545175574877448e+03,5.882352941176471e-01,34802048
2.549498243538598e+03,2.544040240300556e+03,1.764705882352941e+00,34802047
2.550365532053030e+03,2.548600826170678e+03,5.882352941176471e-01,34802050
2.551653769431438e+03,2.548795820525376e+03,5.882352941176471e-01,34802051
2.552130237935383e+03,2.548534859024558e+03,1.176470588235294e+00,34802049
2.553418475313791e+03,2.551389929004215e+03,5.882352941176471e-01,34802054
2.553828976671617e+03,2.551670539494946e+03,5.882352941176471e-01,34802055
2.555388431875057e+03,2.552566362888730e+03,5.882352941176471e-01,34802057
2.555659649700089e+03,2.550279883559573e+03,1.764705882352941e+00,34802053
2.558917843639763e+03,2.552420906645635e+03,1.764705882352941e+00,34802056
2.560997412482532e+03,2.559232706600179e+03,5.882352941176471e-01,34802058
2.561422392773393e+03,2.559657686891040e+03,5.882352941176471e-01,34802059
2.562974608510316e+03,2.560563361661225e+03,5.882352941176471e-01,34802062
2.562974608510316e+03,2.560092345619931e+03,5.882352941176471e-01,34802061
2.563302720330951e+03,2.559773308566245e+03,1.176470588235294e+00,34802060
2.565306067562624e+03,2.563541361680272e+03,5.882352941176471e-01,34802063
2.566461560629672e+03,2.564696854747319e+03,5.882352941176471e-01,34802064
2.567604494455186e+03,2.565839788572833e+03,5.882352941176471e-01,34802065
2.567626494804922e+03,2.565861788922569e+03,5.882352941176471e-01,34802066
2.569369200337539e+03,2.566595351875625e+03,5.882352941176471e-01,34802069
2.571612674969658e+03,2.569847969087305e+03,5.882352941176471e-01,34802071
2.571822573899707e+03,2.566203612177493e+03,1.764705882352941e+00,34802067
2.573119938420690e+03,2.567825820773631e+03,1.764705882352941e+00,34802070
2.577011742081741e+03,2.570422668800179e+03,1.764705882352941e+00,34802073
2.577011742081741e+03,2.570289511415055e+03,1.764705882352941e+00,34802072
2.577981024161229e+03,2.574471369250107e+03,5.882352941176471e-01,34802075
2.580843171713811e+03,2.578959675402419e+03,5.882352941176471e-01,34802082
2.580843171713811e+03,2.578110711741541e+03,5.882352941176471e-01,34802081
2.581636706097957e+03,2.579087867381921e+03,5.882352941176471e-01,34802083
2.584129790603965e+03,2.576393295743770e+03,1.176470588235294e+00,34802077
2.584129790603965e+03,2.576481233414983e+03,1.176470588235294e+00,34802078
2.585894496486318e+03,2.582975897254092e+03,5.882352941176470e-01,34802087
2.585894496486318e+03,2.574274634931629e+03,1.764705882352941e+00,34802074
2.587659202368671e+03,2.584676217921245e+03,5.882352941176471e-01,34802088
2.587659202368671e+03,2.580285098929307e+03,1.764705882352941e+00,34802086
2.589424436962715e+03,2.586392067203436e+03,5.882352941176471e-01,34802091
2.589424436962715e+03,2.586631341428730e+03,5.882352941176471e-01,34802092
2.591189142845068e+03,2.589068031463599e+03,5.882352941176471e-01,34802094
2.593836201668597e+03,2.585982695132489e+03,1.764705882352941e+00,34802090
2.593836201668597e+03,2.585896082621389e+03,1.764705882352941e+00,34802089
2.594718554609773e+03,2.588736122346363e+03,1.764705882352941e+00,34802093
2.596924436962715e+03,2.594626818182162e+03,5.882352941176471e-01,34802098
2.596924436962715e+03,2.594189984153719e+03,5.882352941176471e-01,34802097
2.600674436962715e+03,2.592232118556399e+03,1.764705882352941e+00,34802096
2.600674436962715e+03,2.591513283505710e+03,1.764705882352941e+00,34802095
2.602328848727420e+03,2.595840459421089e+03,1.764705882352941e+00,34802099
2.602610975585712e+03,2.600846269703359e+03,5.882352941176471e-01,34802101
2.605432684374144e+03,2.603667978491791e+03,5.882352941176471e-01,34802104
2.607113055766206e+03,2.601818938119148e+03,1.764705882352941e+00,34802102
2.608826871797933e+03,2.605924578233169e+03,5.882352941176471e-01,34802109
2.608962096138850e+03,2.603380084598996e+03,1.764705882352941e+00,34802103
2.610642467530912e+03,2.604012876587983e+03,1.764705882352941e+00,34802105
2.610726802021203e+03,2.608958842953190e+03,5.882352941176471e-01,34802111
2.614120989444992e+03,2.609576440430910e+03,1.176470588235294e+00,34802112
2.614171879295618e+03,2.607532473710297e+03,1.764705882352941e+00,34802110
2.615885695327345e+03,2.613525343846220e+03,5.882352941176471e-01,34802114
2.615951479189310e+03,2.614186773306957e+03,5.882352941176471e-01,34802115
2.617650401209698e+03,2.614888887901282e+03,5.882352941176471e-01,34802116
2.617983387671917e+03,2.612689270024859e+03,1.764705882352941e+00,34802113
2.619748093554270e+03,2.617697036067417e+03,5.882352941176471e-01,34802119
2.620963498536421e+03,2.618392113912425e+03,5.882352941176471e-01,34802121
2.620963498536421e+03,2.618242304933155e+03,5.882352941176471e-01,34802120
2.622873530273972e+03,2.621108824391619e+03,5.882352941176471e-01,34802123
2.623885207810052e+03,2.617191461105580e+03,1.764705882352941e+00,34802118
2.623885207810052e+03,2.617001457895749e+03,1.764705882352941e+00,34802117
2.625807618477512e+03,2.623690597518409e+03,5.882352941176471e-01,34802126
2.626402942038678e+03,2.624358322165375e+03,5.882352941176471e-01,34802128
2.629337030242218e+03,2.623363835223522e+03,1.764705882352941e+00,34802125
2.629337030242218e+03,2.622243613874527e+03,1.764705882352941e+00,34802124
2.630296592133117e+03,2.626767180368411e+03,1.176470588235294e+00,34802129
2.632270678650631e+03,2.630505972768278e+03,5.882352941176471e-01,34802130
2.634478186372525e+03,2.630948774607819e+03,1.176470588235294e+00,34802131
2.637925187804642e+03,2.636160481922289e+03,5.882352941176471e-01,34802134
2.638745744545856e+03,2.633451626898797e+03,1.764705882352941e+00,34802132
2.639468552415955e+03,2.635939140651249e+03,1.176470588235294e+00,34802133
2.643324073863766e+03,2.641559367981413e+03,5.882352941176471e-01,34802136
2.644441108431484e+03,2.639146990784426e+03,1.764705882352941e+00,34802135
2.645185442487157e+03,2.643420736604804e+03,5.882352941176471e-01,34802138
2.645969907769519e+03,2.643770490090459e+03,5.882352941176471e-01,34802139
2.648869393747954e+03,2.646861889497101e+03,5.882352941176471e-01,34802146
2.650227368900738e+03,2.644370823341749e+03,1.176470588235294e+00,34802141
2.650227368900738e+03,2.644949431974359e+03,1.176470588235294e+00,34802142
2.651992074783091e+03,2.649841495864436e+03,5.882352941176470e-01,34802148
2.651992074783091e+03,2.642274874550230e+03,1.764705882352941e+00,34802137
2.654583579103903e+03,2.652818873221550e+03,5.882352941176471e-01,34802150
2.655521486547797e+03,2.652963248472955e+03,5.882352941176470e-01,34802151
2.655521486547797e+03,2.649773958798904e+03,1.764705882352941e+00,34802147
2.657286192430150e+03,2.655343398455597e+03,5.882352941176471e-01,34802155
2.658112990868609e+03,2.651099564391186e+03,1.764705882352941e+00,34802149
2.660713185095110e+03,2.658948479212757e+03,5.882352941176471e-01,34802157
2.661616695949659e+03,2.659851990067306e+03,5.882352941176471e-01,34802158
2.663625714259229e+03,2.658331596612170e+03,1.764705882352941e+00,34802156
2.664150146559530e+03,2.662385440677177e+03,5.882352941176471e-01,34802159
2.665390420141582e+03,2.663147613110294e+03,5.882352941176471e-01,34802161
2.668005506403939e+03,2.662711388756880e+03,1.764705882352941e+00,34802160
2.669444264206589e+03,2.663923686148713e+03,1.764705882352941e+00,34802162
2.671186638859060e+03,2.665892521212002e+03,1.764705882352941e+00,34802163
2.671278590705661e+03,2.669513884823308e+03,5.882352941176471e-01,34802165
2.671790615294751e+03,2.669645612412428e+03,5.882352941176471e-01,34802166
2.672951344741413e+03,2.670571256550648e+03,5.882352941176471e-01,34802167
2.673043296588014e+03,2.668261203530046e+03,1.176470588235294e+00,34802164
2.675079096513256e+03,2.673314390630903e+03,5.882352941176471e-01,34802168
2.675769022657858e+03,2.674004316775505e+03,5.882352941176471e-01,34802170
2.676843802395609e+03,2.674044954510862e+03,5.882352941176471e-01,34802171
2.678643787949231e+03,2.676173213322934e+03,5.882352941176471e-01,34802173
2.678661427784866e+03,2.673367310137807e+03,1.764705882352941e+00,34802169
2.681063140304917e+03,2.675460185914866e+03,1.764705882352941e+00,34802172
2.681661435933446e+03,2.679896730051093e+03,5.882352941176471e-01,34802177
2.682382257241898e+03,2.678852845477193e+03,1.176470588235294e+00,34802176
2.683426141815799e+03,2.681242754739849e+03,5.882352941176471e-01,34802179
2.684374371854190e+03,2.682609665971837e+03,5.882352941176471e-01,34802180
2.685190847698152e+03,2.683353745723615e+03,5.882352941176471e-01,34802183
2.686660676490497e+03,2.682628915625867e+03,1.176470588235294e+00,34802181
2.687903783618896e+03,2.681144077845614e+03,1.764705882352941e+00,34802178
2.691624836448050e+03,2.686330718800991e+03,1.764705882352941e+00,34802184
2.695204075517239e+03,2.688246221386506e+03,1.764705882352941e+00,34802186
2.695204075517239e+03,2.687963347215360e+03,1.764705882352941e+00,34802185
2.696936419427452e+03,2.693472841674902e+03,5.882352941176471e-01,34802192
2.700032745214605e+03,2.688842868316916e+03,1.764705882352941e+00,34802187
2.700032745214605e+03,2.690213515748464e+03,1.764705882352941e+00,34802189
2.700032745214605e+03,2.691609939808254e+03,1.764705882352941e+00,34802190
2.701797451096958e+03,2.698662649919186e+03,5.882352941176471e-01,34802194
2.703562156979311e+03,2.700956970201931e+03,5.882352941176471e-01,34802197
2.705326862861664e+03,2.702357919623160e+03,5.882352941176471e-01,34802198
2.705513685703731e+03,2.699373237497562e+03,1.764705882352941e+00,34802195
2.705513685703731e+03,2.694092131598295e+03,1.764705882352941e+00,34802193
2.707216117305395e+03,2.704037890865125e+03,5.882352941176471e-01,34802199
2.707216117305395e+03,2.704269945159619e+03,5.882352941176471e-01,34802200
2.707216117305395e+03,2.705234711819802e+03,5.882352941176471e-01,34802201
2.711362006069875e+03,2.706973509947887e+03,1.176470588235294e+00,34802202
2.712537521901420e+03,2.710351076666326e+03,5.882352941176471e-01,34802206
2.713126711952228e+03,2.710800102968033e+03,5.882352941176470e-01,34802208
2.713126711952228e+03,2.707610156513053e+03,1.764705882352941e+00,34802203
2.714302227783773e+03,2.712533230619119e+03,5.882352941176471e-01,34802209
2.715424262859510e+03,2.708978031382648e+03,1.176470588235294e+00,34802205
2.717188968741863e+03,2.708055032097285e+03,1.764705882352941e+00,34802204
2.718530655380973e+03,2.713236537733915e+03,1.764705882352941e+00,34802210
2.722253919881169e+03,2.720489213998816e+03,5.882352941176471e-01,34802212
2.724984098509668e+03,2.719689980862609e+03,1.764705882352941e+00,34802211
2.725271621321539e+03,2.723506915439186e+03,5.882352941176471e-01,34802214
2.726056829130903e+03,2.720762711483844e+03,1.764705882352941e+00,34802213
2.726892565797956e+03,2.724016224876253e+03,5.882352941176471e-01,34802216
2.726892565797956e+03,2.723779301777168e+03,5.882352941176471e-01,34802215
2.728678078928369e+03,2.726913373046016e+03,5.882352941176471e-01,34802217
2.729731456622888e+03,2.727966750740535e+03,5.882352941176471e-01,34802218
2.732243532044758e+03,2.730478826162405e+03,5.882352941176471e-01,34802220
2.733517346169298e+03,2.731752640286945e+03,5.882352941176471e-01,34802221
2.734186121298082e+03,2.728892003651023e+03,1.764705882352941e+00,34802219
2.734820208056069e+03,2.733055502173716e+03,5.882352941176471e-01,34802222
2.735977177209450e+03,2.734212471327097e+03,5.882352941176471e-01,34802224
2.738811463816357e+03,2.733479164407787e+03,1.764705882352941e+00,34802223
2.739707577946910e+03,2.737942872064557e+03,5.882352941176471e-01,34802225
2.739744197254695e+03,2.737979491372342e+03,5.882352941176471e-01,34802226
2.745946391855822e+03,2.740652274208763e+03,1.764705882352941e+00,34802227
2.746270868346790e+03,2.740976750699731e+03,1.764705882352941e+00,34802228
2.747295836506051e+03,2.744864212343317e+03,5.882352941176471e-01,34802231
2.748035574229143e+03,2.746224952787193e+03,5.882352941176471e-01,34802232
2.749060542388404e+03,2.744338686560811e+03,1.176470588235294e+00,34802230
2.750825248270757e+03,2.743351163509221e+03,1.764705882352941e+00,34802229
2.752052934066533e+03,2.750288228184180e+03,5.882352941176471e-01,34802234
2.752950409084199e+03,2.749420997319493e+03,1.176470588235294e+00,34802233
2.754938063873556e+03,2.753173357991203e+03,5.882352941176471e-01,34802236
2.757400160467559e+03,2.752106042820500e+03,1.764705882352941e+00,34802235
2.759080306727008e+03,2.757315600844655e+03,5.882352941176471e-01,34802239
2.760901820145540e+03,2.755523142875578e+03,1.764705882352941e+00,34802237
2.761428567001709e+03,2.759663861119356e+03,5.882352941176471e-01,34802240
2.762170512379420e+03,2.756876394732361e+03,1.764705882352941e+00,34802238
2.762929899455977e+03,2.760406905250113e+03,5.882352941176471e-01,34802242
2.762929899455977e+03,2.760224480912240e+03,5.882352941176471e-01,34802241
2.766116924809653e+03,2.764352218927300e+03,5.882352941176471e-01,34802243
2.767530530795579e+03,2.765765824913227e+03,5.882352941176471e-01,34802244
2.768083237009557e+03,2.766318531127204e+03,5.882352941176471e-01,34802246
2.769402373577274e+03,2.767637667694921e+03,5.882352941176471e-01,34802247
2.769761967866144e+03,2.766047823177470e+03,1.176470588235294e+00,34802245
2.771860193348908e+03,2.770095487466555e+03,5.882352941176471e-01,34802250
2.772931785341980e+03,2.770626911867705e+03,5.882352941176471e-01,34802251
2.773192621732647e+03,2.767898504085588e+03,1.764705882352941e+00,34802248
2.773624899231261e+03,2.771215165769301e+03,5.882352941176471e-01,34802252
2.774696491224333e+03,2.768294376150589e+03,1.176470588235294e+00,34802249
2.775153278473757e+03,2.773388572591404e+03,5.882352941176471e-01,34802253
2.776801812089022e+03,2.775037106206669e+03,5.882352941176471e-01,34802255
2.777166590720468e+03,2.773637178955762e+03,1.176470588235294e+00,34802254
2.777291761513386e+03,2.775527055631033e+03,5.882352941176471e-01,34802256
2.781775515795994e+03,2.779951520444124e+03,5.882352941176471e-01,34802260
2.782095929736081e+03,2.775658696391887e+03,1.764705882352941e+00,34802257
2.784905121587186e+03,2.779211197966614e+03,1.764705882352941e+00,34802259
2.784905121587186e+03,2.778246104031288e+03,1.764705882352941e+00,34802258
2.786669827469539e+03,2.783245088736133e+03,5.882352941176471e-01,34802262
2.787337075826811e+03,2.785572369944459e+03,5.882352941176471e-01,34802263
2.788454930284150e+03,2.783160812637091e+03,1.764705882352941e+00,34802261
2.789101781709164e+03,2.787220139026451e+03,5.882352941176471e-01,34802266
2.790214536933439e+03,2.788142362307173e+03,5.882352941176471e-01,34802267
2.791979242815792e+03,2.790021019303687e+03,5.882352941176471e-01,34802272
2.792268024086118e+03,2.786205071620178e+03,1.176470588235294e+00,34802264
2.793475286463430e+03,2.790792099474092e+03,5.882352941176471e-01,34802273
2.793808139090862e+03,2.791826214544349e+03,5.882352941176471e-01,34802276
2.797004698228136e+03,2.788578826100312e+03,1.764705882352941e+00,34802269
2.797562141733177e+03,2.792107623601226e+03,1.764705882352941e+00,34802278
2.798769404110489e+03,2.796222675750609e+03,5.882352941176471e-01,34802280
2.799102256737921e+03,2.793703232220670e+03,1.764705882352941e+00,34802279
2.800595298957144e+03,2.798830593074791e+03,5.882352941176471e-01,34802282
2.801909671889039e+03,2.800144966006686e+03,5.882352941176471e-01,34802283
2.802856259380236e+03,2.797265712331935e+03,1.764705882352941e+00,34802281
2.802901147135226e+03,2.801136441252873e+03,5.882352941176471e-01,34802284
2.806520285264396e+03,2.804755579382043e+03,5.882352941176471e-01,34802285
2.806833038168040e+03,2.805068332285687e+03,5.882352941176471e-01,34802286
2.807522667534476e+03,2.805757961652123e+03,5.882352941176471e-01,34802287
2.808284991146749e+03,2.806445626133522e+03,5.882352941176471e-01,34802288
2.808597744050392e+03,2.806692370149440e+03,5.882352941176471e-01,34802289
2.809287373416829e+03,2.807381485209980e+03,5.882352941176471e-01,34802290
2.813579108793808e+03,2.807997237944722e+03,1.764705882352941e+00,34802291
2.815820952650365e+03,2.814056246768012e+03,5.882352941176471e-01,34802292
2.817459318930439e+03,2.815694613048086e+03,5.882352941176471e-01,34802293
2.817710671433097e+03,2.815945965550744e+03,5.882352941176471e-01,34802294
2.821717222540958e+03,2.818187810776252e+03,1.176470588235294e+00,34802296
2.822597822317602e+03,2.817303704670543e+03,1.764705882352941e+00,34802295
2.823946690187622e+03,2.822181984305269e+03,5.882352941176471e-01,34802298
2.824602838076192e+03,2.819308720429133e+03,1.764705882352941e+00,34802297
2.826029504550066e+03,2.824264798667713e+03,5.882352941176471e-01,34802300
2.827400400061173e+03,2.825635694178820e+03,5.882352941176471e-01,34802301
2.829267601819565e+03,2.826156134617174e+03,5.882352941176471e-01,34802303
2.829512877796437e+03,2.824029941530211e+03,1.764705882352941e+00,34802299
2.833129052979790e+03,2.825840685930899e+03,1.176470588235294e+00,34802302
2.833129052979790e+03,2.826877652800867e+03,1.176470588235294e+00,34802304
2.834893758862143e+03,2.832831730002603e+03,5.882352941176470e-01,34802309
2.834893758862143e+03,2.827779309972484e+03,1.764705882352941e+00,34802305
2.836658464744496e+03,2.833144535131880e+03,5.882352941176471e-01,34802310
2.838423170626849e+03,2.831739768202280e+03,1.764705882352941e+00,34802308
2.840387979401729e+03,2.835293964647197e+03,1.176470588235294e+00,34802311
2.842152685284082e+03,2.835857209096808e+03,1.764705882352941e+00,34802312
2.843870384088097e+03,2.840752220339222e+03,5.882352941176471e-01,34802317
2.843899924916855e+03,2.836703277986822e+03,1.764705882352941e+00,34802314
2.845654783856289e+03,2.843261007884495e+03,5.882352941176471e-01,34802322
2.845682097048788e+03,2.840222809008362e+03,1.764705882352941e+00,34802316
2.847428594136141e+03,2.844319383115054e+03,5.882352941176471e-01,34802325
2.847428594136141e+03,2.844977924854416e+03,5.882352941176471e-01,34802326
2.847428594136141e+03,2.845318998430907e+03,5.882352941176471e-01,34802327
2.849553451306808e+03,2.847788745424455e+03,5.882352941176471e-01,34802329
2.850958005900847e+03,2.843583085648363e+03,1.764705882352941e+00,34802323
2.851369994598679e+03,2.849605288716326e+03,5.882352941176471e-01,34802331
2.852722711783200e+03,2.849926652442337e+03,5.882352941176471e-01,34802333
2.852722711783200e+03,2.849806807368693e+03,5.882352941176471e-01,34802332
2.854341375621353e+03,2.847282277659923e+03,1.176470588235294e+00,34802328
2.854487417665553e+03,2.852198269394233e+03,5.882352941176471e-01,34802335
2.855549846250886e+03,2.848628970100261e+03,1.176470588235294e+00,34802330
2.856450267309382e+03,2.854685561427029e+03,5.882352941176471e-01,34802336
2.857314552133239e+03,2.851464199233361e+03,1.764705882352941e+00,34802334
2.859556166139513e+03,2.857791460257161e+03,5.882352941176471e-01,34802337
2.861758216072272e+03,2.859993510189919e+03,5.882352941176471e-01,34802338
2.864135732120337e+03,2.862371026237984e+03,5.882352941176471e-01,34802341
2.864497509809287e+03,2.860968098044581e+03,1.176470588235294e+00,34802339
2.865900438002690e+03,2.863422699693860e+03,5.882352941176471e-01,34802342
2.866629169766747e+03,2.861335052119688e+03,1.764705882352941e+00,34802340
2.866677457783882e+03,2.864912751901529e+03,5.882352941176471e-01,34802343
2.868418019657667e+03,2.866409210457780e+03,5.882352941176471e-01,34802345
2.870182725540020e+03,2.866419227671031e+03,1.176470588235294e+00,34802346
2.871194555649748e+03,2.865460015103741e+03,1.764705882352941e+00,34802344
2.872383034342296e+03,2.870618328459943e+03,5.882352941176471e-01,34802348
2.873813485937174e+03,2.872048780054821e+03,5.882352941176471e-01,34802349
2.873874830040044e+03,2.868580712392985e+03,1.764705882352941e+00,34802347
2.875341445175470e+03,2.873576739293117e+03,5.882352941176471e-01,34802350
2.878334307102578e+03,2.876569601220225e+03,5.882352941176471e-01,34802351
2.878425100554664e+03,2.876660394672311e+03,5.882352941176471e-01,34802352
2.878460374908381e+03,2.876695669026028e+03,5.882352941176471e-01,34802353
2.880144409710974e+03,2.876896477507003e+03,5.882352941176471e-01,34802354
2.883673821475680e+03,2.879886405138586e+03,1.176470588235294e+00,34802357
2.883673821475680e+03,2.878332035201445e+03,1.764705882352941e+00,34802355
2.884890866985348e+03,2.879596749338290e+03,1.764705882352941e+00,34802356
2.885586364164476e+03,2.883821658282123e+03,5.882352941176471e-01,34802359
2.888967939122739e+03,2.882735449669069e+03,1.764705882352941e+00,34802358
2.891147773093454e+03,2.889383067211101e+03,5.882352941176471e-01,34802360
2.891339580953326e+03,2.889574875070973e+03,5.882352941176471e-01,34802361
2.892548698182443e+03,2.890783992300090e+03,5.882352941176471e-01,34802362
2.892912478975807e+03,2.890786795911318e+03,5.882352941176471e-01,34802363
2.893438085547815e+03,2.891673379665462e+03,5.882352941176471e-01,34802364
2.898918160617444e+03,2.897153454735091e+03,5.882352941176471e-01,34802366
2.901176474363506e+03,2.895882356716447e+03,1.764705882352941e+00,34802365
2.902897249870815e+03,2.899367838106109e+03,1.176470588235294e+00,34802367
2.904681732146393e+03,2.899387614499334e+03,1.764705882352941e+00,34802368
2.906638798746788e+03,2.904874092864435e+03,5.882352941176471e-01,34802372
2.907277627353960e+03,2.901983509706901e+03,1.764705882352941e+00,34802369
2.908201255714486e+03,2.902060549068896e+03,1.764705882352941e+00,34802370
2.908403504629141e+03,2.905446159672867e+03,5.882352941176471e-01,34802373
2.909259227343296e+03,2.906762985996442e+03,5.882352941176471e-01,34802374
2.909965961596839e+03,2.907711415567926e+03,5.882352941176471e-01,34802376
2.910168210511494e+03,2.908354866821953e+03,5.882352941176471e-01,34802377
2.911036298700964e+03,2.909271592818611e+03,5.882352941176471e-01,34802378
2.915601448837246e+03,2.909580488941087e+03,1.764705882352941e+00,34802379
2.916812196226428e+03,2.913978908100695e+03,5.882352941176471e-01,34802384
2.917246032151589e+03,2.910599078012497e+03,1.764705882352941e+00,34802381
2.917825383897396e+03,2.915288380283277e+03,5.882352941176471e-01,34802387
2.918705260637006e+03,2.916519907192840e+03,5.882352941176471e-01,34802389
2.919010738033942e+03,2.917068913282878e+03,5.882352941176471e-01,34802391
2.920775443916295e+03,2.919005124858663e+03,5.882352941176471e-01,34802393
2.922125640256171e+03,2.912312282208561e+03,1.764705882352941e+00,34802383
2.923228533689996e+03,2.917934416042937e+03,1.764705882352941e+00,34802392
2.925963606200816e+03,2.921061822558529e+03,1.176470588235294e+00,34802396
2.927728312083168e+03,2.919958760759311e+03,1.764705882352941e+00,34802394
2.928795011950662e+03,2.922214754500597e+03,1.764705882352941e+00,34802399
2.929675229463653e+03,2.927069969111764e+03,5.882352941176471e-01,34802403
2.930108742519384e+03,2.928001629330366e+03,5.882352941176471e-01,34802406
2.931656691873872e+03,2.928865358191844e+03,5.882352941176471e-01,34802409
2.934637616618149e+03,2.928426411257147e+03,1.764705882352941e+00,34802408
2.934637616618149e+03,2.925537960799563e+03,1.764705882352941e+00,34802401
2.935186103638578e+03,2.929334939906567e+03,1.764705882352941e+00,34802410
2.938713878392333e+03,2.935317782897110e+03,5.882352941176471e-01,34802416
2.938713878392333e+03,2.935328341585678e+03,5.882352941176471e-01,34802417
2.938713878392333e+03,2.935442065023117e+03,5.882352941176471e-01,34802418
2.942961942040728e+03,2.932085396492023e+03,1.764705882352941e+00,34802411
2.944007996039392e+03,2.939791856217867e+03,1.176470588235294e+00,34802422
2.944367321981237e+03,2.937602445901645e+03,1.764705882352941e+00,34802420
2.948934253509741e+03,2.947169547627388e+03,5.882352941176471e-01,34802425
2.950793629163161e+03,2.949028923280808e+03,5.882352941176471e-01,34802426
2.951298484831637e+03,2.946004367184578e+03,1.764705882352941e+00,34802423
2.951474943176672e+03,2.946180825529613e+03,1.764705882352941e+00,34802424
2.953973904156147e+03,2.952209198273794e+03,5.882352941176471e-01,34802428
2.956682757983896e+03,2.951388640336837e+03,1.764705882352941e+00,34802427
2.958056665247614e+03,2.956291959365261e+03,5.882352941176471e-01,34802430
2.959634988330223e+03,2.957870282447870e+03,5.882352941176471e-01,34802431
2.961021067964485e+03,2.955726950317427e+03,1.764705882352941e+00,34802429
2.963622750228229e+03,2.961858044345877e+03,5.882352941176471e-01,34802432
2.964440653211100e+03,2.962675947328747e+03,5.882352941176471e-01,34802433
2.964786708485121e+03,2.963022002602768e+03,5.882352941176471e-01,34802434
2.968331329766649e+03,2.966566623884297e+03,5.882352941176471e-01,34802437
2.968351557078107e+03,2.964822145313401e+03,1.176470588235294e+00,34802435
2.969453527356741e+03,2.966882580440294e+03,5.882352941176471e-01,34802438
2.970096035649002e+03,2.965924115592035e+03,1.176470588235294e+00,34802436
2.975068138384675e+03,2.969774020737616e+03,1.764705882352941e+00,34802439
2.981908217228544e+03,2.976614099581485e+03,1.764705882352941e+00,34802440
2.982812781409816e+03,2.977518663762758e+03,1.764705882352941e+00,34802441
2.983336584953291e+03,2.978042467306232e+03,1.764705882352941e+00,34802442
2.984137455747485e+03,2.982372749865132e+03,5.882352941176471e-01,34802443
2.985101290835644e+03,2.982984267194823e+03,5.882352941176471e-01,34802445
2.985902161629838e+03,2.983389836480555e+03,5.882352941176471e-01,34802446
2.987363287378445e+03,2.985598581496092e+03,5.882352941176471e-01,34802447
2.988106899056875e+03,2.982403371664998e+03,1.764705882352941e+00,34802444
2.989127993260798e+03,2.986349088000901e+03,5.882352941176471e-01,34802449
2.989672459018931e+03,2.987415979083784e+03,5.882352941176471e-01,34802450
2.989871604939228e+03,2.986143047254225e+03,1.176470588235294e+00,34802448
2.995112725504461e+03,2.993348019622108e+03,5.882352941176471e-01,34802453
2.995876584275760e+03,2.993555308471101e+03,5.882352941176471e-01,34802454
2.996012276611169e+03,2.990718158964110e+03,1.764705882352941e+00,34802451
2.997709136325818e+03,2.995682057411485e+03,5.882352941176471e-01,34802456
2.998642137269167e+03,2.992211480175646e+03,1.764705882352941e+00,34802452
2.999473842208170e+03,2.995858582906737e+03,1.176470588235294e+00,34802457
2.999473842208170e+03,2.997497172618867e+03,5.882352941176471e-01,34802458
3.001694541461711e+03,2.999929835579358e+03,5.882352941176471e-01,34802460
3.001708010225452e+03,2.999943304343099e+03,5.882352941176471e-01,34802461
3.003465981725935e+03,3.000749443703541e+03,5.882352941176471e-01,34802465
3.004697671446264e+03,3.001773754858577e+03,5.882352941176471e-01,34802467
3.005421924823705e+03,3.003657218941353e+03,5.882352941176471e-01,34802469
3.006528742888796e+03,3.000142113093938e+03,1.176470588235294e+00,34802462
3.006528742888796e+03,2.998025197773538e+03,1.176470588235294e+00,34802459
3.007186630706058e+03,3.005088005342219e+03,5.882352941176471e-01,34802470
3.009089686136914e+03,3.007324980254561e+03,5.882352941176471e-01,34802473
3.010058154653502e+03,3.007534201780059e+03,5.882352941176471e-01,34802474
3.010854392019267e+03,3.008369346254430e+03,5.882352941176471e-01,34802476
3.013449216869705e+03,3.001978828328285e+03,1.764705882352941e+00,34802468
3.014118391328718e+03,3.006140485146228e+03,1.764705882352941e+00,34802472
3.014118391328718e+03,3.005605186485184e+03,1.764705882352941e+00,34802471
3.015660039058066e+03,3.011361512202893e+03,5.882352941176471e-01,34802477
3.015660039058066e+03,3.012407074169444e+03,5.882352941176471e-01,34802478
3.015660039058066e+03,3.012776995726685e+03,5.882352941176471e-01,34802479
3.017424744940419e+03,3.014974452746117e+03,5.882352941176471e-01,34802481
3.017424744940419e+03,3.014324603002333e+03,5.882352941176471e-01,34802480
3.019227172486193e+03,3.015697760721487e+03,1.176470588235294e+00,34802482
3.022525101458440e+03,3.020760395576087e+03,5.882352941176471e-01,34802484
3.023500619207331e+03,3.021735913324978e+03,5.882352941176471e-01,34802485
3.024103945761612e+03,3.022129054426379e+03,5.882352941176471e-01,34802486
3.027030030972037e+03,3.020574533996907e+03,1.764705882352941e+00,34802483
3.027832185035079e+03,3.026067479152726e+03,5.882352941176471e-01,34802490
3.029784580512674e+03,3.027294904986453e+03,5.882352941176471e-01,34802491
3.029972270107917e+03,3.023689120640699e+03,1.764705882352941e+00,34802488
3.029972270107917e+03,3.022350647158449e+03,1.764705882352941e+00,34802487
3.031549286395027e+03,3.029510591952155e+03,5.882352941176471e-01,34802493
3.031736975990270e+03,3.024151341801928e+03,1.176470588235294e+00,34802489
3.033783199668220e+03,3.032018493785867e+03,5.882352941176471e-01,34802494
3.038993551529849e+03,3.033699433882790e+03,1.764705882352941e+00,34802495
3.040543083570235e+03,3.036720075027971e+03,1.176470588235294e+00,34802496
3.042014192675030e+03,3.039843003673141e+03,5.882352941176471e-01,34802499
3.042307789452588e+03,3.036798497963562e+03,1.764705882352941e+00,34802497
3.044072495334941e+03,3.038301561350198e+03,1.764705882352941e+00,34802498
3.045916483760251e+03,3.044151777877898e+03,5.882352941176471e-01,34802501
3.046457596052261e+03,3.044692890169908e+03,5.882352941176471e-01,34802502
3.047308310322089e+03,3.041086650923138e+03,1.764705882352941e+00,34802500
3.048087023861612e+03,3.045358365978765e+03,5.882352941176471e-01,34802504
3.048087023861612e+03,3.045130514459403e+03,5.882352941176471e-01,34802503
3.051591806511671e+03,3.049827100629318e+03,5.882352941176471e-01,34802508
3.052482944387064e+03,3.050718238504711e+03,5.882352941176471e-01,34802509
3.053007528279393e+03,3.047713410632335e+03,1.764705882352941e+00,34802507
3.053992607002727e+03,3.052227901120374e+03,5.882352941176471e-01,34802510
3.054247650269417e+03,3.052443323718489e+03,5.882352941176471e-01,34802511
3.054772234161746e+03,3.053005066784631e+03,5.882352941176471e-01,34802512
3.059286724649786e+03,3.053230268320043e+03,1.764705882352941e+00,34802513
3.061548920456761e+03,3.058019508692055e+03,1.176470588235294e+00,34802514
3.062733619462408e+03,3.060968913580055e+03,5.882352941176471e-01,34802516
3.065239598298707e+03,3.059945480651648e+03,1.764705882352941e+00,34802515
3.065283318612815e+03,3.061753906848109e+03,1.176470588235294e+00,34802517
3.066930176885665e+03,3.064174055186602e+03,5.882352941176471e-01,34802524
3.066930176885665e+03,3.063899944553964e+03,5.882352941176471e-01,34802523
3.068694882768018e+03,3.066812982055333e+03,5.882352941176471e-01,34802526
3.068812730377521e+03,3.061899621517022e+03,1.764705882352941e+00,34802518
3.072224294532724e+03,3.066315122376577e+03,1.764705882352941e+00,34802525
3.073989000415077e+03,3.071967797466863e+03,5.882352941176471e-01,34802531
3.075329166923097e+03,3.073361739128525e+03,5.882352941176471e-01,34802533
3.075881615292297e+03,3.069867006967565e+03,1.176470588235294e+00,34802527
3.077370096990050e+03,3.071266400223212e+03,1.176470588235294e+00,34802529
3.077646321174649e+03,3.070715406640104e+03,1.764705882352941e+00,34802528
3.079134802872402e+03,3.072730608506113e+03,1.764705882352941e+00,34802532
3.079272914964702e+03,3.077293291502626e+03,5.882352941176471e-01,34802535
3.079272914964702e+03,3.076354942303173e+03,5.882352941176471e-01,34802534
3.080968564800905e+03,3.078978824899553e+03,5.882352941176471e-01,34802537
3.080968564800905e+03,3.078554879560152e+03,5.882352941176471e-01,34802536
3.082367083932394e+03,3.080602378050041e+03,5.882352941176471e-01,34802538
3.088362851248221e+03,3.084833439483515e+03,1.176470588235294e+00,34802539
3.090022291883051e+03,3.086492880118345e+03,1.176470588235294e+00,34802540
3.090594709830929e+03,3.088830003948576e+03,5.882352941176471e-01,34802541
3.094368222429405e+03,3.092603516547052e+03,5.882352941176471e-01,34802544
3.096167079860552e+03,3.094402373978199e+03,5.882352941176471e-01,34802546
3.097468708048201e+03,3.092174590401142e+03,1.764705882352941e+00,34802542
3.097892452510042e+03,3.094934139575974e+03,5.882352941176471e-01,34802548
3.097892452510042e+03,3.094679710815753e+03,5.882352941176471e-01,34802547
3.101841148071541e+03,3.098030774885896e+03,5.882352941176471e-01,34802556
3.101841148071541e+03,3.098143458973061e+03,5.882352941176471e-01,34802557
3.101841148071541e+03,3.098218604920634e+03,5.882352941176471e-01,34802558
3.105291290304186e+03,3.092356550715402e+03,1.764705882352941e+00,34802543
3.105469068899481e+03,3.102967697016537e+03,5.882352941176471e-01,34802565
3.105469068899481e+03,3.102742889704059e+03,5.882352941176471e-01,34802564
3.108291726306539e+03,3.094166374581022e+03,1.176470588235294e+00,34802545
3.108291726306539e+03,3.096748112842590e+03,1.176470588235294e+00,34802553
3.110056432188892e+03,3.108208032110696e+03,5.882352941176470e-01,34802568
3.110056432188892e+03,3.096911336444403e+03,1.764705882352941e+00,34802554
3.111821138071245e+03,3.109024665365765e+03,5.882352941176470e-01,34802570
3.111821138071245e+03,3.103901381143598e+03,1.764705882352941e+00,34802567
3.113585843953598e+03,3.111021462740208e+03,5.882352941176471e-01,34802573
3.117115255718304e+03,3.114870568623902e+03,5.882352941176471e-01,34802576
3.117543497275072e+03,3.110648441846856e+03,1.764705882352941e+00,34802572
3.117543497275072e+03,3.108643734153562e+03,1.764705882352941e+00,34802569
3.118879961600657e+03,3.115866652711601e+03,5.882352941176471e-01,34802577
3.119834096017014e+03,3.118069390134661e+03,5.882352941176471e-01,34802578
3.121072909039778e+03,3.113298067178585e+03,1.764705882352941e+00,34802575
3.121618524653188e+03,3.119853818770835e+03,5.882352941176471e-01,34802579
3.124025135263357e+03,3.122260429381004e+03,5.882352941176471e-01,34802581
3.125220435079640e+03,3.119926317432581e+03,1.764705882352941e+00,34802580
3.126129956835324e+03,3.124365250952971e+03,5.882352941176471e-01,34802583
3.126985140961993e+03,3.124737097004380e+03,5.882352941176471e-01,34802584
3.129380870702794e+03,3.124086753055735e+03,1.764705882352941e+00,34802582
3.130335171021714e+03,3.127880361675827e+03,5.882352941176471e-01,34802587
3.132806683430337e+03,3.127408966746115e+03,1.764705882352941e+00,34802586
3.132806683430337e+03,3.126805759257008e+03,1.764705882352941e+00,34802585
3.133864582786420e+03,3.131932007237474e+03,5.882352941176471e-01,34802589
3.134571389312690e+03,3.132294605873363e+03,5.882352941176471e-01,34802590
3.135629288668773e+03,3.132975265066386e+03,5.882352941176471e-01,34802591
3.136336095195043e+03,3.129891236940365e+03,1.764705882352941e+00,34802588
3.138100801077396e+03,3.135866551796692e+03,5.882352941176471e-01,34802595
3.139158700433478e+03,3.137168531337785e+03,5.882352941176471e-01,34802596
3.140000534778486e+03,3.134115264102819e+03,1.764705882352941e+00,34802592
3.141630212842101e+03,3.139665904271112e+03,5.882352941176471e-01,34802600
3.142941714117001e+03,3.140552325221272e+03,5.882352941176471e-01,34802602
3.145249643152632e+03,3.137554210770387e+03,1.764705882352941e+00,34802597
3.145249643152632e+03,3.134841444950165e+03,1.764705882352941e+00,34802594
3.146471125881707e+03,3.139872228847373e+03,1.764705882352941e+00,34802601
3.147014349034985e+03,3.144360316458951e+03,5.882352941176471e-01,34802604
3.148507443340699e+03,3.145480773068093e+03,5.882352941176471e-01,34802606
3.148507443340699e+03,3.145461355880480e+03,5.882352941176471e-01,34802605
3.148779054917338e+03,3.143213165674306e+03,1.176470588235294e+00,34802603
3.150272149223052e+03,3.147882707414563e+03,5.882352941176471e-01,34802608
3.152411722547139e+03,3.150647016664786e+03,5.882352941176471e-01,34802610
3.153801560987758e+03,3.147412212540894e+03,1.764705882352941e+00,34802607
3.154073172564397e+03,3.148552552791381e+03,1.764705882352941e+00,34802609
3.154176428429492e+03,3.151663663655747e+03,5.882352941176471e-01,34802611
3.155702072658430e+03,3.153223983428333e+03,5.882352941176471e-01,34802612
3.158449674071108e+03,3.156684968188755e+03,5.882352941176471e-01,34802616
3.159231484423136e+03,3.153309561079909e+03,1.764705882352941e+00,34802613
3.160214379953461e+03,3.158286953663003e+03,5.882352941176471e-01,34802617
3.160990114303283e+03,3.154914186304196e+03,1.764705882352941e+00,34802614
3.160996190305489e+03,3.159095955175247e+03,5.882352941176471e-01,34802618
3.162754820185636e+03,3.160860119561213e+03,5.882352941176471e-01,34802619
3.163743791718167e+03,3.155671145883699e+03,1.764705882352941e+00,34802615
3.164856319148166e+03,3.163091613265813e+03,5.882352941176471e-01,34802620
3.166521026938406e+03,3.164756321056053e+03,5.882352941176471e-01,34802622
3.170047150829880e+03,3.164753033182821e+03,1.764705882352941e+00,34802621
3.170262446559189e+03,3.166733034794483e+03,1.176470588235294e+00,34802623
3.171835655031703e+03,3.169004972062918e+03,5.882352941176471e-01,34802625
3.172027152441542e+03,3.170094747468820e+03,5.882352941176471e-01,34802627
3.172273369051078e+03,3.170442625284962e+03,5.882352941176471e-01,34802628
3.173696109618975e+03,3.170930206221112e+03,5.882352941176471e-01,34802630
3.175460815501328e+03,3.173454921702534e+03,5.882352941176471e-01,34802631
3.175460815501328e+03,3.173505384445983e+03,5.882352941176471e-01,34802632
3.175802780815784e+03,3.168743957286372e+03,1.764705882352941e+00,34802624
3.177639489483774e+03,3.175874783601422e+03,5.882352941176471e-01,34802634
3.178990227266034e+03,3.170847312246891e+03,1.764705882352941e+00,34802629
3.179197211316081e+03,3.176722647397954e+03,5.882352941176471e-01,34802636
3.179197211316081e+03,3.176570584280595e+03,5.882352941176471e-01,34802635
3.180754933148387e+03,3.177998439986021e+03,5.882352941176471e-01,34802637
3.181188712330634e+03,3.179424006448281e+03,5.882352941176471e-01,34802638
3.182726623080787e+03,3.174257819343657e+03,1.764705882352941e+00,34802633
3.183652686317408e+03,3.181887980435055e+03,5.882352941176471e-01,34802643
3.184439582950628e+03,3.182496882344011e+03,5.882352941176471e-01,34802644
3.185417392199761e+03,3.183215886245545e+03,5.882352941176471e-01,34802645
3.186204288832981e+03,3.184254706398919e+03,5.882352941176471e-01,34802646
3.186256034845492e+03,3.179542573367116e+03,1.764705882352941e+00,34802639
3.187182098082114e+03,3.185397500075575e+03,5.882352941176471e-01,34802647
3.188273762618335e+03,3.186509056735982e+03,5.882352941176471e-01,34802648
3.188281667980345e+03,3.186516962097992e+03,5.882352941176471e-01,34802649
3.191447907546019e+03,3.189683201663666e+03,5.882352941176471e-01,34802650
3.191835268655716e+03,3.190070562773363e+03,5.882352941176471e-01,34802651
3.192484811554011e+03,3.190720105671658e+03,5.882352941176471e-01,34802652
3.193212613428372e+03,3.191279531127646e+03,5.882352941176471e-01,34802653
3.197411313355058e+03,3.195646607472705e+03,5.882352941176471e-01,34802655
3.197669937762789e+03,3.195905231880436e+03,5.882352941176471e-01,34802656
3.198647756727729e+03,3.196129185834479e+03,5.882352941176471e-01,34802657
3.201070037323629e+03,3.198658185881779e+03,5.882352941176471e-01,34802660
3.201199349527495e+03,3.195118344963023e+03,1.764705882352941e+00,34802654
3.202505955849209e+03,3.198394484634539e+03,1.176470588235294e+00,34802659
3.204270661731561e+03,3.197278954481340e+03,1.764705882352941e+00,34802658
3.207375104289633e+03,3.202080986642575e+03,1.764705882352941e+00,34802662
3.207834818950188e+03,3.204305407185482e+03,1.176470588235294e+00,34802663
3.211578583649386e+03,3.209813877767033e+03,5.882352941176471e-01,34802664
3.212363720042930e+03,3.210599014160577e+03,5.882352941176471e-01,34802665
3.213553404217317e+03,3.211788698334964e+03,5.882352941176471e-01,34802666
3.213645404646568e+03,3.211880698764215e+03,5.882352941176471e-01,34802667
3.214838122120845e+03,3.213073416238492e+03,5.882352941176471e-01,34802668
3.220149030500185e+03,3.218384324617832e+03,5.882352941176471e-01,34802671
3.221576735425200e+03,3.216282617778142e+03,1.764705882352941e+00,34802669
3.222025244262318e+03,3.218905892040713e+03,5.882352941176471e-01,34802672
3.222136752142097e+03,3.216842634495038e+03,1.764705882352941e+00,34802670
3.224572525914175e+03,3.222807820031822e+03,5.882352941176471e-01,34802674
3.224981813918368e+03,3.223217108036015e+03,5.882352941176471e-01,34802675
3.226337231796528e+03,3.224307246926583e+03,5.882352941176471e-01,34802677
3.226746519800721e+03,3.224669664487746e+03,5.882352941176471e-01,34802678
3.226791796101978e+03,3.225000947851451e+03,5.882352941176471e-01,34802679
3.228101937678881e+03,3.225949668799930e+03,5.882352941176471e-01,34802680
3.230275931565427e+03,3.223262384337272e+03,1.764705882352941e+00,34802676
3.230560468269697e+03,3.227031056504991e+03,1.176470588235294e+00,34802681
3.231938315446731e+03,3.229528795307892e+03,5.882352941176471e-01,34802685
3.232325174152050e+03,3.227226684834049e+03,1.176470588235294e+00,34802682
3.235467727211437e+03,3.229168497593174e+03,1.764705882352941e+00,34802684
3.237232433093790e+03,3.231052946039794e+03,1.764705882352941e+00,34802686
3.238165517577195e+03,3.236064002745261e+03,5.882352941176471e-01,34802689
3.238997138976143e+03,3.232871399930136e+03,1.764705882352941e+00,34802687
3.239280133494526e+03,3.236424741655952e+03,5.882352941176471e-01,34802690
3.239930223459548e+03,3.237798422130556e+03,5.882352941176471e-01,34802692
3.240761844858496e+03,3.234041744260341e+03,1.176470588235294e+00,34802688
3.241909091129816e+03,3.240144385247463e+03,5.882352941176471e-01,34802693
3.242176390981355e+03,3.240411685099002e+03,5.882352941176471e-01,34802694
3.248620876742264e+03,3.246856170859911e+03,5.882352941176471e-01,34802695
3.248715986416622e+03,3.246951280534269e+03,5.882352941176471e-01,34802696
3.249967791424262e+03,3.248203085541909e+03,5.882352941176471e-01,34802697
3.250643891477695e+03,3.248879185595342e+03,5.882352941176471e-01,34802698
3.254044002736968e+03,3.252279296854615e+03,5.882352941176471e-01,34802701
3.254180862674201e+03,3.248886745027142e+03,1.764705882352941e+00,34802699
3.254751524743035e+03,3.251222112978329e+03,1.176470588235294e+00,34802700
3.257573414501674e+03,3.253831078826299e+03,1.176470588235294e+00,34802702
3.259338120384027e+03,3.257458656340106e+03,5.882352941176471e-01,34802705
3.261277664992686e+03,3.258433861359544e+03,5.882352941176471e-01,34802706
3.261484490414919e+03,3.256190372767860e+03,1.764705882352941e+00,34802703
3.261540821100245e+03,3.256246703453186e+03,1.764705882352941e+00,34802704
3.263197489941713e+03,3.259936044313938e+03,5.882352941176471e-01,34802709
3.263197489941713e+03,3.259687797836638e+03,5.882352941176471e-01,34802708
3.264962195824066e+03,3.262868852788962e+03,5.882352941176471e-01,34802714
3.264962195824066e+03,3.262805559452897e+03,5.882352941176471e-01,34802713
3.266726901706419e+03,3.264928119246257e+03,5.882352941176471e-01,34802717
3.266726901706419e+03,3.264697884141837e+03,5.882352941176471e-01,34802716
3.268215938033997e+03,3.262646150832162e+03,1.176470588235294e+00,34802712
3.269980643916350e+03,3.263970227498703e+03,1.764705882352941e+00,34802715
3.270222741900196e+03,3.268458036017843e+03,5.882352941176471e-01,34802718
3.273631104672979e+03,3.269523661252143e+03,1.176470588235294e+00,34802720
3.273631104672979e+03,3.269813251210435e+03,1.176470588235294e+00,34802721
3.274244369763800e+03,3.268950252116741e+03,1.764705882352941e+00,34802719
3.275600232252272e+03,3.272410388613281e+03,5.882352941176471e-01,34802722
3.275600232252272e+03,3.272566815930724e+03,5.882352941176471e-01,34802723
3.275600232252272e+03,3.272633943395111e+03,5.882352941176471e-01,34802724
3.278500997399724e+03,3.276736291517371e+03,5.882352941176471e-01,34802725
3.283826303747502e+03,3.282061597865149e+03,5.882352941176471e-01,34802727
3.286413999209357e+03,3.284649293327004e+03,5.882352941176471e-01,34802730
3.286889634704245e+03,3.281595517057186e+03,1.764705882352941e+00,34802726
3.288095392192267e+03,3.285038403551995e+03,5.882352941176471e-01,34802731
3.289926542818210e+03,3.287207582132305e+03,5.882352941176471e-01,34802736
3.289926542818210e+03,3.287338939719110e+03,5.882352941176471e-01,34802737
3.290402346372663e+03,3.282867887348364e+03,1.764705882352941e+00,34802728
3.291691248700563e+03,3.288294726423036e+03,5.882352941176471e-01,34802739
3.293489046666629e+03,3.291472296317914e+03,5.882352941176471e-01,34802742
3.294054195501442e+03,3.284232728829791e+03,1.764705882352941e+00,34802729
3.295253752548981e+03,3.293080169166387e+03,5.882352941176471e-01,34802743
3.297790247024116e+03,3.289992726985636e+03,1.764705882352941e+00,34802740
3.298783164313687e+03,3.293094570432467e+03,1.764705882352941e+00,34802744
3.299554952906469e+03,3.297153345277093e+03,5.882352941176471e-01,34802747
3.300547870196040e+03,3.297877789533570e+03,5.882352941176471e-01,34802748
3.301816117433608e+03,3.299453571961336e+03,5.882352941176471e-01,34802752
3.301816117433608e+03,3.299308042509768e+03,5.882352941176471e-01,34802751
3.302415445189050e+03,3.300650739306697e+03,5.882352941176471e-01,34802753
3.303580823315961e+03,3.301623276565472e+03,5.882352941176471e-01,34802755
3.305511015413242e+03,3.298059973955226e+03,1.176470588235294e+00,34802749
3.307275721295595e+03,3.304781210070531e+03,5.882352941176470e-01,34802757
3.307275721295595e+03,3.295902932638208e+03,1.764705882352941e+00,34802746
3.307275721295595e+03,3.294467475017378e+03,1.764705882352941e+00,34802745
3.309040427177948e+03,3.305817514773078e+03,5.882352941176471e-01,34802758
3.310805133060301e+03,3.302218410679093e+03,1.764705882352941e+00,34802756
3.310805133060301e+03,3.301213855423745e+03,1.764705882352941e+00,34802754
3.313445273602260e+03,3.311680567719907e+03,5.882352941176471e-01,34802760
3.314334544825007e+03,3.307957817253503e+03,1.764705882352941e+00,34802759
3.317377064920894e+03,3.315612359038541e+03,5.882352941176471e-01,34802763
3.317843760828091e+03,3.312549643181032e+03,1.764705882352941e+00,34802761
3.319141770803247e+03,3.316085993012496e+03,5.882352941176471e-01,34802764
3.319213532409772e+03,3.313919414762713e+03,1.764705882352941e+00,34802762
3.322086453520566e+03,3.320321747638213e+03,5.882352941176471e-01,34802765
3.322110481521217e+03,3.320345775638864e+03,5.882352941176471e-01,34802766
3.322800108898156e+03,3.321035403015803e+03,5.882352941176471e-01,34802767
3.324988366877741e+03,3.323223660995388e+03,5.882352941176471e-01,34802768
3.328310828816621e+03,3.326546122934268e+03,5.882352941176471e-01,34802769
3.330166586237312e+03,3.328401880354959e+03,5.882352941176471e-01,34802772
3.331931292119665e+03,3.329948520929833e+03,5.882352941176471e-01,34802775
3.332363603539855e+03,3.327069485892796e+03,1.764705882352941e+00,34802770
3.335344924686349e+03,3.332968295715522e+03,5.882352941176471e-01,34802780
3.336195361392394e+03,3.327693712078263e+03,1.764705882352941e+00,34802771
3.337109630568702e+03,3.333605388255423e+03,5.882352941176471e-01,34802782
3.338874336451055e+03,3.336509246561759e+03,5.882352941176471e-01,34802784
3.339880036575337e+03,3.330406501204964e+03,1.764705882352941e+00,34802776
3.340801022417427e+03,3.335506904770368e+03,1.764705882352941e+00,34802783
3.341644742457690e+03,3.338965653147570e+03,5.882352941176471e-01,34802786
3.344168454098114e+03,3.338180248329033e+03,1.764705882352941e+00,34802785
3.346106224779952e+03,3.340812107132894e+03,1.764705882352941e+00,34802787
3.347773862675174e+03,3.342805501403495e+03,1.176470588235294e+00,34802789
3.347773862675174e+03,3.342049330730037e+03,1.176470588235294e+00,34802788
3.349538568557527e+03,3.344309456020206e+03,1.176470588235294e+00,34802792
3.349538568557527e+03,3.347658638532981e+03,5.882352941176471e-01,34802795
3.351148594381652e+03,3.348414579862098e+03,5.882352941176471e-01,34802796
3.353067980322233e+03,3.346439896517393e+03,1.764705882352941e+00,34802793
3.354800464959069e+03,3.352237054704595e+03,5.882352941176471e-01,34802800
3.356565170841422e+03,3.354034416878098e+03,5.882352941176471e-01,34802803
3.356565170841422e+03,3.353648217864936e+03,5.882352941176471e-01,34802802
3.356942138949067e+03,3.351206610703330e+03,1.764705882352941e+00,34802797
3.358329876723775e+03,3.356210846312680e+03,5.882352941176471e-01,34802805
3.358329876723775e+03,3.356016449757984e+03,5.882352941176471e-01,34802804
3.360471550713773e+03,3.351884862659052e+03,1.764705882352941e+00,34802799
3.361984944524363e+03,3.359842199841173e+03,5.882352941176471e-01,34802810
3.361984944524363e+03,3.358731567474084e+03,5.882352941176471e-01,34802809
3.364220557599062e+03,3.357875925312687e+03,1.764705882352941e+00,34802806
3.365024906380980e+03,3.363260200498627e+03,5.882352941176471e-01,34802812
3.369403401184561e+03,3.364569218087499e+03,1.176470588235294e+00,34802815
3.370022096060320e+03,3.360910740954939e+03,1.764705882352941e+00,34802811
3.370563748982083e+03,3.368243053387039e+03,5.882352941176471e-01,34802818
3.372370763177691e+03,3.370606057295338e+03,5.882352941176471e-01,34802819
3.372755451825329e+03,3.370990745942977e+03,5.882352941176471e-01,34802820
3.372932812949267e+03,3.366746394702714e+03,1.764705882352941e+00,34802817
3.374327813383863e+03,3.371010456551249e+03,5.882352941176471e-01,34802822
3.374760066148764e+03,3.372995360266411e+03,5.882352941176471e-01,34802823
3.377047318779571e+03,3.375282612897218e+03,5.882352941176471e-01,34802825
3.377857225148569e+03,3.371005276074753e+03,1.764705882352941e+00,34802821
3.379924960729620e+03,3.374630843082561e+03,1.764705882352941e+00,34802824
3.382476965000076e+03,3.380712259117723e+03,5.882352941176471e-01,34802827
3.383531913407692e+03,3.381767207525339e+03,5.882352941176471e-01,34802828
3.384584225985108e+03,3.379290108338049e+03,1.764705882352941e+00,34802826
3.387222625579852e+03,3.385457919697499e+03,5.882352941176471e-01,34802831
3.388787243176043e+03,3.383493125528984e+03,1.764705882352941e+00,34802829
3.390403565244535e+03,3.387635002502027e+03,5.882352941176471e-01,34802834
3.391696193199445e+03,3.384812679969755e+03,1.176470588235294e+00,34802830
3.393460899081797e+03,3.390863487764282e+03,5.882352941176470e-01,34802837
3.393460899081797e+03,3.386620762294749e+03,1.764705882352941e+00,34802833
3.393460899081797e+03,3.386209694765718e+03,1.764705882352941e+00,34802832
3.396990310846503e+03,3.387637892563109e+03,1.764705882352941e+00,34802835
3.397372260015802e+03,3.393842848251096e+03,1.176470588235294e+00,34802840
3.397888252989029e+03,3.396123547106676e+03,5.882352941176471e-01,34802841
3.400396624587797e+03,3.398631918705444e+03,5.882352941176471e-01,34802843
3.400627635893590e+03,3.398862930011237e+03,5.882352941176471e-01,34802844
3.402284428493562e+03,3.396488444779288e+03,1.764705882352941e+00,34802842
3.408759491035184e+03,3.406994785152831e+03,5.882352941176471e-01,34802845
3.409228465022159e+03,3.407463759139807e+03,5.882352941176471e-01,34802846
3.413426270201360e+03,3.411661564319007e+03,5.882352941176471e-01,34802848
3.413755810041797e+03,3.410226398277091e+03,1.176470588235294e+00,34802847
3.415410669310671e+03,3.413111740148644e+03,5.882352941176471e-01,34802851
3.417303021031022e+03,3.412008903383963e+03,1.764705882352941e+00,34802849
3.418940081075377e+03,3.416667800551559e+03,5.882352941176470e-01,34802854
3.418940081075377e+03,3.412582251663790e+03,1.764705882352941e+00,34802850
3.420747335570396e+03,3.418317080597459e+03,5.882352941176471e-01,34802855
3.420747335570396e+03,3.418597090286977e+03,5.882352941176471e-01,34802856
3.420832432795728e+03,3.414047051022684e+03,1.764705882352941e+00,34802853
3.422667096477504e+03,3.420902390595151e+03,5.882352941176471e-01,34802859
3.424366498550902e+03,3.422601792668549e+03,5.882352941176471e-01,34802860
3.424485516284215e+03,3.422720810401862e+03,5.882352941176471e-01,34802861
3.426041453217455e+03,3.419186466977301e+03,1.764705882352941e+00,34802858
3.427601148394354e+03,3.425836442512001e+03,5.882352941176471e-01,34802862
3.431102510775650e+03,3.428473420455147e+03,5.882352941176471e-01,34802867
3.431102510775650e+03,3.428363448405029e+03,5.882352941176471e-01,34802866
3.432461810894562e+03,3.427366503383854e+03,1.176470588235294e+00,34802863
3.432461810894562e+03,3.428121587602973e+03,1.176470588235294e+00,34802865
3.434226516776915e+03,3.431741454796735e+03,5.882352941176470e-01,34802868
3.434226516776915e+03,3.427779694638034e+03,1.764705882352941e+00,34802864
3.435766263739910e+03,3.434001557857558e+03,5.882352941176471e-01,34802869
3.436223725440730e+03,3.434459019558377e+03,5.882352941176471e-01,34802871
3.439712107746076e+03,3.434417990099017e+03,1.764705882352941e+00,34802870
3.443297978126990e+03,3.441533272244637e+03,5.882352941176471e-01,34802873
3.443347614455949e+03,3.438053496808890e+03,1.764705882352941e+00,34802872
3.445087502173823e+03,3.442813841496219e+03,5.882352941176471e-01,34802876
3.445087502173823e+03,3.442737144945820e+03,5.882352941176471e-01,34802875
3.446223433052157e+03,3.443525385969977e+03,5.882352941176471e-01,34802877
3.447038849020089e+03,3.445274143137736e+03,5.882352941176471e-01,34802878
3.448616913938528e+03,3.442694021287451e+03,1.764705882352941e+00,34802874
3.448879958278737e+03,3.447115252396384e+03,5.882352941176471e-01,34802879
3.449474076203489e+03,3.447709370321136e+03,5.882352941176471e-01,34802880
3.452161929542789e+03,3.450397223660436e+03,5.882352941176471e-01,34802883
3.453911031585587e+03,3.448442352923614e+03,1.764705882352941e+00,34802881
3.454112215800632e+03,3.451089913822769e+03,5.882352941176471e-01,34802884
3.454174075925796e+03,3.448879158017143e+03,1.764705882352941e+00,34802882
3.457925811690766e+03,3.456161105808413e+03,5.882352941176471e-01,34802889
3.457993238493384e+03,3.456228532611031e+03,5.882352941176471e-01,34802890
3.459434903600779e+03,3.454140785953721e+03,1.764705882352941e+00,34802888
3.460120099871494e+03,3.458355393989141e+03,5.882352941176471e-01,34802892
3.461199609483132e+03,3.458450537243912e+03,5.882352941176471e-01,34802893
3.462740325774645e+03,3.460975619892292e+03,5.882352941176471e-01,34802894
3.463103284201828e+03,3.461338578319475e+03,5.882352941176471e-01,34802895
3.463316381128896e+03,3.458022263481838e+03,1.764705882352941e+00,34802891
3.464505031656998e+03,3.461367036415969e+03,5.882352941176471e-01,34802896
3.466135871261354e+03,3.464371165379001e+03,5.882352941176471e-01,34802897
3.469552592503567e+03,3.467787886621214e+03,5.882352941176471e-01,34802900
3.470383794933304e+03,3.465089677286245e+03,1.764705882352941e+00,34802898
3.471072045651523e+03,3.465777928004464e+03,1.764705882352941e+00,34802899
3.473082004268273e+03,3.468533980864269e+03,1.176470588235294e+00,34802901
3.475556707091586e+03,3.473792001209233e+03,5.882352941176471e-01,34802903
3.475639055365376e+03,3.473874349483023e+03,5.882352941176471e-01,34802904
3.475655662617098e+03,3.472126250852392e+03,1.176470588235294e+00,34802902
3.478253358095006e+03,3.476488652212653e+03,5.882352941176471e-01,34802907
3.480010188306922e+03,3.477898988803298e+03,5.882352941176471e-01,34802909
3.480010188306922e+03,3.477561397032150e+03,5.882352941176471e-01,34802908
3.480850824738645e+03,3.474713907634857e+03,1.764705882352941e+00,34802905
3.481774894189275e+03,3.479619049746070e+03,5.882352941176471e-01,34802911
3.481774894189275e+03,3.479097163588085e+03,5.882352941176471e-01,34802910
3.483819812215535e+03,3.481441320117124e+03,5.882352941176471e-01,34802913
3.484380236503351e+03,3.476472900871778e+03,1.764705882352941e+00,34802906
3.485584518097888e+03,3.483110435144176e+03,5.882352941176471e-01,34802915
3.487536032076180e+03,3.484587924074955e+03,5.882352941176471e-01,34802917
3.487909648268057e+03,3.481027986780732e+03,1.764705882352941e+00,34802912
3.489300737958533e+03,3.486555284602555e+03,5.882352941176471e-01,34802920
3.491252251936824e+03,3.484777516497870e+03,1.764705882352941e+00,34802918
3.491252251936824e+03,3.483548787092376e+03,1.764705882352941e+00,34802916
3.494594855605592e+03,3.488417689807356e+03,1.764705882352941e+00,34802921
3.494839726740636e+03,3.491310314975930e+03,1.176470588235294e+00,34802922
3.496201241187684e+03,3.494436535305331e+03,5.882352941176471e-01,34802923
3.497985896081732e+03,3.496221190199379e+03,5.882352941176471e-01,34802924
3.500568532364165e+03,3.498803826481812e+03,5.882352941176471e-01,34802925
3.501408386137859e+03,3.499643680255506e+03,5.882352941176471e-01,34802927
3.504342512753003e+03,3.502577806870650e+03,5.882352941176471e-01,34802928
3.504391539996563e+03,3.499097422349504e+03,1.764705882352941e+00,34802926
3.507908694950379e+03,3.503102825872161e+03,1.176470588235294e+00,34802931
3.507948613543240e+03,3.502654495896181e+03,1.764705882352941e+00,34802929
3.509673400832732e+03,3.503012704351014e+03,1.764705882352941e+00,34802930
3.509700013227972e+03,3.506357643215720e+03,5.882352941176471e-01,34802934
3.511451412912705e+03,3.509539631463745e+03,5.882352941176471e-01,34802938
3.511451412912705e+03,3.508512686488147e+03,5.882352941176471e-01,34802937
3.513229424992678e+03,3.506415212363699e+03,1.764705882352941e+00,34802935
3.515555602326593e+03,3.512026190561887e+03,1.176470588235294e+00,34802940
3.516745530559764e+03,3.510036074023804e+03,1.764705882352941e+00,34802939
3.517273549448167e+03,3.515508843565814e+03,5.882352941176471e-01,34802941
3.519827808511620e+03,3.518063102629267e+03,5.882352941176471e-01,34802944
3.520643116777090e+03,3.517113705012384e+03,1.176470588235294e+00,34802942
3.520895206686075e+03,3.517365794921369e+03,1.176470588235294e+00,34802943
3.522828494681145e+03,3.521063788798792e+03,5.882352941176471e-01,34802945
3.524264089024129e+03,3.522499383141776e+03,5.882352941176471e-01,34802946
3.528102686563230e+03,3.522808568916171e+03,1.764705882352941e+00,34802947
3.529322952491295e+03,3.525793540726589e+03,1.176470588235294e+00,34802948
3.529867392445583e+03,3.527883493573888e+03,5.882352941176471e-01,34802950
3.530781037829474e+03,3.528687677323267e+03,5.882352941176471e-01,34802951
3.531087658373648e+03,3.527251626064769e+03,1.176470588235294e+00,34802949
3.531632098327936e+03,3.529596598537038e+03,5.882352941176471e-01,34802952
3.533946695795329e+03,3.532181989912976e+03,5.882352941176471e-01,34802954
3.535201120488453e+03,3.532793161287777e+03,5.882352941176471e-01,34802956
3.536225662300785e+03,3.534460956418432e+03,5.882352941176471e-01,34802957
3.537476107560034e+03,3.531671708723747e+03,1.764705882352941e+00,34802953
3.538985672847773e+03,3.536706768295492e+03,5.882352941176471e-01,34802961
3.538985672847773e+03,3.536554358155595e+03,5.882352941176471e-01,34802960
3.540750378730126e+03,3.534953088862600e+03,1.176470588235294e+00,34802958
3.541409668869055e+03,3.532586139457290e+03,1.764705882352941e+00,34802955
3.542515084612479e+03,3.536191393525793e+03,1.764705882352941e+00,34802959
3.544609435564296e+03,3.539984843435383e+03,1.176470588235294e+00,34802962
3.546209318911917e+03,3.544119564369589e+03,5.882352941176471e-01,34802966
3.546374141446649e+03,3.540154804710711e+03,1.764705882352941e+00,34802963
3.549728827449296e+03,3.547964121566943e+03,5.882352941176471e-01,34802967
3.549738730676623e+03,3.543872894410258e+03,1.764705882352941e+00,34802965
3.549738730676623e+03,3.542001644673228e+03,1.764705882352941e+00,34802964
3.551493533331649e+03,3.548859715912557e+03,5.882352941176471e-01,34802968
3.551793216618377e+03,3.550028510736024e+03,5.882352941176471e-01,34802970
3.553554754286073e+03,3.550025342521367e+03,1.176470588235294e+00,34802969
3.554766840880416e+03,3.553002134998063e+03,5.882352941176471e-01,34802971
3.558103349109593e+03,3.556338643227240e+03,5.882352941176471e-01,34802973
3.560257716586318e+03,3.557085463473697e+03,5.882352941176471e-01,34802975
3.560387603784441e+03,3.555093486137383e+03,1.764705882352941e+00,34802972
3.562210490705072e+03,3.556916373058013e+03,1.764705882352941e+00,34802974
3.565328676022740e+03,3.563563970140387e+03,5.882352941176471e-01,34802979
3.567762820402064e+03,3.565998114519711e+03,5.882352941176471e-01,34802980
3.570987956730010e+03,3.569223250847657e+03,5.882352941176471e-01,34802981
3.576779559043962e+03,3.573250147279256e+03,1.176470588235294e+00,34802982
3.579377394426565e+03,3.574083276779506e+03,1.764705882352941e+00,34802983
3.581936835017229e+03,3.576642717370170e+03,1.764705882352941e+00,34802984
3.582972005455832e+03,3.579989680638352e+03,5.882352941176471e-01,34802987
3.583564104156014e+03,3.579897255647740e+03,1.176470588235294e+00,34802986
3.585328810038367e+03,3.579442593691126e+03,1.764705882352941e+00,34802985
3.586501417220538e+03,3.582248217338228e+03,1.176470588235294e+00,34802988
3.587350693994587e+03,3.585585988112234e+03,5.882352941176471e-01,34802989
3.589278720177989e+03,3.587514014295636e+03,5.882352941176471e-01,34802991
3.589880665815956e+03,3.588115959933603e+03,5.882352941176471e-01,34802992
3.591264897132408e+03,3.589500191250055e+03,5.882352941176471e-01,34802993
3.591645371698309e+03,3.589621530060659e+03,5.882352941176471e-01,34802994
3.592570826446320e+03,3.587276708799261e+03,1.764705882352941e+00,34802990
3.594335532328673e+03,3.592342009619510e+03,5.882352941176471e-01,34802997
3.595711586752989e+03,3.591228112334920e+03,1.176470588235294e+00,34802995
3.596100238211026e+03,3.594324786068814e+03,5.882352941176471e-01,34802999
3.596559014779467e+03,3.594713132028530e+03,5.882352941176471e-01,34803000
3.597476292635342e+03,3.592605562380852e+03,1.176470588235294e+00,34802998
3.600031836931491e+03,3.596502425166785e+03,1.176470588235294e+00,34803001
3.601799228619843e+03,3.600034522737490e+03,5.882352941176471e-01,34803004
3.602521843919602e+03,3.597227726272543e+03,1.764705882352941e+00,34803002
3.604193291875533e+03,3.598899174228475e+03,1.764705882352941e+00,34803003
3.605957997757886e+03,3.601013666155256e+03,1.176470588235294e+00,34803005
3.606329114095497e+03,3.602250277804447e+03,1.176470588235294e+00,34803006
3.607093346266902e+03,3.604910603786968e+03,5.882352941176471e-01,34803009
3.607722703640239e+03,3.605862449717252e+03,5.882352941176471e-01,34803010
3.609858525860203e+03,3.603077560741980e+03,1.764705882352941e+00,34803008
3.611696592547311e+03,3.608454605285616e+03,5.882352941176471e-01,34803013
3.612340625989789e+03,3.608240541587361e+03,1.176470588235294e+00,34803011
3.615462214773881e+03,3.610943903196398e+03,1.176470588235294e+00,34803015
3.615863650039662e+03,3.609135318954014e+03,1.764705882352941e+00,34803014
3.617628355922015e+03,3.613307376952582e+03,1.176470588235294e+00,34803017
3.618873521307655e+03,3.614877259585174e+03,1.176470588235294e+00,34803019
3.620638227190008e+03,3.613927331638560e+03,1.764705882352941e+00,34803018
3.621621686222120e+03,3.619856980339767e+03,5.882352941176471e-01,34803020
3.625227873858497e+03,3.619933756211439e+03,1.764705882352941e+00,34803021
3.625731757570757e+03,3.623967051688404e+03,5.882352941176471e-01,34803022
3.628618782556917e+03,3.626854076674564e+03,5.882352941176471e-01,34803024
3.630281185239411e+03,3.624987067592352e+03,1.764705882352941e+00,34803023
3.630383488439270e+03,3.628401432755055e+03,5.882352941176471e-01,34803026
3.632045891121764e+03,3.626935126747395e+03,1.176470588235294e+00,34803025
3.632929230262081e+03,3.631164524379728e+03,5.882352941176471e-01,34803028
3.633810597004116e+03,3.631834552931415e+03,5.882352941176471e-01,34803029
3.633993950276807e+03,3.628668128566099e+03,1.764705882352941e+00,34803027
3.634693936144434e+03,3.632426177923759e+03,5.882352941176471e-01,34803030
3.635575302886469e+03,3.633181747590724e+03,5.882352941176471e-01,34803031
3.635758656159160e+03,3.633932165202178e+03,5.882352941176471e-01,34803032
3.638190505719579e+03,3.636425799837226e+03,5.882352941176471e-01,34803033
3.638821794433543e+03,3.637057088551190e+03,5.882352941176471e-01,34803034
3.639303013239001e+03,3.637538307356648e+03,5.882352941176471e-01,34803035
3.641700370714836e+03,3.639935664832483e+03,5.882352941176471e-01,34803036
3.642251576549401e+03,3.640486870667049e+03,5.882352941176471e-01,34803037
3.644442845741311e+03,3.642678139858958e+03,5.882352941176471e-01,34803038
3.647847647558099e+03,3.646082941675746e+03,5.882352941176471e-01,34803041
3.648797149176779e+03,3.643503031529720e+03,1.764705882352941e+00,34803039
3.652582064220190e+03,3.650185992843780e+03,5.882352941176471e-01,34803046
3.653422792238623e+03,3.645474546263223e+03,1.764705882352941e+00,34803040
3.654451888937067e+03,3.651237833675931e+03,5.882352941176471e-01,34803047
3.654557007771590e+03,3.648139255947673e+03,1.764705882352941e+00,34803044
3.659482043422699e+03,3.657717337540346e+03,5.882352941176471e-01,34803049
3.662079261159213e+03,3.660314555276860e+03,5.882352941176471e-01,34803050
3.663408107006522e+03,3.661643401124169e+03,5.882352941176471e-01,34803052
3.663975150953014e+03,3.662210445070661e+03,5.882352941176471e-01,34803053
3.664950214137269e+03,3.662781243313233e+03,5.882352941176471e-01,34803055
3.666227388427494e+03,3.663615874719441e+03,5.882352941176471e-01,34803056
3.667992094309847e+03,3.663722295054601e+03,1.176470588235294e+00,34803057
3.667992094309847e+03,3.665833751519365e+03,5.882352941176471e-01,34803058
3.668921394593023e+03,3.661198203620957e+03,1.764705882352941e+00,34803051
3.671521506074553e+03,3.666730838550815e+03,1.176470588235294e+00,34803060
3.673286211956906e+03,3.666563592506744e+03,1.764705882352941e+00,34803059
3.675614922554625e+03,3.673850216672272e+03,5.882352941176471e-01,34803062
3.676536226153537e+03,3.671242108506479e+03,1.764705882352941e+00,34803061
3.677401336283246e+03,3.675636630400893e+03,5.882352941176471e-01,34803065
3.678290419280643e+03,3.673861411763293e+03,1.176470588235294e+00,34803063
3.680055125162996e+03,3.678066521716090e+03,5.882352941176471e-01,34803067
3.680909040201684e+03,3.674159179803383e+03,1.764705882352941e+00,34803064
3.682722808950508e+03,3.677428691303449e+03,1.764705882352941e+00,34803066
3.684918471850605e+03,3.683153765968252e+03,5.882352941176471e-01,34803070
3.685349242810055e+03,3.679910506847609e+03,1.764705882352941e+00,34803068
3.686564601031883e+03,3.683943180657326e+03,5.882352941176471e-01,34803072
3.688530976865139e+03,3.683669571582094e+03,1.176470588235294e+00,34803071
3.690295682747492e+03,3.682916612566102e+03,1.764705882352941e+00,34803069
3.692041834565783e+03,3.689385353275711e+03,5.882352941176471e-01,34803078
3.692041834565783e+03,3.689345685840701e+03,5.882352941176471e-01,34803077
3.695573202741007e+03,3.685210277585597e+03,1.764705882352941e+00,34803073
3.697337419520731e+03,3.687851688369818e+03,1.764705882352941e+00,34803075
3.697430215265099e+03,3.694359870237689e+03,5.882352941176471e-01,34803083
3.697626935997166e+03,3.692318177107081e+03,1.764705882352941e+00,34803082
3.699148523275267e+03,3.696388382753562e+03,5.882352941176471e-01,34803086
3.699148523275267e+03,3.695757816024484e+03,5.882352941176471e-01,34803085
3.702151107825019e+03,3.700386401942666e+03,5.882352941176471e-01,34803089
3.703790957354440e+03,3.698496839707382e+03,1.764705882352941e+00,34803087
3.704442640922326e+03,3.699095982628241e+03,1.764705882352941e+00,34803088
3.705555663236793e+03,3.702486033702141e+03,5.882352941176471e-01,34803092
3.705847982528286e+03,3.701141566659506e+03,1.176470588235294e+00,34803090
3.708034191173047e+03,3.706269485290694e+03,5.882352941176471e-01,34803093
3.710924518333685e+03,3.709159812451332e+03,5.882352941176471e-01,34803095
3.713267937291715e+03,3.707973819644656e+03,1.764705882352941e+00,34803094
3.714271897829995e+03,3.712507191947642e+03,5.882352941176471e-01,34803096
3.716233247295252e+03,3.713960342690441e+03,5.882352941176471e-01,34803101
3.716233247295252e+03,3.713457416135734e+03,5.882352941176471e-01,34803100
3.717445020828018e+03,3.712900479113451e+03,1.176470588235294e+00,34803097
3.719209726710371e+03,3.713063137487026e+03,1.764705882352941e+00,34803098
3.720934515622872e+03,3.719169809740519e+03,5.882352941176471e-01,34803103
3.722891046606194e+03,3.717596928959135e+03,1.764705882352941e+00,34803102
3.724463927387578e+03,3.721671913552590e+03,5.882352941176471e-01,34803108
3.724901023004842e+03,3.719981845659770e+03,1.176470588235294e+00,34803105
3.726228633269931e+03,3.723453260725134e+03,5.882352941176471e-01,34803109
3.726665728887195e+03,3.724768259049655e+03,5.882352941176470e-01,34803110
3.726665728887195e+03,3.719797144077921e+03,1.764705882352941e+00,34803104
3.728211886960916e+03,3.726199626095895e+03,5.882352941176471e-01,34803112
3.729976592843269e+03,3.725322457401319e+03,1.176470588235294e+00,34803111
3.729976592843269e+03,3.727997807145759e+03,5.882352941176471e-01,34803113
3.730195140651901e+03,3.721167363636294e+03,1.764705882352941e+00,34803106
3.731814147995166e+03,3.729290103916442e+03,5.882352941176471e-01,34803115
3.733578853877519e+03,3.730506133092731e+03,5.882352941176471e-01,34803117
3.735343559759872e+03,3.729316609119396e+03,1.764705882352941e+00,34803116
3.735343559759872e+03,3.729051403235214e+03,1.764705882352941e+00,34803114
3.735665656532651e+03,3.732590334572895e+03,5.882352941176471e-01,34803118
3.737108265642225e+03,3.734596685626186e+03,5.882352941176471e-01,34803121
3.737108265642225e+03,3.734223047423077e+03,5.882352941176471e-01,34803120
3.741329022121999e+03,3.739564316239646e+03,5.882352941176471e-01,34803122
3.741647773553906e+03,3.739883067671553e+03,5.882352941176471e-01,34803123
3.742233484201954e+03,3.740468778319601e+03,5.882352941176471e-01,34803124
3.743093728004352e+03,3.741185351682768e+03,5.882352941176471e-01,34803125
3.743998190084307e+03,3.742150652348276e+03,5.882352941176471e-01,34803127
3.745301694070806e+03,3.743536988188453e+03,5.882352941176471e-01,34803128
3.746228305771587e+03,3.744463599889234e+03,5.882352941176471e-01,34803129
3.746941891200965e+03,3.741555272159490e+03,1.764705882352941e+00,34803126
3.750398447430163e+03,3.747892352713420e+03,5.882352941176471e-01,34803134
3.752226819071179e+03,3.750039291905600e+03,5.882352941176471e-01,34803138
3.753991524953532e+03,3.751851420895069e+03,5.882352941176471e-01,34803141
3.756926665736207e+03,3.746616703811801e+03,1.764705882352941e+00,34803130
3.756926665736207e+03,3.746995201592285e+03,1.764705882352941e+00,34803131
3.756926665736207e+03,3.747041925877708e+03,1.764705882352941e+00,34803132
3.759283846789722e+03,3.747532422970614e+03,1.176470588235294e+00,34803133
3.760456077500913e+03,3.758455114103955e+03,5.882352941176471e-01,34803145
3.760456077500913e+03,3.757667259700159e+03,5.882352941176471e-01,34803144
3.761634668027670e+03,3.759195545207855e+03,5.882352941176471e-01,34803147
3.763399373910023e+03,3.760909471845201e+03,5.882352941176471e-01,34803148
3.764212186437763e+03,3.755678203560577e+03,1.764705882352941e+00,34803142
3.765164079792376e+03,3.758759534487643e+03,1.764705882352941e+00,34803146
3.765705954810869e+03,3.761866495814737e+03,5.882352941176471e-01,34803150
3.765705954810869e+03,3.761789927302134e+03,5.882352941176471e-01,34803149
3.766928785674729e+03,3.764276349485138e+03,5.882352941176471e-01,34803152
3.771000072457928e+03,3.765688524792967e+03,1.764705882352941e+00,34803153
3.771197140205072e+03,3.765903022558013e+03,1.764705882352941e+00,34803154
3.772764778340281e+03,3.770457749219356e+03,5.882352941176471e-01,34803157
3.772961846087425e+03,3.767724558723403e+03,1.176470588235294e+00,34803155
3.776199275261483e+03,3.768208100649401e+03,1.764705882352941e+00,34803156
3.776643002978672e+03,3.771348885331613e+03,1.764705882352941e+00,34803158
3.778259799621962e+03,3.775923012423871e+03,5.882352941176471e-01,34803161
3.778259799621962e+03,3.775814886320652e+03,5.882352941176471e-01,34803160
3.779001026056077e+03,3.773706908409018e+03,1.764705882352941e+00,34803159
3.780271580982353e+03,3.777430740058672e+03,5.882352941176471e-01,34803163
3.780271580982353e+03,3.778251036622179e+03,5.882352941176471e-01,34803165
3.783800992747059e+03,3.781723642280815e+03,5.882352941176470e-01,34803168
3.783800992747059e+03,3.778001178655087e+03,1.764705882352941e+00,34803164
3.785121028311948e+03,3.782255358738104e+03,5.882352941176471e-01,34803169
3.785565698629412e+03,3.779628414760233e+03,1.176470588235294e+00,34803166
3.787330404511765e+03,3.781591616547242e+03,1.764705882352941e+00,34803167
3.787535325561078e+03,3.785770619678725e+03,5.882352941176471e-01,34803171
3.789037374018258e+03,3.786204126003223e+03,5.882352941176471e-01,34803173
3.790802079900611e+03,3.787935603978618e+03,5.882352941176471e-01,34803176
3.790802079900611e+03,3.788427645755665e+03,5.882352941176471e-01,34803177
3.791064737325784e+03,3.785334753125973e+03,1.764705882352941e+00,34803170
3.794331491665317e+03,3.786084488876075e+03,1.764705882352941e+00,34803172
3.795039573870575e+03,3.791811147802807e+03,5.882352941176471e-01,34803181
3.795039573870575e+03,3.791612637837745e+03,5.882352941176471e-01,34803180
3.800142624050165e+03,3.797270166818180e+03,5.882352941176471e-01,34803187
3.800142624050165e+03,3.797360910166466e+03,5.882352941176471e-01,34803188
3.800517860147185e+03,3.791486439860400e+03,1.764705882352941e+00,34803178
3.802132471590730e+03,3.794391711474762e+03,1.176470588235294e+00,34803182
3.802132471590730e+03,3.795207834812248e+03,1.176470588235294e+00,34803184
3.803897177473083e+03,3.801176088046420e+03,5.882352941176470e-01,34803190
3.803897177473083e+03,3.794748380143029e+03,1.764705882352941e+00,34803183
3.805020362281827e+03,3.803255656399474e+03,5.882352941176471e-01,34803191
3.805661883355436e+03,3.803494900216197e+03,5.882352941176471e-01,34803192
3.806031137747298e+03,3.804266431864945e+03,5.882352941176471e-01,34803193
3.806969799660777e+03,3.805205093778424e+03,5.882352941176471e-01,34803194
3.807426589237789e+03,3.805498995441717e+03,5.882352941176471e-01,34803195
3.808265174586390e+03,3.805771369483497e+03,5.882352941176471e-01,34803197
3.808265174586390e+03,3.805712955521430e+03,5.882352941176471e-01,34803196
3.811796475822209e+03,3.810031769939856e+03,5.882352941176471e-01,34803198
3.812437438017171e+03,3.810672732134818e+03,5.882352941176471e-01,34803200
3.815757398501898e+03,3.810463280854839e+03,1.764705882352941e+00,34803199
3.817355031697905e+03,3.815590325815552e+03,5.882352941176471e-01,34803202
3.818056955840058e+03,3.812762838192999e+03,1.764705882352941e+00,34803201
3.819170124806359e+03,3.816050791704986e+03,5.882352941176471e-01,34803204
3.819821661722411e+03,3.816030508049055e+03,1.176470588235294e+00,34803203
3.821324625696114e+03,3.819525006020003e+03,5.882352941176471e-01,34803208
3.822990281986813e+03,3.820663133586645e+03,5.882352941176471e-01,34803211
3.822990281986813e+03,3.820100443687715e+03,5.882352941176471e-01,34803210
3.826420908063386e+03,3.819262771038798e+03,1.764705882352941e+00,34803207
3.826420908063386e+03,3.817455806150107e+03,1.764705882352941e+00,34803206
3.828185613945739e+03,3.826086131147428e+03,5.882352941176471e-01,34803216
3.829992658366501e+03,3.828227952484148e+03,5.882352941176471e-01,34803219
3.831194480688123e+03,3.821965869153394e+03,1.764705882352941e+00,34803213
3.831715025710445e+03,3.828869373834968e+03,5.882352941176471e-01,34803220
3.832337106140460e+03,3.826264122958395e+03,1.176470588235294e+00,34803217
3.832337106140460e+03,3.825545704638535e+03,1.176470588235294e+00,34803215
3.835244437475151e+03,3.828070151046382e+03,1.764705882352941e+00,34803218
3.837917507553125e+03,3.836152801670772e+03,5.882352941176471e-01,34803221
3.838614963781038e+03,3.836850257898686e+03,5.882352941176471e-01,34803222
3.840327581515183e+03,3.838562875632830e+03,5.882352941176471e-01,34803223
3.843178589789273e+03,3.841413883906920e+03,5.882352941176471e-01,34803224
3.844378863600269e+03,3.842614157717916e+03,5.882352941176471e-01,34803225
3.845448386671605e+03,3.843683680789252e+03,5.882352941176471e-01,34803227
3.847711599441653e+03,3.845946893559300e+03,5.882352941176471e-01,34803228
3.848816055562231e+03,3.843521937915172e+03,1.764705882352941e+00,34803226
3.851440026478373e+03,3.849675320596020e+03,5.882352941176471e-01,34803232
3.851485810285015e+03,3.849721104402662e+03,5.882352941176471e-01,34803233
3.852345467326937e+03,3.846127899544240e+03,1.764705882352941e+00,34803229
3.853235254898487e+03,3.849734595012882e+03,5.882352941176471e-01,34803234
3.857070721635729e+03,3.847242515445920e+03,1.764705882352941e+00,34803231
3.857070721635729e+03,3.846992553961530e+03,1.764705882352941e+00,34803230
3.858606493743107e+03,3.856841787860754e+03,5.882352941176471e-01,34803240
3.859584033272381e+03,3.852235623525075e+03,1.176470588235294e+00,34803237
3.861348739154734e+03,3.852839656253953e+03,1.764705882352941e+00,34803238
3.861348739154734e+03,3.850798216761994e+03,1.764705882352941e+00,34803235
3.863113445037087e+03,3.859660298013116e+03,5.882352941176471e-01,34803242
3.863598946157630e+03,3.861834240275277e+03,5.882352941176471e-01,34803243
3.864878150919440e+03,3.862576590757841e+03,5.882352941176471e-01,34803244
3.864878150919440e+03,3.859148493272395e+03,1.764705882352941e+00,34803241
3.865363652039983e+03,3.863486770854735e+03,5.882352941176471e-01,34803245
3.866642856801793e+03,3.864664333910718e+03,5.882352941176471e-01,34803247
3.868407562684145e+03,3.863707482217881e+03,1.176470588235294e+00,34803246
3.870888610632611e+03,3.869123904750258e+03,5.882352941176471e-01,34803249
3.873507133955744e+03,3.868213016308685e+03,1.764705882352941e+00,34803248
3.876746656239179e+03,3.874981950356826e+03,5.882352941176471e-01,34803252
3.878007923573018e+03,3.872713805925959e+03,1.764705882352941e+00,34803250
3.878594786132474e+03,3.873300668485415e+03,1.764705882352941e+00,34803251
3.880345588013003e+03,3.878490333741602e+03,5.882352941176471e-01,34803258
3.881823814616540e+03,3.879032350073667e+03,5.882352941176471e-01,34803260
3.881823814616540e+03,3.879000198854486e+03,5.882352941176471e-01,34803259
3.882290824356777e+03,3.880526118474424e+03,5.882352941176471e-01,34803261
3.883781433698067e+03,3.881160080642639e+03,5.882352941176471e-01,34803263
3.884055530239130e+03,3.882209641014888e+03,5.882352941176471e-01,34803266
3.885668693787322e+03,3.877744431823221e+03,1.176470588235294e+00,34803256
3.887372122566224e+03,3.882713066687595e+03,1.176470588235294e+00,34803267
3.887433399669675e+03,3.875993434268037e+03,1.764705882352941e+00,34803253
3.889136828448577e+03,3.880778259720291e+03,1.764705882352941e+00,34803262
3.889177679850877e+03,3.886588493990195e+03,5.882352941176471e-01,34803269
3.890936549818616e+03,3.888090324508550e+03,5.882352941176471e-01,34803272
3.890936549818616e+03,3.888411748468524e+03,5.882352941176471e-01,34803273
3.892701255700969e+03,3.890289363002959e+03,5.882352941176471e-01,34803278
3.895342578060053e+03,3.887520881979835e+03,1.764705882352941e+00,34803271
3.895342578060053e+03,3.886286527709233e+03,1.764705882352941e+00,34803268
3.896242140394565e+03,3.890948022747507e+03,1.764705882352941e+00,34803279
3.898403663290342e+03,3.896638957407989e+03,5.882352941176471e-01,34803280
3.898650369139752e+03,3.896885663257399e+03,5.882352941176471e-01,34803281
3.900332839738968e+03,3.898004594757396e+03,5.882352941176471e-01,34803283
3.901507790880478e+03,3.899116568762357e+03,5.882352941176471e-01,34803286
3.902097545621321e+03,3.897978379115772e+03,1.176470588235294e+00,34803282
3.903456532766574e+03,3.901691826884221e+03,5.882352941176471e-01,34803287
3.903862251503674e+03,3.898054991919006e+03,1.764705882352941e+00,34803284
3.905017978531805e+03,3.903253272649452e+03,5.882352941176471e-01,34803288
3.906511452558084e+03,3.904746746675731e+03,5.882352941176471e-01,34803290
3.906782684414158e+03,3.904860764511817e+03,5.882352941176471e-01,34803291
3.907758160137226e+03,3.905716370047237e+03,5.882352941176471e-01,34803292
3.908411774368474e+03,3.906495453129030e+03,5.882352941176471e-01,34803294
3.908411774368474e+03,3.906158067998714e+03,5.882352941176471e-01,34803293
3.911748983263670e+03,3.909984277381317e+03,5.882352941176471e-01,34803299
3.911907902927122e+03,3.907194444772606e+03,1.176470588235294e+00,34803295
3.911941186133180e+03,3.904228748372520e+03,1.764705882352941e+00,34803289
3.913708048302348e+03,3.911943342419995e+03,5.882352941176471e-01,34803300
3.915278395028376e+03,3.908400352370746e+03,1.764705882352941e+00,34803298
3.915798240504802e+03,3.912774831522177e+03,5.882352941176471e-01,34803303
3.915798240504802e+03,3.912434656519780e+03,5.882352941176471e-01,34803302
3.917303023648942e+03,3.915175428687742e+03,5.882352941176471e-01,34803309
3.917303023648942e+03,3.914252591396316e+03,5.882352941176471e-01,34803308
3.917562946387155e+03,3.912333926004117e+03,1.176470588235294e+00,34803301
3.919067729531295e+03,3.916642889657947e+03,5.882352941176471e-01,34803310
3.919165081502805e+03,3.917400375620452e+03,5.882352941176471e-01,34803311
3.919419231346724e+03,3.917654525464371e+03,5.882352941176471e-01,34803312
3.920832435413648e+03,3.918544601312328e+03,5.882352941176471e-01,34803313
3.921353338517437e+03,3.919588632635085e+03,5.882352941176471e-01,34803314
3.924242854512964e+03,3.922478148630611e+03,5.882352941176471e-01,34803315
3.925488922557827e+03,3.923724216675474e+03,5.882352941176471e-01,34803316
3.927573216488611e+03,3.925597404733065e+03,5.882352941176471e-01,34803320
3.928867240195145e+03,3.925182430997272e+03,1.176470588235294e+00,34803318
3.928867240195145e+03,3.924043804723905e+03,1.176470588235294e+00,34803317
3.931082919524623e+03,3.929318213642270e+03,5.882352941176471e-01,34803322
3.931102628253317e+03,3.925493225863606e+03,1.764705882352941e+00,34803319
3.932485066663734e+03,3.929708208759704e+03,5.882352941176471e-01,34803323
3.932847625406976e+03,3.930764568133323e+03,5.882352941176471e-01,34803326
3.934632040018022e+03,3.928106795072455e+03,1.764705882352941e+00,34803321
3.934834942862982e+03,3.933070236980629e+03,5.882352941176471e-01,34803328
3.936014478428440e+03,3.934023998367750e+03,5.882352941176471e-01,34803329
3.936396745900375e+03,3.934369675831181e+03,5.882352941176471e-01,34803330
3.938364354627687e+03,3.931454884673024e+03,1.764705882352941e+00,34803327
3.939798735174436e+03,3.937043880842184e+03,5.882352941176471e-01,34803334
3.939798735174436e+03,3.936849512685432e+03,5.882352941176471e-01,34803333
3.940376636440609e+03,3.938611930558256e+03,5.882352941176471e-01,34803336
3.941563441056789e+03,3.939621378776546e+03,5.882352941176471e-01,34803338
3.941563441056789e+03,3.939088321072138e+03,5.882352941176471e-01,34803337
3.942169832351080e+03,3.940405126468727e+03,5.882352941176471e-01,34803339
3.943493309606944e+03,3.935585879428126e+03,1.176470588235294e+00,34803331
3.945092852821495e+03,3.943236050068672e+03,5.882352941176471e-01,34803341
3.945258015489297e+03,3.936367689404676e+03,1.764705882352941e+00,34803332
3.946894515080555e+03,3.943991462259128e+03,5.882352941176471e-01,34803342
3.947022721371650e+03,3.945148287386555e+03,5.882352941176471e-01,34803345
3.947022721371650e+03,3.941542562633052e+03,1.764705882352941e+00,34803340
3.948723324108455e+03,3.946432138620161e+03,5.882352941176471e-01,34803347
3.948723324108455e+03,3.945276368621005e+03,5.882352941176471e-01,34803346
3.949609900902030e+03,3.947845195019677e+03,5.882352941176471e-01,34803348
3.950581795702457e+03,3.948817089820104e+03,5.882352941176471e-01,34803350
3.951974953846864e+03,3.948818104914890e+03,5.882352941176471e-01,34803351
3.952420892823519e+03,3.950656186941166e+03,5.882352941176471e-01,34803354
3.953824040326835e+03,3.951075059242228e+03,5.882352941176471e-01,34803356
3.953824040326835e+03,3.951028051356020e+03,5.882352941176471e-01,34803355
3.954185598705872e+03,3.952115588176227e+03,5.882352941176471e-01,34803360
3.955588746209188e+03,3.948913476517621e+03,1.176470588235294e+00,34803352
3.956088810028467e+03,3.954324104146114e+03,5.882352941176471e-01,34803361
3.957279060852831e+03,3.948745715613399e+03,1.764705882352941e+00,34803349
3.961624313384921e+03,3.959859607502568e+03,5.882352941176471e-01,34803364
3.962439339697418e+03,3.957145222050359e+03,1.764705882352941e+00,34803362
3.962888728147108e+03,3.957594610500049e+03,1.764705882352941e+00,34803363
3.963822227512920e+03,3.962057521630567e+03,5.882352941176471e-01,34803365
3.964765124235397e+03,3.963000418353044e+03,5.882352941176471e-01,34803367
3.965586933395273e+03,3.963200036296763e+03,5.882352941176471e-01,34803368
3.965968751462124e+03,3.964075598359697e+03,5.882352941176471e-01,34803369
3.967077702891000e+03,3.964230240988872e+03,5.882352941176471e-01,34803371
3.969498163226829e+03,3.962304166296908e+03,1.764705882352941e+00,34803366
3.970039871677838e+03,3.968275165795485e+03,5.882352941176471e-01,34803373
3.970607114655706e+03,3.964228036690897e+03,1.764705882352941e+00,34803370
3.971533723334686e+03,3.968982851868405e+03,5.882352941176471e-01,34803375
3.971533723334686e+03,3.968550735283573e+03,5.882352941176471e-01,34803374
3.972567537802869e+03,3.970121287316039e+03,5.882352941176471e-01,34803376
3.973298429217039e+03,3.971258124599955e+03,5.882352941176471e-01,34803379
3.974386726039733e+03,3.971956535207098e+03,5.882352941176471e-01,34803380
3.975063135099392e+03,3.972711100740829e+03,5.882352941176471e-01,34803384
3.975063135099392e+03,3.972649261334635e+03,5.882352941176471e-01,34803383
3.977916137804439e+03,3.970998549185326e+03,1.764705882352941e+00,34803378
3.978216306708706e+03,3.976451600826353e+03,5.882352941176471e-01,34803385
3.978431566438440e+03,3.976666860556087e+03,5.882352941176471e-01,34803386
3.983086383617985e+03,3.981321677735632e+03,5.882352941176471e-01,34803388
3.983210255451497e+03,3.977611753378990e+03,1.764705882352941e+00,34803387
3.983393092642701e+03,3.981628386760348e+03,5.882352941176471e-01,34803389
3.984851089500338e+03,3.981822381626720e+03,5.882352941176471e-01,34803390
3.986395853244152e+03,3.984631147361799e+03,5.882352941176471e-01,34803392
3.986615795382691e+03,3.984696939528860e+03,5.882352941176471e-01,34803393
3.987922521854046e+03,3.985464797966519e+03,5.882352941176471e-01,34803395
3.990145207147397e+03,3.983917035544423e+03,1.764705882352941e+00,34803391
3.991451933618752e+03,3.985264003935392e+03,1.764705882352941e+00,34803394
3.991968737662797e+03,3.990204031780444e+03,5.882352941176471e-01,34803397
3.995465289909134e+03,3.993700584026781e+03,5.882352941176471e-01,34803398
3.995602879464556e+03,3.993838173582203e+03,5.882352941176471e-01,34803399
3.997367585346909e+03,3.995541051325895e+03,5.882352941176471e-01,34803402
3.997557190473733e+03,3.995645282312695e+03,5.882352941176471e-01,34803403
3.998994701673840e+03,3.996025059845777e+03,5.882352941176471e-01,34803404
3.999227093792674e+03,3.994470861756640e+03,1.176470588235294e+00,34803401
4.000914335635415e+03,3.998222110468232e+03,5.882352941176471e-01,34803405
4.000914335635415e+03,3.998260340888386e+03,5.882352941176471e-01,34803406
4.000991799675027e+03,3.994027778709027e+03,1.764705882352941e+00,34803400
4.007170500688733e+03,4.005405794806380e+03,5.882352941176471e-01,34803409
4.007176981194756e+03,4.005412275312403e+03,5.882352941176471e-01,34803410
4.009549538171081e+03,4.007784832288728e+03,5.882352941176471e-01,34803411
4.009789863011725e+03,4.008025157129372e+03,5.882352941176471e-01,34803412
4.010122753902229e+03,4.004828636255170e+03,1.764705882352941e+00,34803408
4.014851116629649e+03,4.011979768921866e+03,5.882352941176471e-01,34803416
4.014963818238462e+03,4.008776475118547e+03,1.764705882352941e+00,34803414
4.014963818238462e+03,4.008613024271830e+03,1.764705882352941e+00,34803413
4.016690956917877e+03,4.013254307946983e+03,5.882352941176471e-01,34803418
4.018551234812032e+03,4.015880080807273e+03,5.882352941176471e-01,34803423
4.020315940694385e+03,4.018164252969461e+03,5.882352941176471e-01,34803426
4.020887337167527e+03,4.019122631285174e+03,5.882352941176471e-01,34803427
4.022080646576738e+03,4.019976670747409e+03,5.882352941176471e-01,34803428
4.027565229714844e+03,4.025684227298524e+03,5.882352941176471e-01,34803437
4.027837767796012e+03,4.011209003256131e+03,1.764705882352941e+00,34803415
4.031306615542680e+03,4.017073244965084e+03,1.764705882352941e+00,34803425
4.031306615542680e+03,4.020011175368445e+03,1.764705882352941e+00,34803429
4.031306615542680e+03,4.020792480788399e+03,1.764705882352941e+00,34803430
4.033821288245667e+03,4.032056582363314e+03,5.882352941176471e-01,34803439
4.036600733189739e+03,4.029235448355499e+03,1.764705882352941e+00,34803438
4.037350700010372e+03,4.034281292396911e+03,5.882352941176471e-01,34803442
4.037514185345364e+03,4.032220067698305e+03,1.764705882352941e+00,34803440
4.038365439072092e+03,4.036395552985054e+03,5.882352941176471e-01,34803443
4.039638805063298e+03,4.037874099180945e+03,5.882352941176471e-01,34803444
4.040880111775078e+03,4.033325282246987e+03,1.764705882352941e+00,34803441
4.041244456614163e+03,4.039479750731810e+03,5.882352941176471e-01,34803445
4.044322971109685e+03,4.042558265227332e+03,5.882352941176471e-01,34803446
4.048597518700886e+03,4.046832812818534e+03,5.882352941176471e-01,34803449
4.048780427242411e+03,4.043486309595353e+03,1.764705882352941e+00,34803447
4.052218384736355e+03,4.049379824684317e+03,5.882352941176471e-01,34803454
4.052309839007117e+03,4.045696223690666e+03,1.764705882352941e+00,34803448
4.054576358920226e+03,4.046842916185459e+03,1.764705882352941e+00,34803450
4.055793523636442e+03,4.049318178949896e+03,1.764705882352941e+00,34803453
4.055793523636442e+03,4.047574141208610e+03,1.764705882352941e+00,34803452
4.056341064802579e+03,4.053161973910718e+03,5.882352941176471e-01,34803456
4.057740743240841e+03,4.055302856432267e+03,5.882352941176471e-01,34803458
4.057740743240841e+03,4.055421560944485e+03,5.882352941176471e-01,34803459
4.059505449123194e+03,4.056419681907658e+03,5.882352941176471e-01,34803460
4.059778923968547e+03,4.058014218086194e+03,5.882352941176471e-01,34803461
4.061270155005546e+03,4.054599734377530e+03,1.764705882352941e+00,34803457
4.061406892428223e+03,4.059065220073449e+03,5.882352941176471e-01,34803463
4.061406892428223e+03,4.058159353307070e+03,5.882352941176471e-01,34803462
4.063034860887899e+03,4.060474419772356e+03,5.882352941176471e-01,34803464
4.064037572179326e+03,4.062272866296974e+03,5.882352941176471e-01,34803466
4.066701010075282e+03,4.061336834866624e+03,1.764705882352941e+00,34803465
4.073435828778286e+03,4.068141711131227e+03,1.764705882352941e+00,34803467
4.073548669116051e+03,4.071783963233698e+03,5.882352941176471e-01,34803469
4.075235785062847e+03,4.069941667415788e+03,1.764705882352941e+00,34803468
4.077263243621373e+03,4.075498537739020e+03,5.882352941176471e-01,34803473
4.078753446693483e+03,4.072265012282811e+03,1.764705882352941e+00,34803470
4.081151659649287e+03,4.079386953766934e+03,5.882352941176471e-01,34803475
4.081397291666979e+03,4.076103174019920e+03,1.764705882352941e+00,34803474
4.084162801981138e+03,4.082398096098785e+03,5.882352941176471e-01,34803477
4.084497478121081e+03,4.080968066356375e+03,1.176470588235294e+00,34803476
4.088060456068997e+03,4.086295750186644e+03,5.882352941176471e-01,34803480
4.088356334702645e+03,4.083062217055586e+03,1.764705882352941e+00,34803478
4.089825161951350e+03,4.087641575997498e+03,5.882352941176471e-01,34803481
4.090151818469468e+03,4.084857700822409e+03,1.764705882352941e+00,34803479
4.091038417724193e+03,4.089273711841840e+03,5.882352941176471e-01,34803482
4.092054331148025e+03,4.090289625265672e+03,5.882352941176471e-01,34803484
4.093753020365183e+03,4.090223608600477e+03,1.176470588235294e+00,34803483
4.094096763327389e+03,4.092332057445036e+03,5.882352941176471e-01,34803486
4.095596515307695e+03,4.093265869499340e+03,5.882352941176471e-01,34803488
4.095596515307695e+03,4.092773301256521e+03,5.882352941176471e-01,34803487
4.097377832777105e+03,4.094276684309877e+03,5.882352941176471e-01,34803490
4.097377832777105e+03,4.094550392379071e+03,5.882352941176471e-01,34803491
4.097626175092094e+03,4.092106498073070e+03,1.764705882352941e+00,34803485
4.099225319431121e+03,4.095629738481808e+03,5.882352941176471e-01,34803494
4.099225319431121e+03,4.095739475813743e+03,5.882352941176471e-01,34803495
4.099225319431121e+03,4.096117462863549e+03,5.882352941176471e-01,34803496
4.100990025313474e+03,4.098449482728775e+03,5.882352941176471e-01,34803497
4.101516147892683e+03,4.099751442010330e+03,5.882352941176471e-01,34803498
4.102471252939531e+03,4.100706547057178e+03,5.882352941176471e-01,34803499
4.105607767082307e+03,4.103843061199954e+03,5.882352941176471e-01,34803500
4.108974629235598e+03,4.106743044150423e+03,5.882352941176471e-01,34803504
4.109372236971675e+03,4.104078119324616e+03,1.764705882352941e+00,34803501
4.111847432076487e+03,4.105896705505611e+03,1.764705882352941e+00,34803503
4.111847432076487e+03,4.105445217470892e+03,1.764705882352941e+00,34803502
4.113333007023379e+03,4.110102348573267e+03,5.882352941176471e-01,34803506
4.115376843841193e+03,4.109803595258673e+03,1.764705882352941e+00,34803505
4.116969745536092e+03,4.115205039653739e+03,5.882352941176471e-01,34803507
4.117227718399392e+03,4.115463012517039e+03,5.882352941176471e-01,34803508
4.117409269472531e+03,4.115644563590178e+03,5.882352941176471e-01,34803509
4.118906433327311e+03,4.116392449689331e+03,5.882352941176471e-01,34803511
4.118906433327311e+03,4.116032879913581e+03,5.882352941176471e-01,34803510
4.120027601634001e+03,4.118262895751648e+03,5.882352941176471e-01,34803513
4.120671139209664e+03,4.118724057163556e+03,5.882352941176471e-01,34803515
4.120671139209664e+03,4.118711238047892e+03,5.882352941176471e-01,34803514
4.122435845092017e+03,4.120641882317386e+03,5.882352941176471e-01,34803517
4.124772304008643e+03,4.123007598126290e+03,5.882352941176471e-01,34803518
4.125564497565131e+03,4.120270379918072e+03,1.764705882352941e+00,34803516
4.127168486851533e+03,4.125403780969180e+03,5.882352941176471e-01,34803520
4.127344300834335e+03,4.125579594951982e+03,5.882352941176471e-01,34803521
4.127577846638334e+03,4.125772633492751e+03,5.882352941176471e-01,34803522
4.129021099725286e+03,4.126260180358354e+03,5.882352941176471e-01,34803523
4.129428105806857e+03,4.127663399924504e+03,5.882352941176471e-01,34803525
4.131192811689210e+03,4.126655013086521e+03,1.176470588235294e+00,34803524
4.132464958203822e+03,4.124048434873628e+03,1.764705882352941e+00,34803519
4.132550511489992e+03,4.128131910066560e+03,1.176470588235294e+00,34803526
4.133088782966005e+03,4.131324077083652e+03,5.882352941176471e-01,34803527
4.135659804456967e+03,4.133895098574614e+03,5.882352941176471e-01,34803530
4.135994369968528e+03,4.132280580158719e+03,1.176470588235294e+00,34803528
4.136518531312229e+03,4.134698845343581e+03,5.882352941176471e-01,34803531
4.137424510339320e+03,4.134844575706641e+03,5.882352941176471e-01,34803532
4.137759075850881e+03,4.132989119547524e+03,1.176470588235294e+00,34803529
4.141782867297002e+03,4.140018161414649e+03,5.882352941176471e-01,34803533
4.143663368764271e+03,4.141898662881918e+03,5.882352941176471e-01,34803534
4.144202153908609e+03,4.142437448026256e+03,5.882352941176471e-01,34803535
4.145086145951581e+03,4.143321440069228e+03,5.882352941176471e-01,34803536
4.145428074646624e+03,4.143572885739872e+03,5.882352941176471e-01,34803537
4.145966859790962e+03,4.144077092207936e+03,5.882352941176471e-01,34803538
4.146885659121489e+03,4.145120953239136e+03,5.882352941176471e-01,34803539
4.147665764418582e+03,4.145901058536229e+03,5.882352941176471e-01,34803540
4.150908625276225e+03,4.149143919393873e+03,5.882352941176471e-01,34803543
4.152483038379853e+03,4.147188920732794e+03,1.764705882352941e+00,34803541
4.153558522221221e+03,4.148264404574162e+03,1.764705882352941e+00,34803542
4.155333846272900e+03,4.153569140390547e+03,5.882352941176471e-01,34803546
4.157338824000145e+03,4.152044706353086e+03,1.764705882352941e+00,34803544
4.159850048867013e+03,4.152274717934312e+03,1.764705882352941e+00,34803545
4.161614754749366e+03,4.159724845192227e+03,5.882352941176471e-01,34803551
4.162512805724758e+03,4.156628824060057e+03,1.764705882352941e+00,34803549
4.162512805724758e+03,4.154490279909502e+03,1.764705882352941e+00,34803548
4.164052998863263e+03,4.160903243120058e+03,5.882352941176471e-01,34803553
4.164052998863263e+03,4.160951705796362e+03,5.882352941176471e-01,34803554
4.165817704745616e+03,4.157191632534332e+03,1.176470588235294e+00,34803550
4.165817704745616e+03,4.160633329371704e+03,1.176470588235294e+00,34803552
4.165817704745616e+03,4.163167773747618e+03,5.882352941176471e-01,34803556
4.167582410627969e+03,4.165369991049764e+03,5.882352941176471e-01,34803557
4.173864506648098e+03,4.172099800765745e+03,5.882352941176471e-01,34803558
4.175395283156575e+03,4.173630577274223e+03,5.882352941176471e-01,34803560
4.175976197678438e+03,4.174211491796085e+03,5.882352941176471e-01,34803561
4.178571997747713e+03,4.174214551338208e+03,1.176470588235294e+00,34803562
4.178638754569774e+03,4.176874048687421e+03,5.882352941176471e-01,34803563
4.178924694921281e+03,4.173277880100654e+03,1.764705882352941e+00,34803559
4.180336703630066e+03,4.177185210165582e+03,5.882352941176471e-01,34803564
4.181551063317398e+03,4.179786357435045e+03,5.882352941176471e-01,34803565
4.182109710259670e+03,4.180345004377317e+03,5.882352941176471e-01,34803566
4.183315769199751e+03,4.181255880754429e+03,5.882352941176471e-01,34803568
4.183874416142023e+03,4.181976078311432e+03,5.882352941176471e-01,34803569
4.184012058332591e+03,4.182247352450238e+03,5.882352941176471e-01,34803570
4.185707943119660e+03,4.183622496651448e+03,5.882352941176471e-01,34803571
4.186839013208077e+03,4.180476478811506e+03,1.764705882352941e+00,34803567
4.187559700264288e+03,4.184990550913214e+03,5.882352941176471e-01,34803574
4.187559700264288e+03,4.184819322407597e+03,5.882352941176471e-01,34803573
4.191089112028994e+03,4.183696875922075e+03,1.764705882352941e+00,34803572
4.191415658737765e+03,4.189550640399057e+03,5.882352941176471e-01,34803579
4.192493474383241e+03,4.190143220650543e+03,5.882352941176471e-01,34803581
4.194258180265594e+03,4.191755829766291e+03,5.882352941176471e-01,34803583
4.194368991232353e+03,4.192604285350000e+03,5.882352941176471e-01,34803584
4.195036989419524e+03,4.193272283537171e+03,5.882352941176471e-01,34803585
4.197556921957297e+03,4.185969096906485e+03,1.176470588235294e+00,34803576
4.199321627839650e+03,4.187901413235709e+03,1.764705882352941e+00,34803578
4.199321627839650e+03,4.187886246973059e+03,1.764705882352941e+00,34803577
4.201086333722003e+03,4.198825931181301e+03,5.882352941176471e-01,34803593
4.203116814681451e+03,4.200588601871066e+03,5.882352941176471e-01,34803595
4.203648364835642e+03,4.191342537474032e+03,1.764705882352941e+00,34803582
4.206912001523252e+03,4.200384728148032e+03,1.764705882352941e+00,34803594
4.206912001523252e+03,4.197764340596612e+03,1.764705882352941e+00,34803592
4.208448531312383e+03,4.204897065651550e+03,5.882352941176471e-01,34803599
4.208676707405605e+03,4.206702624921966e+03,5.882352941176471e-01,34803602
4.210314624730181e+03,4.207494754557438e+03,5.882352941176471e-01,34803603
4.210732789805051e+03,4.202179719591921e+03,1.764705882352941e+00,34803597
4.212163856317719e+03,4.209839917067230e+03,5.882352941176471e-01,34803607
4.212163856317719e+03,4.208986507493759e+03,5.882352941176471e-01,34803606
4.212497495687404e+03,4.208651306383274e+03,1.176470588235294e+00,34803605
4.214539100284997e+03,4.212774394402644e+03,5.882352941176471e-01,34803609
4.214773681897867e+03,4.213008976015514e+03,5.882352941176471e-01,34803610
4.216932398826263e+03,4.215167692943910e+03,5.882352941176471e-01,34803613
4.218444445596372e+03,4.216679739714019e+03,5.882352941176471e-01,34803614
4.218809307523809e+03,4.213515189876750e+03,1.764705882352941e+00,34803611
4.220209151478725e+03,4.217495115970874e+03,5.882352941176471e-01,34803616
4.220461810590969e+03,4.218694103526383e+03,5.882352941176471e-01,34803617
4.222219881024371e+03,4.214796195567522e+03,1.764705882352941e+00,34803612
4.222226516473322e+03,4.216713779761653e+03,1.176470588235294e+00,34803615
4.225635199646221e+03,4.223870493763868e+03,5.882352941176471e-01,34803620
4.225749292789077e+03,4.219473184156968e+03,1.764705882352941e+00,34803618
4.227267975008136e+03,4.220939371514743e+03,1.764705882352941e+00,34803619
4.227475967623811e+03,4.224247922691645e+03,5.882352941176471e-01,34803621
4.229188675352245e+03,4.225786658386439e+03,5.882352941176471e-01,34803624
4.229188675352245e+03,4.226680913608732e+03,5.882352941176471e-01,34803626
4.230953381234598e+03,4.224326937883191e+03,1.176470588235294e+00,34803622
4.231301817521818e+03,4.229537111639466e+03,5.882352941176471e-01,34803628
4.232718087116951e+03,4.226341243332480e+03,1.764705882352941e+00,34803625
4.232892305260561e+03,4.230685933972907e+03,5.882352941176471e-01,34803630
4.232892305260561e+03,4.230175386891295e+03,5.882352941176471e-01,34803629
4.237754544651423e+03,4.235989838769071e+03,5.882352941176471e-01,34803632
4.239958962711263e+03,4.234664845064204e+03,1.764705882352941e+00,34803631
4.241127763378754e+03,4.239363057496401e+03,5.882352941176471e-01,34803634
4.241723668593616e+03,4.239826402784141e+03,5.882352941176471e-01,34803635
4.243136956705103e+03,4.237842839058044e+03,1.764705882352941e+00,34803633
4.245410187909565e+03,4.243645482027212e+03,5.882352941176471e-01,34803638
4.247441688263234e+03,4.245122851407883e+03,5.882352941176471e-01,34803641
4.247940961451857e+03,4.242323321591350e+03,1.764705882352941e+00,34803636
4.249206394145587e+03,4.246909392546795e+03,5.882352941176471e-01,34803643
4.249206394145587e+03,4.246690426837642e+03,5.882352941176471e-01,34803642
4.249705667334210e+03,4.247626743324273e+03,5.882352941176471e-01,34803644
4.251137524424148e+03,4.244559135372071e+03,1.176470588235294e+00,34803640
4.252902230306501e+03,4.250953958697929e+03,5.882352941176470e-01,34803645
4.252902230306501e+03,4.244179070969845e+03,1.764705882352941e+00,34803639
4.252902230306501e+03,4.242737887300939e+03,1.764705882352941e+00,34803637
4.255023706319666e+03,4.253259000437313e+03,5.882352941176471e-01,34803648
4.258196347953559e+03,4.252266983271324e+03,1.764705882352941e+00,34803647
4.258196347953559e+03,4.252016657341205e+03,1.764705882352941e+00,34803646
4.262034756682050e+03,4.256740639034992e+03,1.764705882352941e+00,34803649
4.266054788033866e+03,4.260760670386807e+03,1.764705882352941e+00,34803650
4.266756102861460e+03,4.264991396979107e+03,5.882352941176471e-01,34803652
4.270099011477121e+03,4.264804893830063e+03,1.764705882352941e+00,34803651
4.271768414517442e+03,4.267711108953048e+03,1.176470588235294e+00,34803654
4.271768414517442e+03,4.266591329292631e+03,1.176470588235294e+00,34803653
4.273533120399795e+03,4.271652568666054e+03,5.882352941176471e-01,34803658
4.273671212933564e+03,4.271906507051211e+03,5.882352941176471e-01,34803659
4.276835706629912e+03,4.269688150099681e+03,1.764705882352941e+00,34803656
4.276835706629912e+03,4.268118065915376e+03,1.764705882352941e+00,34803655
4.277200624698270e+03,4.270239570311900e+03,1.764705882352941e+00,34803657
4.278722051868384e+03,4.275598081138975e+03,5.882352941176471e-01,34803660
4.280486757750737e+03,4.277454965601173e+03,5.882352941176471e-01,34803664
4.280486757750737e+03,4.278401178604201e+03,5.882352941176471e-01,34803665
4.284119793727241e+03,4.276448448546306e+03,1.764705882352941e+00,34803662
4.284119793727241e+03,4.276008006149053e+03,1.764705882352941e+00,34803661
4.285780875397796e+03,4.282945263287690e+03,5.882352941176471e-01,34803668
4.285884499609594e+03,4.280797630386130e+03,1.176470588235294e+00,34803667
4.287545581280149e+03,4.285528161478137e+03,5.882352941176471e-01,34803669
4.287649205491947e+03,4.280347733407770e+03,1.764705882352941e+00,34803666
4.290134727844817e+03,4.288370021962464e+03,5.882352941176471e-01,34803671
4.291047374514033e+03,4.289282668631680e+03,5.882352941176471e-01,34803672
4.291990410420326e+03,4.290225704537973e+03,5.882352941176471e-01,34803673
4.292012360263014e+03,4.286718242615955e+03,1.764705882352941e+00,34803670
4.294114506261659e+03,4.292349800379307e+03,5.882352941176471e-01,34803676
4.295752004175730e+03,4.293116375754790e+03,5.882352941176471e-01,34803677
4.295752004175730e+03,4.293500529047003e+03,5.882352941176471e-01,34803678
4.296341492161091e+03,4.290332104508975e+03,1.764705882352941e+00,34803674
4.298263853350428e+03,4.296499147468075e+03,5.882352941176471e-01,34803679
4.298707102739221e+03,4.296942396856868e+03,5.882352941176471e-01,34803680
4.299281415940436e+03,4.292095384442742e+03,1.764705882352941e+00,34803675
4.300028559232781e+03,4.297856354718422e+03,5.882352941176471e-01,34803681
4.302125826190317e+03,4.300361120307964e+03,5.882352941176471e-01,34803683
4.302765208576557e+03,4.301000502694204e+03,5.882352941176471e-01,34803684
4.304001220386279e+03,4.298388661651532e+03,1.764705882352941e+00,34803682
4.307530632150985e+03,4.301267340437547e+03,1.764705882352941e+00,34803685
4.309239993876533e+03,4.303301799304766e+03,1.764705882352941e+00,34803686
4.310608093227486e+03,4.307545216536689e+03,5.882352941176471e-01,34803691
4.311034359967389e+03,4.308928201601234e+03,5.882352941176471e-01,34803696
4.312799065849742e+03,4.310912229801397e+03,5.882352941176471e-01,34803698
4.314559795471894e+03,4.304919809932699e+03,1.764705882352941e+00,34803688
4.314813252026148e+03,4.313048546143795e+03,5.882352941176471e-01,34803699
4.316218928734322e+03,4.306474092063007e+03,1.764705882352941e+00,34803689
4.316451229631374e+03,4.313897945024593e+03,5.882352941176471e-01,34803701
4.318099785065201e+03,4.315617052718525e+03,5.882352941176471e-01,34803703
4.318099785065201e+03,4.315493346444112e+03,5.882352941176471e-01,34803702
4.318215935513727e+03,4.313604866243114e+03,1.176470588235294e+00,34803700
4.321326984933819e+03,4.319562279051466e+03,5.882352941176471e-01,34803704
4.321680162856753e+03,4.319915456974400e+03,5.882352941176471e-01,34803705
4.323444868739106e+03,4.321328788738438e+03,5.882352941176471e-01,34803710
4.324857599234938e+03,4.323087284965720e+03,5.882352941176471e-01,34803711
4.325209574621459e+03,4.320283774183684e+03,1.176470588235294e+00,34803707
4.325314599017604e+03,4.320020481370546e+03,1.764705882352941e+00,34803706
4.326798292810551e+03,4.324412445025989e+03,5.882352941176471e-01,34803713
4.326798292810551e+03,4.323882825107236e+03,5.882352941176471e-01,34803712
4.327079304899957e+03,4.325210081868314e+03,5.882352941176471e-01,34803714
4.328562998692904e+03,4.325381500180884e+03,5.882352941176471e-01,34803715
4.333727046549806e+03,4.331962340667453e+03,5.882352941176471e-01,34803716
4.333801059466330e+03,4.332036353583977e+03,5.882352941176471e-01,34803717
4.334554115091151e+03,4.332789409208798e+03,5.882352941176471e-01,34803718
4.335491752432159e+03,4.332898415310066e+03,5.882352941176471e-01,34803719
4.337017862980610e+03,4.335253157098257e+03,5.882352941176471e-01,34803721
4.337561535383311e+03,4.335796829500958e+03,5.882352941176471e-01,34803722
4.339038629418353e+03,4.337273923536000e+03,5.882352941176471e-01,34803723
4.339525093149953e+03,4.337760387267600e+03,5.882352941176471e-01,34803724
4.340540871639117e+03,4.335246753992058e+03,1.764705882352941e+00,34803720
4.340995713457937e+03,4.337890441543093e+03,5.882352941176471e-01,34803725
4.343562394159241e+03,4.339513185266983e+03,1.176470588235294e+00,34803730
4.345327100041593e+03,4.339295133627995e+03,1.764705882352941e+00,34803729
4.345808465573295e+03,4.343103020856164e+03,5.882352941176471e-01,34803732
4.346289831104996e+03,4.340926760994566e+03,1.764705882352941e+00,34803731
4.347573171455648e+03,4.345503240529161e+03,5.882352941176471e-01,34803736
4.348054536987349e+03,4.346047995891728e+03,5.882352941176471e-01,34803737
4.350709287932436e+03,4.344957065004552e+03,1.764705882352941e+00,34803734
4.353046789993142e+03,4.347752672346083e+03,1.764705882352941e+00,34803738
4.353714804086315e+03,4.348420686439256e+03,1.764705882352941e+00,34803739
4.354811957509218e+03,4.351590357154102e+03,5.882352941176471e-01,34803741
4.355479509968668e+03,4.353213314500326e+03,5.882352941176471e-01,34803745
4.358341369273924e+03,4.351897506334658e+03,1.764705882352941e+00,34803742
4.358341369273924e+03,4.351282699622420e+03,1.764705882352941e+00,34803740
4.358631378267546e+03,4.356866672385193e+03,5.882352941176471e-01,34803746
4.360202744820818e+03,4.357869258886133e+03,5.882352941176471e-01,34803748
4.361967450703171e+03,4.358042878342464e+03,1.176470588235294e+00,34803749
4.361967450703171e+03,4.359836182274313e+03,5.882352941176471e-01,34803750
4.363732156585524e+03,4.356985442422760e+03,1.764705882352941e+00,34803747
4.365520559468591e+03,4.363755853586238e+03,5.882352941176471e-01,34803751
4.369065386933550e+03,4.363771269286492e+03,1.764705882352941e+00,34803752
4.373049437794106e+03,4.371284731911754e+03,5.882352941176471e-01,34803753
4.373733221090932e+03,4.371968515208580e+03,5.882352941176471e-01,34803754
4.375145924202112e+03,4.373381218319759e+03,5.882352941176471e-01,34803755
4.378104030775288e+03,4.376339324892935e+03,5.882352941176471e-01,34803758
4.379565958904491e+03,4.374271841257432e+03,1.764705882352941e+00,34803756
4.379926329822920e+03,4.378161623940567e+03,5.882352941176471e-01,34803759
4.381159851444207e+03,4.375865733797148e+03,1.764705882352941e+00,34803757
4.381510850246058e+03,4.379505831687798e+03,5.882352941176471e-01,34803761
4.381510850246058e+03,4.378625290759464e+03,5.882352941176471e-01,34803760
4.383275556128411e+03,4.381435491182737e+03,5.882352941176471e-01,34803765
4.384758940086625e+03,4.382080932612104e+03,5.882352941176471e-01,34803766
4.385073731248692e+03,4.383309025366339e+03,5.882352941176471e-01,34803769
4.386804967893117e+03,4.380210037722093e+03,1.176470588235294e+00,34803762
4.388475899800757e+03,4.385299398325035e+03,5.882352941176471e-01,34803772
4.388569673775470e+03,4.381241552259979e+03,1.764705882352941e+00,34803764
4.390240605683110e+03,4.388245621022448e+03,5.882352941176471e-01,34803775
4.393115000499278e+03,4.383023060674099e+03,1.764705882352941e+00,34803768
4.393770017447816e+03,4.387324637899080e+03,1.764705882352941e+00,34803774
4.395534723330169e+03,4.393355843858238e+03,5.882352941176471e-01,34803781
4.395703919574623e+03,4.393874107987070e+03,5.882352941176471e-01,34803782
4.398438407553891e+03,4.396470632370591e+03,5.882352941176471e-01,34803785
4.399064135094875e+03,4.397285258527289e+03,5.882352941176471e-01,34803786
4.399734710067456e+03,4.390093546214123e+03,1.764705882352941e+00,34803777
4.401499415949809e+03,4.399437898808753e+03,5.882352941176471e-01,34803788
4.402243056673410e+03,4.394908995789185e+03,1.764705882352941e+00,34803783
4.402593546859581e+03,4.400665778726023e+03,5.882352941176471e-01,34803789
4.403290020980650e+03,4.401525315098297e+03,5.882352941176471e-01,34803790
4.404876694284511e+03,4.403111988402158e+03,5.882352941176471e-01,34803791
4.405172406400534e+03,4.403407700518181e+03,5.882352941176471e-01,34803792
4.405746569289628e+03,4.398988882263517e+03,1.764705882352941e+00,34803787
4.406789256224875e+03,4.403462920572506e+03,5.882352941176471e-01,34803793
4.408206399795479e+03,4.405371902842220e+03,5.882352941176471e-01,34803795
4.408206399795479e+03,4.405375753937416e+03,5.882352941176471e-01,34803796
4.409971105677832e+03,4.405543006680321e+03,1.176470588235294e+00,34803797
4.409971105677832e+03,4.406862207713264e+03,5.882352941176471e-01,34803798
4.411735811560185e+03,4.403953721081251e+03,1.764705882352941e+00,34803794
4.415389758703597e+03,4.410095641056539e+03,1.764705882352941e+00,34803799
4.415497800465745e+03,4.410203682818686e+03,1.764705882352941e+00,34803800
4.417208485467024e+03,4.414612773143306e+03,5.882352941176471e-01,34803804
4.417733078794678e+03,4.415573444728510e+03,5.882352941176471e-01,34803806
4.418973191349377e+03,4.416433325125538e+03,5.882352941176471e-01,34803807
4.419497784677031e+03,4.417577725822842e+03,5.882352941176471e-01,34803809
4.422694234968888e+03,4.419584812431598e+03,5.882352941176471e-01,34803811
4.422719036426664e+03,4.413447858099714e+03,1.764705882352941e+00,34803802
4.422719036426664e+03,4.412029855034285e+03,1.764705882352941e+00,34803801
4.424690719763563e+03,4.422926013881210e+03,5.882352941176471e-01,34803816
4.426236047462482e+03,4.419065617373077e+03,1.764705882352941e+00,34803810
4.426236047462482e+03,4.417209534448837e+03,1.764705882352941e+00,34803808
4.428000753344835e+03,4.425730904381762e+03,5.882352941176471e-01,34803819
4.428000753344835e+03,4.425446280546492e+03,5.882352941176471e-01,34803818
4.429765459227188e+03,4.427665606188287e+03,5.882352941176471e-01,34803820
4.429984837410622e+03,4.423543955561625e+03,1.764705882352941e+00,34803817
4.430788378067448e+03,4.429023672185095e+03,5.882352941176471e-01,34803821
4.431530165109541e+03,4.429478299286636e+03,5.882352941176471e-01,34803822
4.432191668391761e+03,4.430426962509408e+03,5.882352941176471e-01,34803823
4.437958199016814e+03,4.432664081369755e+03,1.764705882352941e+00,34803824
4.439706919269193e+03,4.437942213386840e+03,5.882352941176471e-01,34803825
4.441224548584708e+03,4.439459842702355e+03,5.882352941176471e-01,34803826
4.446939786767338e+03,4.441645669120279e+03,1.764705882352941e+00,34803827
4.447474282502563e+03,4.442180164855504e+03,1.764705882352941e+00,34803828
4.447692216344680e+03,4.442398098697621e+03,1.764705882352941e+00,34803829
4.449105364451110e+03,4.445925745586245e+03,5.882352941176471e-01,34803831
4.449105364451110e+03,4.445103300071845e+03,5.882352941176471e-01,34803830
4.449535709392854e+03,4.447771003510501e+03,5.882352941176471e-01,34803834
4.451013518647377e+03,4.447771511707523e+03,5.882352941176471e-01,34803835
4.451013518647377e+03,4.447834339496509e+03,5.882352941176471e-01,34803836
4.451013518647377e+03,4.448763074786318e+03,5.882352941176471e-01,34803837
4.455455407228832e+03,4.453690701346479e+03,5.882352941176471e-01,34803840
4.456307636294436e+03,4.450990184394930e+03,1.764705882352941e+00,34803838
4.457661500724974e+03,4.452367383077916e+03,1.764705882352941e+00,34803839
4.460970218682786e+03,4.458906745613620e+03,5.882352941176471e-01,34803848
4.462955618372033e+03,4.455001595974254e+03,1.764705882352941e+00,34803841
4.464596698562159e+03,4.457055239963561e+03,1.764705882352941e+00,34803843
4.464720324254386e+03,4.462820145872715e+03,5.882352941176471e-01,34803853
4.466423217290626e+03,4.461403197605026e+03,1.176470588235294e+00,34803850
4.468063070381030e+03,4.465584508013066e+03,5.882352941176471e-01,34803855
4.468187923172979e+03,4.460901860574132e+03,1.764705882352941e+00,34803849
4.469827776263383e+03,4.467643284171045e+03,5.882352941176471e-01,34803856
4.469952629055332e+03,4.464215462933988e+03,1.764705882352941e+00,34803854
4.470151428746847e+03,4.468386722864494e+03,5.882352941176471e-01,34803857
4.471717334937685e+03,4.469902035282015e+03,5.882352941176471e-01,34803862
4.473458987977379e+03,4.471254433896893e+03,5.882352941176471e-01,34803865
4.474059639752359e+03,4.471739019238896e+03,5.882352941176471e-01,34803867
4.475824345634712e+03,4.473866655845307e+03,5.882352941176471e-01,34803871
4.478753105624438e+03,4.476058547762927e+03,5.882352941176471e-01,34803874
4.479003730555316e+03,4.477164288254986e+03,5.882352941176471e-01,34803875
4.479426350507935e+03,4.468920048668865e+03,1.764705882352941e+00,34803858
4.481085401402133e+03,4.472673733110811e+03,1.176470588235294e+00,34803869
4.482282517389144e+03,4.480127494280512e+03,5.882352941176471e-01,34803877
4.482850107284486e+03,4.473709612908257e+03,1.764705882352941e+00,34803870
4.484614813166839e+03,4.482795508022406e+03,5.882352941176471e-01,34803880
4.484614813166839e+03,4.478536022186140e+03,1.764705882352941e+00,34803876
4.488144224931545e+03,4.481459271703827e+03,1.764705882352941e+00,34803878
4.489753383524542e+03,4.486992048512278e+03,5.882352941176471e-01,34803884
4.489831157169220e+03,4.483011131665101e+03,1.764705882352941e+00,34803881
4.491556976229234e+03,4.488617882710190e+03,5.882352941176471e-01,34803885
4.491556976229234e+03,4.489630485547584e+03,5.882352941176471e-01,34803886
4.491673636696251e+03,4.484834223889722e+03,1.764705882352941e+00,34803883
4.493321682111587e+03,4.491319286986808e+03,5.882352941176471e-01,34803887
4.493918197746189e+03,4.492153491863836e+03,5.882352941176471e-01,34803889
4.495086387993940e+03,4.493189680781161e+03,5.882352941176471e-01,34803890
4.495618196852495e+03,4.492088785087789e+03,1.176470588235294e+00,34803888
4.497010368917276e+03,4.494555677337185e+03,5.882352941176471e-01,34803892
4.497418864375737e+03,4.495404938075906e+03,5.882352941176471e-01,34803894
4.498775074799629e+03,4.496404032950322e+03,5.882352941176471e-01,34803896
4.499183570258090e+03,4.493925414251921e+03,1.176470588235294e+00,34803891
4.500539780681982e+03,4.497768165016889e+03,5.882352941176471e-01,34803897
4.500948276140443e+03,4.495579280609758e+03,1.764705882352941e+00,34803895
4.509324129476186e+03,4.507559423593833e+03,5.882352941176471e-01,34803898
4.512225122449369e+03,4.510460416567016e+03,5.882352941176471e-01,34803899
4.513520615399410e+03,4.511755909517057e+03,5.882352941176471e-01,34803901
4.514032655179757e+03,4.512033884526900e+03,5.882352941176471e-01,34803903
4.515285321281763e+03,4.513107801486152e+03,5.882352941176471e-01,34803905
4.517248724680384e+03,4.511792812454582e+03,1.176470588235294e+00,34803902
4.519013430562737e+03,4.510524656839068e+03,1.764705882352941e+00,34803900
4.520109777009858e+03,4.514147299927568e+03,1.764705882352941e+00,34803907
4.520109777009858e+03,4.513624845374247e+03,1.764705882352941e+00,34803906
4.521326309668651e+03,4.518203110169184e+03,5.882352941176471e-01,34803909
4.523975914062896e+03,4.522067981289651e+03,5.882352941176471e-01,34803912
4.524855721433356e+03,4.517585877801658e+03,1.764705882352941e+00,34803908
4.525406347146956e+03,4.523144404432295e+03,5.882352941176471e-01,34803913
4.526736640942741e+03,4.524717718722303e+03,5.882352941176471e-01,34803915
4.527424823369755e+03,4.525124325145834e+03,5.882352941176471e-01,34803918
4.527424823369755e+03,4.525088148687420e+03,5.882352941176471e-01,34803917
4.528501346825094e+03,4.526557473016690e+03,5.882352941176471e-01,34803919
4.529102895310808e+03,4.521876935382250e+03,1.176470588235294e+00,34803911
4.530266052707447e+03,4.528179283927012e+03,5.882352941176471e-01,34803920
4.530867601193161e+03,4.520446502298190e+03,1.764705882352941e+00,34803910
4.532030758589800e+03,4.529737329964910e+03,5.882352941176471e-01,34803921
4.532632307075514e+03,4.524149181945495e+03,1.764705882352941e+00,34803914
4.534024679045762e+03,4.532259973163409e+03,5.882352941176471e-01,34803922
4.535020262309184e+03,4.533255556426831e+03,5.882352941176471e-01,34803923
4.535027378903965e+03,4.533262673021612e+03,5.882352941176471e-01,34803924
4.535789384928115e+03,4.533605293567635e+03,5.882352941176471e-01,34803925
4.537030462130664e+03,4.535265756248311e+03,5.882352941176471e-01,34803926
4.537828627373635e+03,4.536063921491282e+03,5.882352941176471e-01,34803927
4.538197320387339e+03,4.536432614504986e+03,5.882352941176471e-01,34803928
4.541183158841594e+03,4.539418452959242e+03,5.882352941176471e-01,34803930
4.542197657760329e+03,4.540432951877976e+03,5.882352941176471e-01,34803931
4.542324579777722e+03,4.536881729694125e+03,1.764705882352941e+00,34803929
4.545811684203297e+03,4.543536697647661e+03,5.882352941176471e-01,34803937
4.545811684203297e+03,4.543149465830231e+03,5.882352941176471e-01,34803936
4.546477276488653e+03,4.540977751946819e+03,1.764705882352941e+00,34803932
4.548241982371006e+03,4.546199340967056e+03,5.882352941176471e-01,34803939
4.549341095968003e+03,4.546890048621513e+03,5.882352941176471e-01,34803940
4.549534924349883e+03,4.541623466813711e+03,1.764705882352941e+00,34803933
4.551299630232236e+03,4.549375399040822e+03,5.882352941176471e-01,34803945
4.552975997691853e+03,4.550544986174112e+03,5.882352941176471e-01,34803947
4.555158428709984e+03,4.552441263153131e+03,5.882352941176471e-01,34803950
4.555576153845762e+03,4.544860122704865e+03,1.764705882352941e+00,34803938
4.556923134592337e+03,4.553892097550802e+03,5.882352941176471e-01,34803953
4.558687840474690e+03,4.556703805190777e+03,5.882352941176471e-01,34803956
4.558934362459912e+03,4.548466406137720e+03,1.176470588235294e+00,34803943
4.560452546357043e+03,4.558280892491327e+03,5.882352941176471e-01,34803958
4.562708273904362e+03,4.555893950054694e+03,1.764705882352941e+00,34803955
4.562708273904362e+03,4.554058130196422e+03,1.764705882352941e+00,34803954
4.563981958121749e+03,4.557357762642277e+03,1.764705882352941e+00,34803957
4.564472979786715e+03,4.562260094091873e+03,5.882352941176471e-01,34803960
4.564472979786715e+03,4.561934657850459e+03,5.882352941176471e-01,34803959
4.565992174836585e+03,4.562768115140236e+03,5.882352941176471e-01,34803961
4.565992174836585e+03,4.563117894162559e+03,5.882352941176471e-01,34803962
4.567916048943256e+03,4.566151343060903e+03,5.882352941176471e-01,34803963
4.570630483990667e+03,4.568865778108315e+03,5.882352941176471e-01,34803964
4.572159937360080e+03,4.570395231477727e+03,5.882352941176471e-01,34803966
4.572395189873020e+03,4.570414823503558e+03,5.882352941176471e-01,34803967
4.574696261858260e+03,4.569402144211201e+03,1.764705882352941e+00,34803965
4.575945752155280e+03,4.572416340390574e+03,1.176470588235294e+00,34803968
4.576336408674712e+03,4.574533379469612e+03,5.882352941176471e-01,34803970
4.577595751271245e+03,4.572806996910006e+03,1.176470588235294e+00,34803969
4.578340380389353e+03,4.574810968624647e+03,1.176470588235294e+00,34803971
4.580105086271706e+03,4.578338401559498e+03,5.882352941176471e-01,34803974
4.581869792154059e+03,4.579809456845612e+03,5.882352941176471e-01,34803975
4.582090260976641e+03,4.576796143329582e+03,1.764705882352941e+00,34803972
4.582889868918304e+03,4.577107259698422e+03,1.764705882352941e+00,34803973
4.583744732447703e+03,4.580694095620145e+03,5.882352941176471e-01,34803976
4.587274144212409e+03,4.581036876696939e+03,1.764705882352941e+00,34803977
4.588216260033092e+03,4.582922142386034e+03,1.764705882352941e+00,34803978
4.589297784460174e+03,4.587533078577821e+03,5.882352941176471e-01,34803982
4.591894209554627e+03,4.583567668428937e+03,1.764705882352941e+00,34803979
4.592660775570436e+03,4.590896069688083e+03,5.882352941176471e-01,34803984
4.592827196224880e+03,4.585870294111589e+03,1.764705882352941e+00,34803981
4.594724062122474e+03,4.592959356240121e+03,5.882352941176471e-01,34803986
4.595423621319333e+03,4.591016854879233e+03,1.176470588235294e+00,34803985
4.596097673624174e+03,4.588772269912161e+03,1.764705882352941e+00,34803983
4.596770500391482e+03,4.595005794509129e+03,5.882352941176471e-01,34803987
4.597188327201686e+03,4.595280922272855e+03,5.882352941176471e-01,34803988
4.597977450784178e+03,4.595595615376836e+03,5.882352941176471e-01,34803989
4.598535206273835e+03,4.596327816179477e+03,5.882352941176471e-01,34803991
4.599354818008597e+03,4.597590112126244e+03,5.882352941176471e-01,34803992
4.599742156666531e+03,4.597830478429843e+03,5.882352941176471e-01,34803993
4.603277979527092e+03,4.601513273644739e+03,5.882352941176471e-01,34803996
4.604306840030518e+03,4.599012722383460e+03,1.764705882352941e+00,34803994
4.604648935655656e+03,4.599317531270845e+03,1.764705882352941e+00,34803995
4.608572097174150e+03,4.602053989569312e+03,1.764705882352941e+00,34803997
4.609600957677577e+03,4.604187643587278e+03,1.764705882352941e+00,34803998
4.610191686412523e+03,4.607336066011746e+03,5.882352941176471e-01,34804000
4.612101508938856e+03,4.606662274647817e+03,1.764705882352941e+00,34803999
4.616521897091808e+03,4.614757191209455e+03,5.882352941176471e-01,34804002
4.616831186207884e+03,4.615066480325531e+03,5.882352941176471e-01,34804003
4.618274165819153e+03,4.612980048172094e+03,1.764705882352941e+00,34804001
4.618286602974161e+03,4.616153711393304e+03,5.882352941176471e-01,34804004
4.621254148257275e+03,4.619489442374923e+03,5.882352941176471e-01,34804006
4.622340003176041e+03,4.620575297293688e+03,5.882352941176471e-01,34804007
4.623661493911023e+03,4.618367376263964e+03,1.764705882352941e+00,34804005
4.624104709058394e+03,4.622297149517752e+03,5.882352941176471e-01,34804010
4.625104879907679e+03,4.622570956242644e+03,5.882352941176471e-01,34804011
4.627190905675729e+03,4.620824452182350e+03,1.764705882352941e+00,34804008
4.630067657376520e+03,4.628302951494167e+03,5.882352941176471e-01,34804013
4.631525342466202e+03,4.627995930701496e+03,1.176470588235294e+00,34804012
4.633290048348555e+03,4.630432414124466e+03,5.882352941176471e-01,34804016
4.633417740962257e+03,4.629888329197551e+03,1.176470588235294e+00,34804014
4.635150523691184e+03,4.632086591391146e+03,5.882352941176471e-01,34804017
4.635150523691184e+03,4.632634484251329e+03,5.882352941176471e-01,34804018
4.635361775023578e+03,4.629951103790179e+03,1.764705882352941e+00,34804015
4.636915229573537e+03,4.633881169517773e+03,5.882352941176471e-01,34804021
4.638357008052025e+03,4.636592302169672e+03,5.882352941176471e-01,34804023
4.639816939248931e+03,4.638052233366578e+03,5.882352941176471e-01,34804024
4.639919580041867e+03,4.636390168277161e+03,1.176470588235294e+00,34804022
4.640158557176657e+03,4.638393851294304e+03,5.882352941176471e-01,34804025
4.641691752783345e+03,4.639927046900992e+03,5.882352941176471e-01,34804026
4.641746568633652e+03,4.639981862751300e+03,5.882352941176471e-01,34804027
4.642060817077346e+03,4.640055395362875e+03,5.882352941176471e-01,34804028
4.643493002565903e+03,4.640433665213329e+03,5.882352941176471e-01,34804030
4.647022414330609e+03,4.641156528358884e+03,1.764705882352941e+00,34804031
4.647188674527507e+03,4.644013808204897e+03,5.882352941176471e-01,34804035
4.647354934724405e+03,4.641967728781689e+03,1.764705882352941e+00,34804033
4.648787120212962e+03,4.646712114268468e+03,5.882352941176471e-01,34804037
4.650718086292213e+03,4.642777379104610e+03,1.764705882352941e+00,34804034
4.651955039034552e+03,4.650190333152199e+03,5.882352941176471e-01,34804038
4.652933100061455e+03,4.651168394179102e+03,5.882352941176471e-01,34804039
4.653719744916905e+03,4.651785540449787e+03,5.882352941176471e-01,34804041
4.654697805943808e+03,4.652892045891506e+03,5.882352941176471e-01,34804042
4.655155436273142e+03,4.651626024508436e+03,1.176470588235294e+00,34804040
4.655861125174487e+03,4.654096419292134e+03,5.882352941176471e-01,34804043
4.657432908832666e+03,4.655668202950313e+03,5.882352941176471e-01,34804044
4.657827487576124e+03,4.656062781693771e+03,5.882352941176471e-01,34804045
4.659804850115311e+03,4.658040144232958e+03,5.882352941176471e-01,34804047
4.660924216793928e+03,4.659159510911575e+03,5.882352941176471e-01,34804048
4.661996423425803e+03,4.656702305778744e+03,1.764705882352941e+00,34804046
4.663688412500265e+03,4.661033089604091e+03,5.882352941176471e-01,34804052
4.663688412500265e+03,4.660969227742975e+03,5.882352941176471e-01,34804051
4.664483715786437e+03,4.662657608877621e+03,5.882352941176471e-01,34804053
4.665453118382618e+03,4.660954304021731e+03,1.176470588235294e+00,34804050
4.667217824264971e+03,4.660086283927669e+03,1.764705882352941e+00,34804049
4.670747236029677e+03,4.668976689826836e+03,5.882352941176471e-01,34804059
4.671513962752823e+03,4.665364218139422e+03,1.764705882352941e+00,34804055
4.671513962752823e+03,4.665142672735973e+03,1.764705882352941e+00,34804054
4.672718939798120e+03,4.670954233915767e+03,5.882352941176471e-01,34804060
4.673445040538019e+03,4.671286522798194e+03,5.882352941176471e-01,34804062
4.673445040538019e+03,4.670963947367924e+03,5.882352941176471e-01,34804061
4.674483645680473e+03,4.671846706558509e+03,5.882352941176471e-01,34804065
4.675209746420372e+03,4.672946264383568e+03,5.882352941176471e-01,34804066
4.676974452302724e+03,4.674937502538254e+03,5.882352941176471e-01,34804067
4.677390255930907e+03,4.667065765039492e+03,1.764705882352941e+00,34804058
4.677390255930907e+03,4.666191761320079e+03,1.764705882352941e+00,34804056
4.678751903944607e+03,4.675560631338480e+03,5.882352941176471e-01,34804068
4.679154961813259e+03,4.676999943821785e+03,5.882352941176471e-01,34804070
4.680718138761286e+03,4.678706791666667e+03,5.882352941176471e-01,34804073
4.682482844643639e+03,4.679413640622099e+03,5.882352941176471e-01,34804074
4.682695111603319e+03,4.677400993956260e+03,1.764705882352941e+00,34804071
4.684318306179219e+03,4.681285887578962e+03,5.882352941176471e-01,34804076
4.684318306179219e+03,4.681417295835203e+03,5.882352941176471e-01,34804077
4.686384268363906e+03,4.682968550161599e+03,5.882352941176471e-01,34804081
4.688148974246259e+03,4.685541415540356e+03,5.882352941176471e-01,34804084
4.688148974246259e+03,4.685523331388554e+03,5.882352941176471e-01,34804083
4.690530732750850e+03,4.678565041490008e+03,1.764705882352941e+00,34804072
4.690704138276752e+03,4.688939432394399e+03,5.882352941176471e-01,34804086
4.691678386010964e+03,4.689128018429310e+03,5.882352941176471e-01,34804087
4.692295438633203e+03,4.690203990664632e+03,5.882352941176471e-01,34804088
4.693946664141050e+03,4.692181958258697e+03,5.882352941176471e-01,34804089
4.694233550041457e+03,4.687155584141704e+03,1.764705882352941e+00,34804085
4.694303088330356e+03,4.692538382448003e+03,5.882352941176471e-01,34804090
4.695711370023403e+03,4.693225579000172e+03,5.882352941176471e-01,34804091
4.697033996423049e+03,4.695269290540696e+03,5.882352941176471e-01,34804093
4.697476075905756e+03,4.695656434392493e+03,5.882352941176471e-01,34804094
4.698424012285099e+03,4.694894600520394e+03,1.176470588235294e+00,34804092
4.701116119660398e+03,4.699351413778045e+03,5.882352941176471e-01,34804096
4.701414606772772e+03,4.699649900890419e+03,5.882352941176471e-01,34804097
4.702833547478520e+03,4.701007721718912e+03,5.882352941176471e-01,34804099
4.702833547478520e+03,4.700682659962863e+03,5.882352941176471e-01,34804098
4.704598253360873e+03,4.701703670540353e+03,5.882352941176471e-01,34804102
4.707215797254211e+03,4.699256857649583e+03,1.764705882352941e+00,34804095
4.708127665125579e+03,4.701639985297350e+03,1.764705882352941e+00,34804101
4.708696223799569e+03,4.704976081673105e+03,5.882352941176471e-01,34804104
4.709892371007932e+03,4.707382229458937e+03,5.882352941176471e-01,34804107
4.711657076890285e+03,4.709645804175967e+03,5.882352941176471e-01,34804110
4.713634588194672e+03,4.711869882312319e+03,5.882352941176471e-01,34804111
4.713990341446628e+03,4.706097361072113e+03,1.764705882352941e+00,34804105
4.713990341446628e+03,4.704193458323886e+03,1.764705882352941e+00,34804103
4.715666109015992e+03,4.712422641227151e+03,5.882352941176471e-01,34804112
4.717430814898345e+03,4.715376143275160e+03,5.882352941176471e-01,34804118
4.719195520780698e+03,4.715958316956036e+03,5.882352941176471e-01,34804119
4.719195520780698e+03,4.716965283728897e+03,5.882352941176471e-01,34804121
4.722618529834387e+03,4.708748674757386e+03,1.764705882352941e+00,34804109
4.722618529834387e+03,4.708534586866589e+03,1.764705882352941e+00,34804108
4.722724932545404e+03,4.719584956541128e+03,5.882352941176471e-01,34804123
4.724383235716740e+03,4.721795947368187e+03,5.882352941176471e-01,34804124
4.726236610524940e+03,4.713390731306725e+03,1.764705882352941e+00,34804114
4.726236610524940e+03,4.713000004277832e+03,1.764705882352941e+00,34804113
4.727986396845881e+03,4.724426721737040e+03,5.882352941176471e-01,34804128
4.727986396845881e+03,4.724623814887015e+03,5.882352941176471e-01,34804129
4.727986396845881e+03,4.724645962378810e+03,5.882352941176471e-01,34804130
4.729751102728234e+03,4.723860021283960e+03,1.176470588235294e+00,34804125
4.729751102728234e+03,4.727425337665968e+03,5.882352941176471e-01,34804132
4.730699602327840e+03,4.728934896445487e+03,5.882352941176471e-01,34804133
4.733765412273167e+03,4.730236000508461e+03,1.176470588235294e+00,34804134
4.735630401804470e+03,4.733865695922117e+03,5.882352941176471e-01,34804136
4.735956974190630e+03,4.734192268308277e+03,5.882352941176471e-01,34804137
4.736553355824284e+03,4.733023944059578e+03,1.176470588235294e+00,34804135
4.739198892943520e+03,4.737434187061167e+03,5.882352941176471e-01,34804139
4.741256620182879e+03,4.735962502535821e+03,1.764705882352941e+00,34804138
4.741628103445687e+03,4.739863397563334e+03,5.882352941176471e-01,34804141
4.743021326065232e+03,4.741144211035522e+03,5.882352941176471e-01,34804142
4.743084191666500e+03,4.739554779901794e+03,1.176470588235294e+00,34804140
4.743990909577842e+03,4.742226203695489e+03,5.882352941176471e-01,34804143
4.744786031947585e+03,4.742395321922127e+03,5.882352941176471e-01,34804144
4.745990850621185e+03,4.744226144738832e+03,5.882352941176471e-01,34804146
4.746550737829938e+03,4.744372120020132e+03,5.882352941176471e-01,34804147
4.746741627869235e+03,4.743212216104529e+03,1.176470588235294e+00,34804145
4.747766441641728e+03,4.746001735759375e+03,5.882352941176471e-01,34804148
4.753118355588413e+03,4.751353649706060e+03,5.882352941176471e-01,34804151
4.753907850098794e+03,4.751792088462746e+03,5.882352941176471e-01,34804152
4.754636548608472e+03,4.749342430961413e+03,1.764705882352941e+00,34804149
4.755672555981147e+03,4.753271500060441e+03,5.882352941176471e-01,34804154
4.756690249425927e+03,4.754774956385986e+03,5.882352941176471e-01,34804156
4.757437261863500e+03,4.755468483767530e+03,5.882352941176471e-01,34804157
4.758412473235472e+03,4.750378438334088e+03,1.176470588235294e+00,34804150
4.761859714046080e+03,4.754429247154703e+03,1.764705882352941e+00,34804155
4.761859714046080e+03,4.753160837661222e+03,1.764705882352941e+00,34804153
4.762731379510559e+03,4.757226102686994e+03,1.764705882352941e+00,34804159
4.764658255440202e+03,4.761939217130328e+03,5.882352941176471e-01,34804163
4.765415626838868e+03,4.763273164136964e+03,5.882352941176471e-01,34804166
4.765415626838868e+03,4.763055719605139e+03,5.882352941176471e-01,34804165
4.767180332721221e+03,4.765379598765269e+03,5.882352941176471e-01,34804167
4.767385777885680e+03,4.765621072003327e+03,5.882352941176471e-01,34804168
4.768548338867441e+03,4.760507653267164e+03,1.764705882352941e+00,34804160
4.768945038603574e+03,4.766790652822669e+03,5.882352941176471e-01,34804169
4.772268654318905e+03,4.770503948436552e+03,5.882352941176471e-01,34804170
4.772769169246959e+03,4.771004463364606e+03,5.882352941176471e-01,34804171
4.772808188711307e+03,4.771043482828954e+03,5.882352941176471e-01,34804172
4.776232767536402e+03,4.772201595118294e+03,1.176470588235294e+00,34804173
4.777578697137430e+03,4.775212021710794e+03,5.882352941176471e-01,34804177
4.780659465701793e+03,4.772329506731154e+03,1.764705882352941e+00,34804174
4.780659465701793e+03,4.773999397068927e+03,1.764705882352941e+00,34804175
4.780659465701793e+03,4.774099173676521e+03,1.764705882352941e+00,34804176
4.782533983970874e+03,4.778488834158998e+03,5.882352941176471e-01,34804179
4.782533983970874e+03,4.779131234565281e+03,5.882352941176471e-01,34804180
4.784298689853227e+03,4.781098715248705e+03,5.882352941176471e-01,34804183
4.786063395735580e+03,4.780258820515486e+03,1.764705882352941e+00,34804181
4.786063395735580e+03,4.775320388071862e+03,1.764705882352941e+00,34804178
4.787828101617933e+03,4.783815147229870e+03,1.176470588235294e+00,34804184
4.789592807500286e+03,4.787349921728075e+03,5.882352941176471e-01,34804188
4.789592807500286e+03,4.786626813044069e+03,5.882352941176471e-01,34804187
4.791357513382639e+03,4.785487478693755e+03,1.176470588235294e+00,34804186
4.793122219264992e+03,4.791169512634166e+03,5.882352941176470e-01,34804192
4.793122219264992e+03,4.785100838345575e+03,1.764705882352941e+00,34804185
4.794886925147345e+03,4.791950048584778e+03,5.882352941176471e-01,34804195
4.796779823520407e+03,4.793699085473184e+03,5.882352941176471e-01,34804196
4.797036208501826e+03,4.787842664725789e+03,1.764705882352941e+00,34804189
4.798629991063233e+03,4.796450757273062e+03,5.882352941176471e-01,34804201
4.800394696945586e+03,4.798110410975889e+03,5.882352941176471e-01,34804203
4.802159402827939e+03,4.799121186059689e+03,5.882352941176471e-01,34804205
4.805688814592645e+03,4.803651999620493e+03,5.882352941176471e-01,34804212
4.805688814592645e+03,4.803217833982429e+03,5.882352941176471e-01,34804211
4.806482637958512e+03,4.791626418695311e+03,1.764705882352941e+00,34804194
4.807655041404328e+03,4.805890335521975e+03,5.882352941176471e-01,34804214
4.808416028282090e+03,4.806651322399737e+03,5.882352941176471e-01,34804215
4.810786355023072e+03,4.807899742431399e+03,5.882352941176471e-01,34804216
4.811089165452386e+03,4.798937649176958e+03,1.764705882352941e+00,34804204
4.811089165452386e+03,4.797989846680438e+03,1.764705882352941e+00,34804202
4.812702466120082e+03,4.810712337458790e+03,5.882352941176471e-01,34804220
4.812702466120082e+03,4.810373441221280e+03,5.882352941176471e-01,34804219
4.812853871334739e+03,4.804783998459913e+03,1.176470588235294e+00,34804213
4.815227670192669e+03,4.813462964310316e+03,5.882352941176471e-01,34804222
4.815248784511644e+03,4.813484078629291e+03,5.882352941176471e-01,34804223
4.816231877884788e+03,4.812631728979667e+03,1.176470588235294e+00,34804221
4.818386661104866e+03,4.816621955222513e+03,5.882352941176471e-01,34804225
4.820052973983080e+03,4.818288268100727e+03,5.882352941176471e-01,34804226
4.820521787839728e+03,4.814823278766705e+03,1.764705882352941e+00,34804224
4.822035656741146e+03,4.820270950858794e+03,5.882352941176471e-01,34804228
4.823965134716688e+03,4.818671017069629e+03,1.764705882352941e+00,34804227
4.825370254694206e+03,4.823605548811853e+03,5.882352941176471e-01,34804229
4.826269606481412e+03,4.824504900599059e+03,5.882352941176471e-01,34804230
4.828691625368722e+03,4.826926919486369e+03,5.882352941176471e-01,34804233
4.829001748899229e+03,4.827135079610122e+03,5.882352941176471e-01,34804234
4.830456331251075e+03,4.828417002312687e+03,5.882352941176471e-01,34804235
4.831648037278020e+03,4.825472337134523e+03,1.764705882352941e+00,34804231
4.834876668015793e+03,4.831347256251087e+03,1.176470588235294e+00,34804237
4.834992014641101e+03,4.829697896994042e+03,1.764705882352941e+00,34804236
4.835519799540688e+03,4.831990387775982e+03,1.176470588235294e+00,34804238
4.840096979961813e+03,4.838332274079460e+03,5.882352941176471e-01,34804239
4.843144832264455e+03,4.841380126382102e+03,5.882352941176471e-01,34804240
4.843334697740076e+03,4.841569991857723e+03,5.882352941176471e-01,34804242
4.844909538146808e+03,4.841786699114936e+03,5.882352941176471e-01,34804243
4.844994536578322e+03,4.841465124813616e+03,1.176470588235294e+00,34804241
4.848606226838928e+03,4.845076815074222e+03,1.176470588235294e+00,34804244
4.849123863816130e+03,4.847359157933777e+03,5.882352941176471e-01,34804246
4.850370932721281e+03,4.847608471569340e+03,5.882352941176471e-01,34804247
4.850805477525394e+03,4.845511359878336e+03,1.764705882352941e+00,34804245
4.851689297255565e+03,4.849924591373212e+03,5.882352941176471e-01,34804248
4.854833649537183e+03,4.851304237772478e+03,1.176470588235294e+00,34804249
4.855113292926146e+03,4.851583881161440e+03,1.176470588235294e+00,34804250
4.855176868985040e+03,4.853412163102687e+03,5.882352941176471e-01,34804251
4.858363061301889e+03,4.855673597294043e+03,5.882352941176471e-01,34804255
4.858925693714479e+03,4.855189773720004e+03,1.176470588235294e+00,34804253
4.860305937738643e+03,4.857622974171348e+03,5.882352941176471e-01,34804256
4.860690399596832e+03,4.853648708281697e+03,1.764705882352941e+00,34804252
4.863835349503349e+03,4.855602790179542e+03,1.764705882352941e+00,34804254
4.864219811361538e+03,4.858719402410691e+03,1.764705882352941e+00,34804258
4.865984517243891e+03,4.864037889688889e+03,5.882352941176471e-01,34804262
4.867428441057121e+03,4.865160814683117e+03,5.882352941176471e-01,34804264
4.867428441057121e+03,4.865323623061122e+03,5.882352941176471e-01,34804265
4.869200361157349e+03,4.867435655274996e+03,5.882352941176471e-01,34804267
4.870362603260167e+03,4.861877221130004e+03,1.176470588235294e+00,34804259
4.872729772922055e+03,4.867103114642739e+03,1.764705882352941e+00,34804266
4.873880443237716e+03,4.872115737355363e+03,5.882352941176471e-01,34804269
4.874487264586532e+03,4.868990120890671e+03,1.764705882352941e+00,34804268
4.875365860313086e+03,4.873601154430733e+03,5.882352941176471e-01,34804270
4.876734349685614e+03,4.874969643803262e+03,5.882352941176471e-01,34804272
4.878499055567967e+03,4.876724227952669e+03,5.882352941176471e-01,34804274
4.879100512010097e+03,4.876797507638846e+03,5.882352941176471e-01,34804275
4.880036278174049e+03,4.874742160526990e+03,1.764705882352941e+00,34804271
4.880263761450320e+03,4.877986287173061e+03,5.882352941176471e-01,34804276
4.881800984056402e+03,4.875571100245391e+03,1.176470588235294e+00,34804273
4.882632691485306e+03,4.880867985602953e+03,5.882352941176471e-01,34804278
4.884394629657156e+03,4.878624791612081e+03,1.764705882352941e+00,34804277
4.884785204414481e+03,4.883020498532128e+03,5.882352941176471e-01,34804280
4.886549910296834e+03,4.881929049844396e+03,1.176470588235294e+00,34804279
4.889338310339011e+03,4.883619828076903e+03,1.764705882352941e+00,34804282
4.889338310339011e+03,4.883147723330044e+03,1.764705882352941e+00,34804281
4.890961559507570e+03,4.888417292516548e+03,5.882352941176471e-01,34804285
4.890961559507570e+03,4.887826412181668e+03,5.882352941176471e-01,34804284
4.891103016221364e+03,4.887290691029071e+03,1.176470588235294e+00,34804283
4.892726265389923e+03,4.890105356084075e+03,5.882352941176471e-01,34804286
4.894474001066089e+03,4.892709295183736e+03,5.882352941176471e-01,34804288
4.896363086320067e+03,4.894598380437714e+03,5.882352941176471e-01,34804289
4.896933696052360e+03,4.891639578405301e+03,1.764705882352941e+00,34804287
4.897411331959707e+03,4.895646626077354e+03,5.882352941176471e-01,34804290
4.898875751269932e+03,4.897111045387579e+03,5.882352941176471e-01,34804292
4.901657203967125e+03,4.895891961570939e+03,1.764705882352941e+00,34804291
4.904591481724455e+03,4.902826775842103e+03,5.882352941176471e-01,34804295
4.905311662875109e+03,4.900017545228051e+03,1.764705882352941e+00,34804293
4.905697677302776e+03,4.900403559655717e+03,1.764705882352941e+00,34804294
4.906356187606808e+03,4.904435792999940e+03,5.882352941176471e-01,34804296
4.907269375971296e+03,4.904874782618443e+03,5.882352941176471e-01,34804298
4.907269375971296e+03,4.904843157331316e+03,5.882352941176471e-01,34804297
4.908120893489161e+03,4.905820434119339e+03,5.882352941176471e-01,34804299
4.909034081853649e+03,4.906983883011760e+03,5.882352941176471e-01,34804300
4.909949643482384e+03,4.908184937600031e+03,5.882352941176471e-01,34804301
4.913777833724232e+03,4.912013127841879e+03,5.882352941176471e-01,34804303
4.914644812648317e+03,4.909350695001259e+03,1.764705882352941e+00,34804302
4.914655652010746e+03,4.912890946128393e+03,5.882352941176471e-01,34804304
4.915542539606585e+03,4.913243765516390e+03,5.882352941176471e-01,34804305
4.916414938211885e+03,4.913843054620953e+03,5.882352941176471e-01,34804306
4.919042569447898e+03,4.917277863565545e+03,5.882352941176471e-01,34804309
4.919071951371291e+03,4.915113929088205e+03,1.176470588235294e+00,34804308
4.919944349976590e+03,4.914272375839291e+03,1.764705882352941e+00,34804307
4.920821966291948e+03,4.918723568967687e+03,5.882352941176471e-01,34804310
4.921803114246925e+03,4.919459846314271e+03,5.882352941176471e-01,34804312
4.922586672174300e+03,4.918886791894221e+03,1.176470588235294e+00,34804311
4.924678427374979e+03,4.921931229506342e+03,5.882352941176471e-01,34804317
4.924678427374979e+03,4.922229114049084e+03,5.882352941176471e-01,34804318
4.926443133257332e+03,4.924017937476084e+03,5.882352941176471e-01,34804321
4.926443133257332e+03,4.923637628811938e+03,5.882352941176471e-01,34804320
4.927619603845567e+03,4.920085437558562e+03,1.176470588235294e+00,34804315
4.929384309727920e+03,4.922354342379245e+03,1.764705882352941e+00,34804319
4.929384309727920e+03,4.921228493054029e+03,1.764705882352941e+00,34804316
4.931299479818087e+03,4.928070996469009e+03,5.882352941176471e-01,34804325
4.931299479818087e+03,4.928086368676929e+03,5.882352941176471e-01,34804326
4.931299479818087e+03,4.928476461169061e+03,5.882352941176471e-01,34804327
4.934828891582793e+03,4.926757471203019e+03,1.764705882352941e+00,34804322
4.936593597465146e+03,4.930985203442412e+03,1.764705882352941e+00,34804330
4.936593597465146e+03,4.930193519891381e+03,1.764705882352941e+00,34804329
4.938358303347499e+03,4.935987765522097e+03,5.882352941176471e-01,34804333
4.938358303347499e+03,4.933901317297804e+03,1.176470588235294e+00,34804331
4.944068966740621e+03,4.940539554975915e+03,1.176470588235294e+00,34804335
4.944519278186803e+03,4.939225160539744e+03,1.764705882352941e+00,34804334
4.944808566548697e+03,4.941279154783991e+03,1.176470588235294e+00,34804336
4.945967288869736e+03,4.943489783704098e+03,5.882352941176471e-01,34804337
4.949813395833862e+03,4.944336199234146e+03,1.764705882352941e+00,34804339
4.951254964360550e+03,4.949490258478197e+03,5.882352941176471e-01,34804340
4.953221401054411e+03,4.951456695172058e+03,5.882352941176471e-01,34804344
4.953522029305268e+03,4.951757323422915e+03,5.882352941176471e-01,34804345
4.956649947413363e+03,4.954457246181413e+03,5.882352941176471e-01,34804348
4.957005168860783e+03,4.949690103017915e+03,1.764705882352941e+00,34804341
4.958681069381281e+03,4.949948231603162e+03,1.764705882352941e+00,34804342
4.960664755415096e+03,4.958900049532743e+03,5.882352941176471e-01,34804349
4.963274413776157e+03,4.961509707893804e+03,5.882352941176471e-01,34804350
4.963405705411113e+03,4.961640999528760e+03,5.882352941176471e-01,34804351
4.964057565251787e+03,4.962292859369434e+03,5.882352941176471e-01,34804352
4.965137588384727e+03,4.962984806713233e+03,5.882352941176471e-01,34804354
4.965137588384727e+03,4.962596785440081e+03,5.882352941176471e-01,34804353
4.965914053076679e+03,4.964149347194326e+03,5.882352941176471e-01,34804357
4.967070898697946e+03,4.965306192815593e+03,5.882352941176471e-01,34804358
4.970056777901328e+03,4.968292072018975e+03,5.882352941176471e-01,34804360
4.971033957728504e+03,4.965739840081445e+03,1.764705882352941e+00,34804359
4.972172560777529e+03,4.968643149012823e+03,1.176470588235294e+00,34804361
4.973013233894309e+03,4.971248528011956e+03,5.882352941176471e-01,34804362
4.973937372047982e+03,4.972172666165629e+03,5.882352941176471e-01,34804363
4.975196923650182e+03,4.973432217767829e+03,5.882352941176471e-01,34804364
4.975998352115262e+03,4.974233646232909e+03,5.882352941176471e-01,34804366
4.977106504195484e+03,4.974504968052068e+03,5.882352941176471e-01,34804367
4.978871210077837e+03,4.976936645880783e+03,5.882352941176471e-01,34804370
4.979527763879968e+03,4.973786562349714e+03,1.764705882352941e+00,34804365
4.980845385879126e+03,4.975486672976081e+03,1.764705882352941e+00,34804369
4.985311265095739e+03,4.983546559213386e+03,5.882352941176471e-01,34804372
4.986253076052578e+03,4.980958958405519e+03,1.764705882352941e+00,34804371
4.987333501524307e+03,4.985568795641955e+03,5.882352941176471e-01,34804373
4.987479960899933e+03,4.985715255017580e+03,5.882352941176471e-01,34804374
4.989120214535847e+03,4.987355508653494e+03,5.882352941176471e-01,34804375
4.989244666782285e+03,4.987460019527343e+03,5.882352941176471e-01,34804377
4.990903007104123e+03,4.988870916808491e+03,5.882352941176471e-01,34804378
4.992667712986476e+03,4.989939362707789e+03,5.882352941176471e-01,34804380
4.992774078546991e+03,4.987391682025340e+03,1.764705882352941e+00,34804376
4.996250307531439e+03,4.990413190008625e+03,1.764705882352941e+00,34804381
4.996250307531439e+03,4.988978918689822e+03,1.764705882352941e+00,34804379
4.998010581515437e+03,4.994691831809848e+03,5.882352941176471e-01,34804387
4.998010581515437e+03,4.996086918870037e+03,5.882352941176471e-01,34804389
4.999775287397790e+03,4.997939153841231e+03,5.882352941176471e-01,34804391
5.001539993280143e+03,4.997138447079714e+03,1.176470588235294e+00,34804390
5.002579188699127e+03,4.992588670019275e+03,1.764705882352941e+00,34804382
5.005069405044849e+03,4.999569374643913e+03,1.764705882352941e+00,34804392
5.006077302581302e+03,5.004312596698949e+03,5.882352941176471e-01,34804393
5.008493614895517e+03,5.006728909013165e+03,5.882352941176471e-01,34804394
5.012939862330983e+03,5.007645744683924e+03,1.764705882352941e+00,34804395
5.014151759063783e+03,5.008857641416724e+03,1.764705882352941e+00,34804396
5.015816442772544e+03,5.013687814558354e+03,5.882352941176471e-01,34804401
5.016379857577755e+03,5.011005245312484e+03,1.176470588235294e+00,34804398
5.016379857577755e+03,5.010522325125485e+03,1.176470588235294e+00,34804397
5.017581148654897e+03,5.015765127400626e+03,5.882352941176471e-01,34804402
5.019909269342461e+03,5.012559918993919e+03,1.764705882352941e+00,34804399
5.023171039968195e+03,5.021406334085842e+03,5.882352941176471e-01,34804404
5.023430253883313e+03,5.018136136236254e+03,1.764705882352941e+00,34804403
5.023990053702819e+03,5.022225347820466e+03,5.882352941176471e-01,34804405
5.025011808749380e+03,5.023247102867027e+03,5.882352941176471e-01,34804406
5.028886345498548e+03,5.023592227851489e+03,1.764705882352941e+00,34804407
5.029415952803671e+03,5.024121835156612e+03,1.764705882352941e+00,34804408
5.030850181113139e+03,5.025556063466081e+03,1.764705882352941e+00,34804409
5.031416468574185e+03,5.029651762691832e+03,5.882352941176471e-01,34804410
5.032977867467770e+03,5.031213161585417e+03,5.882352941176471e-01,34804411
5.033133687841075e+03,5.031368981958722e+03,5.882352941176471e-01,34804412
5.039483313911680e+03,5.037718608029327e+03,5.882352941176471e-01,34804415
5.040132355462165e+03,5.038351911798856e+03,5.882352941176471e-01,34804416
5.040582137903222e+03,5.038817432020869e+03,5.882352941176471e-01,34804417
5.041248019794033e+03,5.039287735521031e+03,5.882352941176471e-01,34804418
5.041897061344518e+03,5.039732329965374e+03,5.882352941176471e-01,34804419
5.042346843785575e+03,5.040516015188190e+03,5.882352941176471e-01,34804420
5.043661767226871e+03,5.041593298509446e+03,5.882352941176471e-01,34804422
5.044444490613334e+03,5.042249880771331e+03,5.882352941176471e-01,34804424
5.044444490613334e+03,5.042155266832740e+03,5.882352941176471e-01,34804423
5.046209196495687e+03,5.044343277836404e+03,5.882352941176471e-01,34804427
5.047752918337191e+03,5.045344838465196e+03,5.882352941176471e-01,34804428
5.047752918337191e+03,5.045616227691146e+03,5.882352941176471e-01,34804429
5.048337756898768e+03,5.036602943697459e+03,1.764705882352941e+00,34804413
5.049517624219544e+03,5.046568092053168e+03,5.882352941176471e-01,34804430
5.051282330101897e+03,5.049482018388941e+03,5.882352941176471e-01,34804433
5.051523564853485e+03,5.049648924328852e+03,5.882352941176471e-01,34804434
5.053207859151975e+03,5.050636858618176e+03,5.882352941176471e-01,34804435
5.053207859151975e+03,5.050849237845374e+03,5.882352941176471e-01,34804436
5.053778455088560e+03,5.040737346493698e+03,1.764705882352941e+00,34804421
5.054972565034328e+03,5.052300393507909e+03,5.882352941176471e-01,34804439
5.054972565034328e+03,5.051744359060575e+03,5.882352941176471e-01,34804438
5.055543160970913e+03,5.053311919395751e+03,5.882352941176471e-01,34804440
5.057432341034517e+03,5.055667635152164e+03,5.882352941176471e-01,34804441
5.058501976799034e+03,5.048338656634173e+03,1.764705882352941e+00,34804432
5.058501976799034e+03,5.047994153088779e+03,1.764705882352941e+00,34804431
5.059291473502336e+03,5.055678768514984e+03,5.882352941176471e-01,34804442
5.063039013413814e+03,5.060307203236673e+03,5.882352941176471e-01,34804449
5.064551813083648e+03,5.059509601649108e+03,1.176470588235294e+00,34804446
5.065048587367915e+03,5.061346237602499e+03,1.176470588235294e+00,34804450
5.066316518966001e+03,5.057573980912716e+03,1.764705882352941e+00,34804445
5.067570952782618e+03,5.065806246900265e+03,5.882352941176471e-01,34804451
5.068637859864222e+03,5.066873153981869e+03,5.882352941176471e-01,34804453
5.069335658664971e+03,5.066946176082952e+03,5.882352941176471e-01,34804454
5.070402565746575e+03,5.068055479441481e+03,5.882352941176471e-01,34804455
5.071298845273034e+03,5.066004727625975e+03,1.764705882352941e+00,34804452
5.071364359000203e+03,5.069599653117850e+03,5.882352941176471e-01,34804456
5.072359691091336e+03,5.070594985208983e+03,5.882352941176471e-01,34804457
5.073063551155387e+03,5.070986669307267e+03,5.882352941176471e-01,34804458
5.073998234556239e+03,5.072233528673886e+03,5.882352941176471e-01,34804459
5.074380028149034e+03,5.072615322266681e+03,5.882352941176471e-01,34804460
5.074836915541936e+03,5.073072209659583e+03,5.882352941176471e-01,34804461
5.075953837234989e+03,5.073756685949240e+03,5.882352941176471e-01,34804463
5.078576016393492e+03,5.076811310511139e+03,5.882352941176471e-01,34804465
5.079483248999695e+03,5.073691957711455e+03,1.764705882352941e+00,34804462
5.080131033188995e+03,5.074654625944527e+03,1.764705882352941e+00,34804464
5.080705841792167e+03,5.077191614839380e+03,5.882352941176471e-01,34804466
5.081247954882048e+03,5.079123695667975e+03,5.882352941176471e-01,34804469
5.082183143372934e+03,5.079828839438737e+03,5.882352941176471e-01,34804470
5.085712555137640e+03,5.080016007114902e+03,1.764705882352941e+00,34804471
5.086369388208147e+03,5.083393688211982e+03,5.882352941176471e-01,34804474
5.088134094090500e+03,5.086107091303787e+03,5.882352941176471e-01,34804478
5.089439234985419e+03,5.082820279674979e+03,1.764705882352941e+00,34804472
5.089898799972852e+03,5.083769360663437e+03,1.764705882352941e+00,34804475
5.091203940867772e+03,5.089432413665010e+03,5.882352941176471e-01,34804481
5.093752791631186e+03,5.089479969623837e+03,1.176470588235294e+00,34804482
5.094733352632478e+03,5.087244625783963e+03,1.764705882352941e+00,34804479
5.095517497513539e+03,5.089745415538338e+03,1.764705882352941e+00,34804483
5.098816731530111e+03,5.095983619995606e+03,5.882352941176471e-01,34804488
5.098816731530111e+03,5.096723076124936e+03,5.882352941176471e-01,34804489
5.099046909278245e+03,5.093369688477099e+03,1.764705882352941e+00,34804484
5.100581437412464e+03,5.095380931402063e+03,1.176470588235294e+00,34804487
5.100581437412464e+03,5.093931373795334e+03,1.176470588235294e+00,34804485
5.101857167110463e+03,5.100092461228110e+03,5.882352941176471e-01,34804490
5.105875555059522e+03,5.100414237134283e+03,1.764705882352941e+00,34804492
5.105875555059522e+03,5.100342734202083e+03,1.764705882352941e+00,34804491
5.107580266671463e+03,5.105092339483591e+03,5.882352941176471e-01,34804496
5.109344972553816e+03,5.106259579791240e+03,5.882352941176471e-01,34804497
5.109596979190087e+03,5.102226154753993e+03,1.764705882352941e+00,34804493
5.111109678436169e+03,5.104181514644017e+03,1.764705882352941e+00,34804495
5.111361685072440e+03,5.109472897551122e+03,5.882352941176471e-01,34804499
5.112874384318522e+03,5.110010198605935e+03,5.882352941176471e-01,34804501
5.112874384318522e+03,5.109706521105074e+03,5.882352941176471e-01,34804500
5.116403796083228e+03,5.109169658963568e+03,1.764705882352941e+00,34804498
5.116655802719499e+03,5.111233241368951e+03,1.764705882352941e+00,34804504
5.118624375321638e+03,5.113330257674580e+03,1.764705882352941e+00,34804505
5.120237123418639e+03,5.117288429887799e+03,5.882352941176471e-01,34804509
5.120237123418639e+03,5.117276590800289e+03,5.882352941176471e-01,34804508
5.122001829300992e+03,5.120123383738625e+03,5.882352941176471e-01,34804513
5.122001829300992e+03,5.119781594804087e+03,5.882352941176471e-01,34804512
5.123353280934597e+03,5.117232654790041e+03,1.176470588235294e+00,34804507
5.125117986816950e+03,5.118942600672488e+03,1.764705882352941e+00,34804511
5.125117986816950e+03,5.116358279483985e+03,1.764705882352941e+00,34804506
5.125325202188800e+03,5.122556580374513e+03,5.882352941176471e-01,34804514
5.126882692699302e+03,5.123844251994549e+03,5.882352941176471e-01,34804518
5.126882692699302e+03,5.123664103992373e+03,5.882352941176471e-01,34804517
5.128326411608527e+03,5.126561705726174e+03,5.882352941176471e-01,34804519
5.133357970170120e+03,5.129828558405415e+03,1.176470588235294e+00,34804521
5.134215096999627e+03,5.128920979352568e+03,1.764705882352941e+00,34804520
5.135653868474646e+03,5.130359750827588e+03,1.764705882352941e+00,34804522
5.136430914176030e+03,5.134666208293678e+03,5.882352941176471e-01,34804524
5.139838975619487e+03,5.134544857972429e+03,1.764705882352941e+00,34804523
5.140857411078693e+03,5.139092705196340e+03,5.882352941176471e-01,34804525
5.141603681501840e+03,5.139821004311089e+03,5.882352941176471e-01,34804527
5.144477364019195e+03,5.142165837663984e+03,5.882352941176471e-01,34804530
5.144922116992841e+03,5.139627999345782e+03,1.764705882352941e+00,34804526
5.147730588829639e+03,5.142160284228318e+03,1.764705882352941e+00,34804529
5.147730588829639e+03,5.140947952254489e+03,1.764705882352941e+00,34804528
5.148459592490832e+03,5.144962492313433e+03,5.882352941176471e-01,34804532
5.149495294711992e+03,5.147072568001093e+03,5.882352941176471e-01,34804535
5.149495294711992e+03,5.146702950341764e+03,5.882352941176471e-01,34804534
5.151260000594345e+03,5.148875113438076e+03,5.882352941176471e-01,34804536
5.151989004255538e+03,5.144553626494080e+03,1.764705882352941e+00,34804531
5.152017997408957e+03,5.150253291526604e+03,5.882352941176471e-01,34804537
5.153267897563197e+03,5.151503191680844e+03,5.882352941176471e-01,34804538
5.157603971318701e+03,5.155839265436348e+03,5.882352941176471e-01,34804540
5.159228523863059e+03,5.157463817980706e+03,5.882352941176471e-01,34804541
5.159642628734195e+03,5.154348511087136e+03,1.764705882352941e+00,34804539
5.162178206542833e+03,5.160413500660480e+03,5.882352941176471e-01,34804542
5.162343120344873e+03,5.160578414462520e+03,5.882352941176471e-01,34804543
5.162813312465821e+03,5.161048606583468e+03,5.882352941176471e-01,34804544
5.166619984307172e+03,5.164855278424819e+03,5.882352941176471e-01,34804546
5.168382443300415e+03,5.166020646082222e+03,5.882352941176471e-01,34804549
5.170147149182768e+03,5.168090160534264e+03,5.882352941176471e-01,34804551
5.171124836059547e+03,5.164848537757487e+03,1.764705882352941e+00,34804545
5.171911855065120e+03,5.165605289140925e+03,1.764705882352941e+00,34804548
5.172245988960715e+03,5.169207742079766e+03,5.882352941176471e-01,34804552
5.173139442141330e+03,5.170815416973957e+03,5.882352941176471e-01,34804554
5.173676560947473e+03,5.171624636458406e+03,5.882352941176471e-01,34804556
5.174023047732864e+03,5.172258341850511e+03,5.882352941176471e-01,34804557
5.175262227227778e+03,5.172369154170181e+03,5.882352941176471e-01,34804559
5.176789035585320e+03,5.175024329702968e+03,5.882352941176471e-01,34804561
5.178791638992484e+03,5.172278949637449e+03,1.764705882352941e+00,34804558
5.182316911763892e+03,5.180269237318317e+03,5.882352941176471e-01,34804566
5.182316911763892e+03,5.179780641522626e+03,5.882352941176471e-01,34804565
5.183599821364857e+03,5.179106817037373e+03,1.176470588235294e+00,34804564
5.185364527247210e+03,5.178836355457240e+03,1.764705882352941e+00,34804563
5.185364527247210e+03,5.178738644541133e+03,1.764705882352941e+00,34804562
5.187839626876167e+03,5.186074920993814e+03,5.882352941176471e-01,34804569
5.189675928135072e+03,5.184381810488013e+03,1.764705882352941e+00,34804567
5.189833801536385e+03,5.188069095654033e+03,5.882352941176471e-01,34804570
5.190725938469009e+03,5.185431820821951e+03,1.764705882352941e+00,34804568
5.191545882951634e+03,5.189121796863915e+03,5.882352941176471e-01,34804572
5.191545882951634e+03,5.188166697160406e+03,5.882352941176471e-01,34804571
5.193310588833987e+03,5.191483675596481e+03,5.882352941176471e-01,34804575
5.194135004469870e+03,5.192370298587517e+03,5.882352941176471e-01,34804576
5.196020056116068e+03,5.190286964275349e+03,1.764705882352941e+00,34804574
5.197786740281438e+03,5.196022034399085e+03,5.882352941176471e-01,34804579
5.199016914298987e+03,5.193231534506242e+03,1.764705882352941e+00,34804578
5.199016914298987e+03,5.192962213868458e+03,1.764705882352941e+00,34804577
5.199704912644155e+03,5.197940206761802e+03,5.882352941176471e-01,34804580
5.200781620181340e+03,5.198550422019724e+03,5.882352941176471e-01,34804581
5.204443734464049e+03,5.202679028581696e+03,5.882352941176471e-01,34804582
5.204497091665963e+03,5.202732385783610e+03,5.882352941176471e-01,34804583
5.207116408244230e+03,5.205073992664918e+03,5.882352941176471e-01,34804587
5.209737852111108e+03,5.207692611048321e+03,5.882352941176471e-01,34804589
5.210474121524688e+03,5.203717466210330e+03,1.764705882352941e+00,34804585
5.210474121524688e+03,5.203586996479524e+03,1.764705882352941e+00,34804584
5.212266760943533e+03,5.210502055061180e+03,5.882352941176471e-01,34804592
5.213352363010262e+03,5.210677668846014e+03,5.882352941176471e-01,34804593
5.214003533289394e+03,5.205560452465283e+03,1.176470588235294e+00,34804588
5.215442654032181e+03,5.210178438528271e+03,1.176470588235294e+00,34804591
5.217207359914534e+03,5.208236973960666e+03,1.764705882352941e+00,34804590
5.217532945054100e+03,5.211630206695134e+03,1.764705882352941e+00,34804596
5.219818371620862e+03,5.218053665738509e+03,5.882352941176471e-01,34804597
5.221403235182943e+03,5.219638529300590e+03,5.882352941176471e-01,34804599
5.222302104120695e+03,5.220029652918811e+03,5.882352941176471e-01,34804601
5.223167941065296e+03,5.220763597905107e+03,5.882352941176471e-01,34804602
5.223570773581591e+03,5.221806067699238e+03,5.882352941176471e-01,34804603
5.224397986743210e+03,5.218772692355989e+03,1.176470588235294e+00,34804598
5.225707087114495e+03,5.223942381232142e+03,5.882352941176471e-01,34804604
5.226162692625563e+03,5.219837878352608e+03,1.764705882352941e+00,34804600
5.229856071078359e+03,5.228091365196006e+03,5.882352941176471e-01,34804606
5.230224559654559e+03,5.228459853772206e+03,5.882352941176471e-01,34804607
5.230861928131960e+03,5.228696481431917e+03,5.882352941176471e-01,34804608
5.231804844962119e+03,5.229199906136039e+03,5.882352941176471e-01,34804609
5.234862798311746e+03,5.232672136769486e+03,5.882352941176471e-01,34804616
5.235753015109712e+03,5.227332516367254e+03,1.764705882352941e+00,34804605
5.236787670526149e+03,5.233361381947248e+03,5.882352941176471e-01,34804618
5.237877513129939e+03,5.235129742198496e+03,5.882352941176471e-01,34804622
5.238552376408502e+03,5.236472599385460e+03,5.882352941176471e-01,34804624
5.241134464243697e+03,5.230646039642810e+03,1.764705882352941e+00,34804614
5.241134464243697e+03,5.230490356324144e+03,1.764705882352941e+00,34804613
5.242524830717390e+03,5.239404732729361e+03,5.882352941176471e-01,34804626
5.243000924857852e+03,5.241236218975499e+03,5.882352941176471e-01,34804630
5.244663876008403e+03,5.240848971014982e+03,1.176470588235294e+00,34804629
5.245192533680879e+03,5.243427827798526e+03,5.882352941176471e-01,34804631
5.245952487750294e+03,5.238817726592796e+03,1.764705882352941e+00,34804625
5.249228121236009e+03,5.247463415353656e+03,5.882352941176471e-01,34804632
5.256017986183772e+03,5.250723868536713e+03,1.764705882352941e+00,34804633
5.256184677698230e+03,5.254419971815877e+03,5.882352941176471e-01,34804634
5.256191305656732e+03,5.254426599774379e+03,5.882352941176471e-01,34804635
5.257782692066125e+03,5.254508462533394e+03,5.882352941176471e-01,34804636
5.257949383580583e+03,5.256049052796428e+03,5.882352941176471e-01,34804637
5.258336960870553e+03,5.256572254988200e+03,5.882352941176471e-01,34804638
5.259630743705707e+03,5.257454051188684e+03,5.882352941176471e-01,34804640
5.259630743705707e+03,5.257088988070972e+03,5.882352941176471e-01,34804639
5.261159040292927e+03,5.259394334410574e+03,5.882352941176471e-01,34804641
5.261395449588060e+03,5.259579658999373e+03,5.882352941176471e-01,34804642
5.265542740794457e+03,5.263778034912104e+03,5.882352941176471e-01,34804644
5.266942414721078e+03,5.265177708838725e+03,5.882352941176471e-01,34804645
5.267558151463003e+03,5.265793445580650e+03,5.882352941176471e-01,34804646
5.268671690275872e+03,5.263377572628813e+03,1.764705882352941e+00,34804643
5.269322857345356e+03,5.267360378727324e+03,5.882352941176471e-01,34804648
5.272236532368137e+03,5.266728588767000e+03,1.764705882352941e+00,34804647
5.272780229504034e+03,5.271015523621681e+03,5.882352941176471e-01,34804649
5.276557085367884e+03,5.271262967720826e+03,1.764705882352941e+00,34804650
5.278321791250237e+03,5.276412612836381e+03,5.882352941176471e-01,34804653
5.279986589642153e+03,5.277317823420292e+03,5.882352941176471e-01,34804654
5.279986589642153e+03,5.277738068142356e+03,5.882352941176471e-01,34804655
5.280250014517645e+03,5.274955896870586e+03,1.764705882352941e+00,34804651
5.282488334019298e+03,5.280723628136945e+03,5.882352941176471e-01,34804657
5.283516001406859e+03,5.276257362896571e+03,1.764705882352941e+00,34804652
5.285449171718375e+03,5.283684465836022e+03,5.882352941176471e-01,34804658
5.289433299913574e+03,5.287668594031221e+03,5.882352941176471e-01,34804659
5.292420762760897e+03,5.290656056878544e+03,5.882352941176471e-01,34804660
5.294142917814894e+03,5.292378211932541e+03,5.882352941176471e-01,34804661
5.296601679324657e+03,5.294836973442304e+03,5.882352941176471e-01,34804662
5.296604537848105e+03,5.294839831965752e+03,5.882352941176471e-01,34804663
5.298368290889309e+03,5.295418806094216e+03,5.882352941176471e-01,34804665
5.300132996771662e+03,5.297168894630321e+03,5.882352941176471e-01,34804668
5.300132996771662e+03,5.298140076820492e+03,5.882352941176471e-01,34804669
5.300195187638479e+03,5.294901069991420e+03,1.764705882352941e+00,34804664
5.303662408536368e+03,5.299180981071770e+03,1.176470588235294e+00,34804670
5.303662408536368e+03,5.295491004327402e+03,1.764705882352941e+00,34804666
5.303953594652192e+03,5.302188888769839e+03,5.882352941176471e-01,34804671
5.305524176457329e+03,5.302211912785047e+03,5.882352941176471e-01,34804672
5.305524176457329e+03,5.302454932589599e+03,5.882352941176471e-01,34804674
5.307288882339681e+03,5.302383440153865e+03,1.176470588235294e+00,34804673
5.307288882339681e+03,5.304368939992134e+03,5.882352941176471e-01,34804675
5.309053588222034e+03,5.306385373258791e+03,5.882352941176471e-01,34804677
5.310818294104387e+03,5.307933331628607e+03,5.882352941176471e-01,34804681
5.312849133203887e+03,5.306751355208687e+03,1.764705882352941e+00,34804678
5.312849133203887e+03,5.305274708859810e+03,1.764705882352941e+00,34804676
5.316112411751446e+03,5.309851987873476e+03,1.764705882352941e+00,34804682
5.316732479230156e+03,5.314967773347803e+03,5.882352941176471e-01,34804684
5.316870993678632e+03,5.315010874682472e+03,5.882352941176471e-01,34804685
5.319087128810746e+03,5.317322422928393e+03,5.882352941176471e-01,34804686
5.319641823516152e+03,5.313341581913926e+03,1.764705882352941e+00,34804683
5.320649390111065e+03,5.318884684228712e+03,5.882352941176471e-01,34804687
5.322673672209584e+03,5.320908966327231e+03,5.882352941176471e-01,34804688
5.325197067780805e+03,5.323432361898452e+03,5.882352941176471e-01,34804689
5.326019593089178e+03,5.324254887206825e+03,5.882352941176471e-01,34804690
5.326518815919911e+03,5.324754110037558e+03,5.882352941176471e-01,34804691
5.328786685450943e+03,5.327021979568590e+03,5.882352941176471e-01,34804693
5.330116956325553e+03,5.328352250443200e+03,5.882352941176471e-01,34804695
5.330551391333295e+03,5.328535670317908e+03,5.882352941176471e-01,34804696
5.331370067005909e+03,5.328946445890505e+03,5.882352941176471e-01,34804698
5.331370067005909e+03,5.328930366629708e+03,5.882352941176471e-01,34804697
5.333134772888262e+03,5.331111122980770e+03,5.882352941176471e-01,34804699
5.334052286797819e+03,5.326559028260665e+03,1.764705882352941e+00,34804692
5.336479708549020e+03,5.333534921687390e+03,5.882352941176471e-01,34804705
5.336664184652968e+03,5.327329060039205e+03,1.176470588235294e+00,34804694
5.340101358365700e+03,5.331511523851603e+03,1.764705882352941e+00,34804700
5.340101358365700e+03,5.331523899311270e+03,1.764705882352941e+00,34804701
5.340101358365700e+03,5.333189416666764e+03,1.764705882352941e+00,34804704
5.341866064248052e+03,5.336761465134170e+03,5.882352941176471e-01,34804709
5.342810804807224e+03,5.341046098924871e+03,5.882352941176471e-01,34804711
5.343630770130405e+03,5.338763935440765e+03,1.176470588235294e+00,34804710
5.344687989123198e+03,5.342923283240845e+03,5.882352941176471e-01,34804712
5.345162656054874e+03,5.343397950172521e+03,5.882352941176471e-01,34804713
5.347439439976756e+03,5.345674734094403e+03,5.882352941176471e-01,34804714
5.349239797859218e+03,5.347475091976865e+03,5.882352941176471e-01,34804716
5.350118362262298e+03,5.346588950497592e+03,1.176470588235294e+00,34804715
5.350584292504633e+03,5.348819586622280e+03,5.882352941176471e-01,34804717
5.351250277207691e+03,5.349485571325338e+03,5.882352941176471e-01,34804718
5.351883068144651e+03,5.349801457345751e+03,5.882352941176471e-01,34804719
5.352876182552074e+03,5.351111476669721e+03,5.882352941176471e-01,34804720
5.356004119086839e+03,5.354239413204486e+03,5.882352941176471e-01,34804721
5.359217066516919e+03,5.356062535731330e+03,5.882352941176471e-01,34804726
5.359217066516919e+03,5.356026117961742e+03,5.882352941176471e-01,34804725
5.362263731099049e+03,5.355569146378690e+03,1.764705882352941e+00,34804722
5.362263731099049e+03,5.355727157543387e+03,1.764705882352941e+00,34804723
5.362263731099049e+03,5.355768554922840e+03,1.764705882352941e+00,34804724
5.364028436981402e+03,5.361910516921186e+03,5.882352941176471e-01,34804730
5.364028436981402e+03,5.360025900236202e+03,5.882352941176471e-01,34804729
5.364663867725639e+03,5.362899161843286e+03,5.882352941176471e-01,34804731
5.365793142863755e+03,5.363902536179288e+03,5.882352941176471e-01,34804732
5.365865401212230e+03,5.364100695329878e+03,5.882352941176471e-01,34804733
5.369957985372698e+03,5.364257067907245e+03,1.764705882352941e+00,34804734
5.370165882416759e+03,5.367959126286974e+03,5.882352941176471e-01,34804739
5.372910442970618e+03,5.366140565825164e+03,1.176470588235294e+00,34804735
5.374675148852971e+03,5.369638725379942e+03,1.176470588235294e+00,34804741
5.374675148852971e+03,5.366862765079929e+03,1.764705882352941e+00,34804737
5.374675148852971e+03,5.366636470652054e+03,1.764705882352941e+00,34804736
5.376546645189063e+03,5.374781939306710e+03,5.882352941176471e-01,34804743
5.381508506374636e+03,5.379743800492283e+03,5.882352941176471e-01,34804745
5.381637541189677e+03,5.379872835307324e+03,5.882352941176471e-01,34804746
5.382560391228886e+03,5.377266273581828e+03,1.764705882352941e+00,34804744
5.383273212256989e+03,5.381302038482021e+03,5.882352941176471e-01,34804747
5.387003701379528e+03,5.383474289614822e+03,1.176470588235294e+00,34804748
5.388768407261881e+03,5.386437900608483e+03,5.882352941176471e-01,34804751
5.390574188767166e+03,5.388388954360214e+03,5.882352941176471e-01,34804753
5.391609973803528e+03,5.385560892917606e+03,1.764705882352941e+00,34804749
5.392479305548268e+03,5.389381465563326e+03,5.882352941176471e-01,34804757
5.393809345558251e+03,5.391270277288469e+03,5.882352941176471e-01,34804760
5.393809345558251e+03,5.391252117216142e+03,5.882352941176471e-01,34804759
5.394948475632616e+03,5.387210092014400e+03,1.176470588235294e+00,34804752
5.395651902424420e+03,5.393887196542067e+03,5.882352941176471e-01,34804762
5.397338757322957e+03,5.393536001851260e+03,1.176470588235294e+00,34804761
5.397752732512675e+03,5.395988026630322e+03,5.882352941176471e-01,34804763
5.399157404096166e+03,5.397392698213813e+03,5.882352941176471e-01,34804764
5.399366974475624e+03,5.397602268593271e+03,5.882352941176471e-01,34804765
5.400394811106291e+03,5.398630105223938e+03,5.882352941176471e-01,34804766
5.401107154944208e+03,5.399342449061855e+03,5.882352941176471e-01,34804767
5.401663607976137e+03,5.399898902093784e+03,5.882352941176471e-01,34804768
5.402159516988644e+03,5.400148735184778e+03,5.882352941176471e-01,34804769
5.404061651163326e+03,5.402296945280973e+03,5.882352941176471e-01,34804770
5.404655420657668e+03,5.402890714775315e+03,5.882352941176471e-01,34804771
5.408186125254614e+03,5.406421419372261e+03,5.882352941176471e-01,34804772
5.408728837955136e+03,5.406964132072783e+03,5.882352941176471e-01,34804773
5.409932523519054e+03,5.408167817636701e+03,5.882352941176471e-01,34804774
5.411426938120614e+03,5.409662232238261e+03,5.882352941176471e-01,34804776
5.411836841440554e+03,5.410072135558201e+03,5.882352941176471e-01,34804777
5.413191644002967e+03,5.410867990919382e+03,5.882352941176471e-01,34804778
5.413820318904167e+03,5.408526201257108e+03,1.764705882352941e+00,34804775
5.416479857089649e+03,5.414430623703403e+03,5.882352941176471e-01,34804783
5.419101785123269e+03,5.413489863648635e+03,1.764705882352941e+00,34804780
5.419101785123269e+03,5.412950445324944e+03,1.764705882352941e+00,34804779
5.420437879929988e+03,5.416785410573630e+03,5.882352941176471e-01,34804785
5.422412272935890e+03,5.419755774082515e+03,5.882352941176471e-01,34804789
5.422412272935890e+03,5.419758276160711e+03,5.882352941176471e-01,34804790
5.424176978818243e+03,5.421664713638794e+03,5.882352941176471e-01,34804791
5.425941684700596e+03,5.423592830268913e+03,5.882352941176471e-01,34804793
5.426309224839850e+03,5.417894756398602e+03,1.176470588235294e+00,34804786
5.426431738219601e+03,5.413650704239968e+03,1.764705882352941e+00,34804781
5.429227500367448e+03,5.427462794485095e+03,5.882352941176471e-01,34804796
5.430244266356890e+03,5.426714854592184e+03,1.176470588235294e+00,34804795
5.430992206249801e+03,5.428988522218802e+03,5.882352941176471e-01,34804797
5.431235802347655e+03,5.424914271171631e+03,1.764705882352941e+00,34804794
5.432022291058176e+03,5.429230861618949e+03,5.882352941176471e-01,34804798
5.432756912132154e+03,5.430264244585290e+03,5.882352941176471e-01,34804801
5.436181903564900e+03,5.434417197682548e+03,5.882352941176471e-01,34804802
5.436683523348238e+03,5.434918817465885e+03,5.882352941176471e-01,34804803
5.438008415551371e+03,5.435467051999177e+03,5.882352941176471e-01,34804805
5.438485583941262e+03,5.436590917369926e+03,5.882352941176471e-01,34804808
5.438485583941262e+03,5.436305515773135e+03,5.882352941176471e-01,34804807
5.439773121433724e+03,5.436816093310288e+03,5.882352941176471e-01,34804809
5.440250289823614e+03,5.438330444420181e+03,5.882352941176471e-01,34804810
5.442014995705967e+03,5.434993526887226e+03,1.764705882352941e+00,34804804
5.442432133025275e+03,5.440667427142922e+03,5.882352941176471e-01,34804811
5.444761143688047e+03,5.442996437805694e+03,5.882352941176471e-01,34804812
5.445969928416253e+03,5.444205222533900e+03,5.882352941176471e-01,34804814
5.447734634298606e+03,5.445406820776427e+03,5.882352941176471e-01,34804816
5.448453110258212e+03,5.443158992611153e+03,1.764705882352941e+00,34804813
5.450455649798102e+03,5.445161532151043e+03,1.764705882352941e+00,34804815
5.451543737076350e+03,5.449084559578079e+03,5.882352941176471e-01,34804819
5.451982522022918e+03,5.449805677302485e+03,5.882352941176471e-01,34804820
5.454130032268639e+03,5.451552303531386e+03,5.882352941176471e-01,34804821
5.454529105201932e+03,5.448214693598368e+03,1.764705882352941e+00,34804818
5.454529105201932e+03,5.448014325311644e+03,1.764705882352941e+00,34804817
5.455894738150992e+03,5.452748130749655e+03,5.882352941176471e-01,34804823
5.456538595100331e+03,5.454773889217978e+03,5.882352941176471e-01,34804824
5.457328735516724e+03,5.455564029634371e+03,5.882352941176471e-01,34804825
5.457710526358050e+03,5.455945820475697e+03,5.882352941176471e-01,34804826
5.460629604846787e+03,5.458864898964434e+03,5.882352941176471e-01,34804828
5.462273715153582e+03,5.456979597506523e+03,1.764705882352941e+00,34804827
5.462907065244854e+03,5.461142359362502e+03,5.882352941176471e-01,34804829
5.463598337323898e+03,5.461833631441545e+03,5.882352941176471e-01,34804830
5.465202549835829e+03,5.463437843953476e+03,5.882352941176471e-01,34804832
5.468731961600535e+03,5.462411115029787e+03,1.764705882352941e+00,34804831
5.469983303021044e+03,5.463512825934704e+03,1.764705882352941e+00,34804833
5.470894888173590e+03,5.465588001394383e+03,1.764705882352941e+00,34804836
5.472306053292743e+03,5.470541347410390e+03,5.882352941176471e-01,34804839
5.474225189592945e+03,5.467631307527495e+03,1.764705882352941e+00,34804837
5.474428398790508e+03,5.472663692908155e+03,5.882352941176471e-01,34804840
5.475257544162460e+03,5.473492838280107e+03,5.882352941176471e-01,34804841
5.476666183185076e+03,5.474901477302723e+03,5.882352941176471e-01,34804842
5.477643220455948e+03,5.475878514573595e+03,5.882352941176471e-01,34804843
5.478595545815568e+03,5.476830839933215e+03,5.882352941176471e-01,34804844
5.479407926338301e+03,5.477356611941646e+03,5.882352941176471e-01,34804846
5.482937338103007e+03,5.477295959573806e+03,1.764705882352941e+00,34804845
5.484199743223021e+03,5.481132528413813e+03,5.882352941176471e-01,34804852
5.485964449105374e+03,5.484106655777097e+03,5.882352941176471e-01,34804853
5.486341174677128e+03,5.478362248386232e+03,1.764705882352941e+00,34804848
5.486341174677128e+03,5.478014821335702e+03,1.764705882352941e+00,34804847
5.487729154987727e+03,5.484976777858321e+03,5.882352941176471e-01,34804854
5.488105880559481e+03,5.486319316309285e+03,5.882352941176471e-01,34804855
5.495810227577083e+03,5.494045521694730e+03,5.882352941176471e-01,34804858
5.495958696962290e+03,5.490664579315232e+03,1.764705882352941e+00,34804856
5.497574933459436e+03,5.495386061608742e+03,5.882352941176471e-01,34804860
5.499339639341789e+03,5.497410508545176e+03,5.882352941176471e-01,34804861
5.499488108726996e+03,5.493547815887714e+03,1.764705882352941e+00,34804857
5.500606639417125e+03,5.494512849414782e+03,1.764705882352941e+00,34804859
5.502184324777632e+03,5.500419618895279e+03,5.882352941176471e-01,34804863
5.502861559601943e+03,5.501096853719590e+03,5.882352941176471e-01,34804864
5.505142317080782e+03,5.503108276170913e+03,5.882352941176471e-01,34804867
5.506390971366649e+03,5.499848199433724e+03,1.764705882352941e+00,34804862
5.507817059836846e+03,5.501331684273325e+03,1.764705882352941e+00,34804865
5.509976018811572e+03,5.508211312929219e+03,5.882352941176471e-01,34804868
5.510678387532672e+03,5.508913681650319e+03,5.882352941176471e-01,34804870
5.511740724693925e+03,5.509313808778361e+03,5.882352941176471e-01,34804871
5.512324783087009e+03,5.510038208784673e+03,5.882352941176471e-01,34804872
5.512443093415025e+03,5.508795371322303e+03,1.176470588235294e+00,34804869
5.517534256216351e+03,5.515769550333998e+03,5.882352941176471e-01,34804873
5.517963356423007e+03,5.516198650540654e+03,5.882352941176471e-01,34804874
5.519792742812864e+03,5.518028036930511e+03,5.882352941176471e-01,34804875
5.521570498801102e+03,5.519704051378551e+03,5.882352941176471e-01,34804879
5.522324466369776e+03,5.518054137142282e+03,1.176470588235294e+00,34804876
5.523335204683455e+03,5.520828527473714e+03,5.882352941176471e-01,34804880
5.524089172252129e+03,5.522017930049037e+03,5.882352941176471e-01,34804881
5.525099910565808e+03,5.519433448865173e+03,1.764705882352941e+00,34804878
5.525144334630226e+03,5.522443025354840e+03,5.882352941176471e-01,34804882
5.526359247291322e+03,5.523401840780082e+03,5.882352941176471e-01,34804885
5.529501067511877e+03,5.527736361629524e+03,5.882352941176471e-01,34804888
5.529888659056028e+03,5.523738796213997e+03,1.764705882352941e+00,34804886
5.530940660696745e+03,5.525646543049686e+03,1.764705882352941e+00,34804887
5.533224275048658e+03,5.530990084082872e+03,5.882352941176471e-01,34804892
5.533232212642972e+03,5.531467506760619e+03,5.882352941176471e-01,34804893
5.534470072461451e+03,5.532469464035060e+03,5.882352941176471e-01,34804894
5.534988980931011e+03,5.529471584927730e+03,1.176470588235294e+00,34804889
5.536753686813364e+03,5.529472207535693e+03,1.764705882352941e+00,34804890
5.538005567297583e+03,5.535578243441952e+03,5.882352941176471e-01,34804898
5.538512309624290e+03,5.530138765450292e+03,1.176470588235294e+00,34804891
5.539291648565562e+03,5.534476155532878e+03,1.176470588235294e+00,34804895
5.541056354447915e+03,5.534645580514139e+03,1.764705882352941e+00,34804896
5.543463984063786e+03,5.541699278181433e+03,5.882352941176471e-01,34804900
5.543994605406772e+03,5.542229899524419e+03,5.882352941176471e-01,34804901
5.545494000617632e+03,5.543263211355513e+03,5.882352941176471e-01,34804903
5.546817900234261e+03,5.544125166469225e+03,5.882352941176471e-01,34804905
5.547258706499985e+03,5.545242171999106e+03,5.882352941176471e-01,34804909
5.547258706499985e+03,5.545225895628257e+03,5.882352941176471e-01,34804908
5.548582606116614e+03,5.545505144133452e+03,5.882352941176471e-01,34804910
5.549464712254547e+03,5.541178380034503e+03,1.176470588235294e+00,34804899
5.551229418136900e+03,5.549257630477951e+03,5.882352941176470e-01,34804911
5.551229418136900e+03,5.543386360490238e+03,1.764705882352941e+00,34804904
5.551229418136900e+03,5.542459315653700e+03,1.764705882352941e+00,34804902
5.554262721983922e+03,5.552498016101569e+03,5.882352941176471e-01,34804913
5.556026039310873e+03,5.554261333428520e+03,5.882352941176471e-01,34804914
5.557488018528320e+03,5.552193900881261e+03,1.764705882352941e+00,34804912
5.558273452233797e+03,5.556508746351444e+03,5.882352941176471e-01,34804916
5.560068985549335e+03,5.558304279666982e+03,5.882352941176471e-01,34804918
5.561147922587029e+03,5.559345819509567e+03,5.882352941176471e-01,34804919
5.561798696801519e+03,5.556504579154460e+03,1.764705882352941e+00,34804915
5.563598397314041e+03,5.557618510822323e+03,1.764705882352941e+00,34804917
5.563729836914770e+03,5.561965131032417e+03,5.882352941176471e-01,34804921
5.564772447927386e+03,5.562473146600739e+03,5.882352941176471e-01,34804922
5.566711846080380e+03,5.564947140198027e+03,5.882352941176471e-01,34804924
5.567127809078747e+03,5.561243036162680e+03,1.764705882352941e+00,34804920
5.567599725343732e+03,5.565075897897751e+03,5.882352941176471e-01,34804925
5.568684533461916e+03,5.565972650598500e+03,5.882352941176471e-01,34804928
5.568684533461916e+03,5.565951462800989e+03,5.882352941176471e-01,34804927
5.569364431226085e+03,5.563953870239416e+03,1.176470588235294e+00,34804923
5.570449239344269e+03,5.568087800831044e+03,5.882352941176471e-01,34804929
5.570620594842256e+03,5.568855888959903e+03,5.882352941176471e-01,34804930
5.571551896895972e+03,5.569787191013619e+03,5.882352941176471e-01,34804931
5.572702192019449e+03,5.570937486137096e+03,5.882352941176471e-01,34804932
5.572817441959833e+03,5.571052736077480e+03,5.882352941176471e-01,34804933
5.573394816157040e+03,5.571338850872388e+03,5.882352941176471e-01,34804934
5.574466897901802e+03,5.571708323653403e+03,5.882352941176471e-01,34804936
5.575431510133130e+03,5.573666804250777e+03,5.882352941176471e-01,34804937
5.575654105488829e+03,5.573889399606476e+03,5.882352941176471e-01,34804938
5.576231603784155e+03,5.574068195585024e+03,5.882352941176471e-01,34804939
5.577533486161134e+03,5.575768780278781e+03,5.882352941176471e-01,34804940
5.578538089424929e+03,5.576773383542576e+03,5.882352941176471e-01,34804941
5.580912429284188e+03,5.579147723401835e+03,5.882352941176471e-01,34804943
5.581404217663074e+03,5.579639511780721e+03,5.882352941176471e-01,34804944
5.581618092747128e+03,5.578088680982422e+03,1.176470588235294e+00,34804942
5.583944507553299e+03,5.582179801670946e+03,5.882352941176471e-01,34804947
5.585161494218892e+03,5.582971442284817e+03,5.882352941176471e-01,34804949
5.585709213435651e+03,5.583606729221701e+03,5.882352941176471e-01,34804951
5.586926200101245e+03,5.584666233138052e+03,5.882352941176471e-01,34804952
5.588690905983598e+03,5.586349531835352e+03,5.882352941176471e-01,34804955
5.589079229239004e+03,5.587314523356651e+03,5.882352941176471e-01,34804956
5.591103017345633e+03,5.581501378543015e+03,1.764705882352941e+00,34804945
5.592220364177623e+03,5.590455658295270e+03,5.882352941176471e-01,34804958
5.592608641003710e+03,5.585188884944571e+03,1.764705882352941e+00,34804954
5.592867723227986e+03,5.590772768525666e+03,5.882352941176471e-01,34804959
5.594373346886063e+03,5.592393537244875e+03,5.882352941176471e-01,34804961
5.594632429110339e+03,5.592796688614578e+03,5.882352941176471e-01,34804962
5.596397134992692e+03,5.594497441919954e+03,5.882352941176471e-01,34804964
5.597514435395363e+03,5.587736275420370e+03,1.764705882352941e+00,34804957
5.598086661945682e+03,5.594811716526754e+03,5.882352941176471e-01,34804965
5.601582528274202e+03,5.591899809033319e+03,1.764705882352941e+00,34804960
5.601838810586259e+03,5.594406892322249e+03,1.176470588235294e+00,34804963
5.603077893599488e+03,5.600296841579777e+03,5.882352941176471e-01,34804971
5.603603516468611e+03,5.601704644578738e+03,5.882352941176471e-01,34804973
5.604842599481841e+03,5.603020695960179e+03,5.882352941176471e-01,34804975
5.606607305364194e+03,5.604567019312324e+03,5.882352941176471e-01,34804977
5.607027803659493e+03,5.598347532421457e+03,1.176470588235294e+00,34804969
5.608792509541846e+03,5.596467381878677e+03,1.764705882352941e+00,34804968
5.610136717128900e+03,5.603269775874163e+03,1.764705882352941e+00,34804976
5.611261232031663e+03,5.609308655097427e+03,5.882352941176471e-01,34804980
5.612502839552258e+03,5.610738133669905e+03,5.882352941176471e-01,34804982
5.613255574280958e+03,5.608018487797845e+03,1.176470588235294e+00,34804979
5.614267545434611e+03,5.612156819951246e+03,5.882352941176471e-01,34804983
5.615020280163311e+03,5.607731820266957e+03,1.764705882352941e+00,34804978
5.615694927599079e+03,5.612783224695373e+03,5.882352941176471e-01,34804985
5.615694927599079e+03,5.612629801614219e+03,5.882352941176471e-01,34804984
5.618549691928016e+03,5.609795854943152e+03,1.764705882352941e+00,34804981
5.622307311432348e+03,5.615850466778069e+03,1.764705882352941e+00,34804987
5.623253194920055e+03,5.620286899873107e+03,5.882352941176471e-01,34804995
5.626166896422316e+03,5.617844939619549e+03,1.764705882352941e+00,34804992
5.626166896422316e+03,5.616237933597751e+03,1.764705882352941e+00,34804989
5.627621610354288e+03,5.619006107407268e+03,1.764705882352941e+00,34804993
5.628658959270655e+03,5.624720807127148e+03,5.882352941176471e-01,34804999
5.628658959270655e+03,5.625369528453243e+03,5.882352941176471e-01,34805000
5.628658959270655e+03,5.625859131487947e+03,5.882352941176471e-01,34805001
5.630665602518260e+03,5.628900896635907e+03,5.882352941176471e-01,34805004
5.631495282692878e+03,5.629730576810525e+03,5.882352941176471e-01,34805005
5.632188371035360e+03,5.630141443548544e+03,5.882352941176471e-01,34805006
5.634195014282966e+03,5.627665082148107e+03,1.764705882352941e+00,34805003
5.634943832628555e+03,5.633179126746202e+03,5.882352941176471e-01,34805007
5.636045417693955e+03,5.634280711811602e+03,5.882352941176471e-01,34805008
5.637957564879265e+03,5.636192858996912e+03,5.882352941176471e-01,34805009
5.641074789985985e+03,5.639310084103632e+03,5.882352941176471e-01,34805011
5.641815664897615e+03,5.639585609631253e+03,5.882352941176471e-01,34805013
5.643580370779968e+03,5.639514688060861e+03,1.176470588235294e+00,34805012
5.644665041186882e+03,5.641135629422176e+03,1.176470588235294e+00,34805014
5.644747966271728e+03,5.638286253132909e+03,1.764705882352941e+00,34805010
5.645774127139751e+03,5.644009421257398e+03,5.882352941176471e-01,34805015
5.647459290567140e+03,5.645694584684787e+03,5.882352941176471e-01,34805016
5.650668629644727e+03,5.648903923762374e+03,5.882352941176471e-01,34805017
5.651191619320448e+03,5.649426913438095e+03,5.882352941176471e-01,34805018
5.651434509638918e+03,5.649669803756565e+03,5.882352941176471e-01,34805019
5.652694830364941e+03,5.650518538018496e+03,5.882352941176471e-01,34805021
5.652694830364941e+03,5.649672236518919e+03,5.882352941176471e-01,34805020
5.655242694732054e+03,5.653477988849701e+03,5.882352941176471e-01,34805022
5.657972364139101e+03,5.656207658256748e+03,5.882352941176471e-01,34805025
5.659737070021454e+03,5.657922738844329e+03,5.882352941176471e-01,34805027
5.660822646659105e+03,5.658304285184708e+03,5.882352941176471e-01,34805028
5.661200074913690e+03,5.655151100757461e+03,1.764705882352941e+00,34805023
5.663266481786160e+03,5.656253175603298e+03,1.764705882352941e+00,34805026
5.663897241839909e+03,5.662132535957556e+03,5.882352941176471e-01,34805030
5.665457545632236e+03,5.663692839749883e+03,5.882352941176471e-01,34805031
5.666358146507092e+03,5.664593440624739e+03,5.882352941176471e-01,34805032
5.667856000197728e+03,5.666091294315375e+03,5.882352941176471e-01,34805034
5.668283254429682e+03,5.666518548547329e+03,5.882352941176471e-01,34805035
5.669620706080081e+03,5.667588867582492e+03,5.882352941176471e-01,34805036
5.670111182292033e+03,5.668346476409680e+03,5.882352941176471e-01,34805037
5.670492844309650e+03,5.665198726662592e+03,1.764705882352941e+00,34805033
5.671630650068410e+03,5.669071616065731e+03,5.882352941176471e-01,34805039
5.671630650068410e+03,5.668583146371297e+03,5.882352941176471e-01,34805038
5.673902984936111e+03,5.672138279053758e+03,5.882352941176471e-01,34805040
5.675968195251317e+03,5.674203489368964e+03,5.882352941176471e-01,34805041
5.677252075253584e+03,5.675487369371231e+03,5.882352941176471e-01,34805042
5.677776405603198e+03,5.676011699720845e+03,5.882352941176471e-01,34805044
5.679016781135937e+03,5.677006601436426e+03,5.882352941176471e-01,34805045
5.679534917608601e+03,5.677706939682649e+03,5.882352941176471e-01,34805047
5.681299623490954e+03,5.675999311966944e+03,1.176470588235294e+00,34805043
5.682546192900643e+03,5.678142485256682e+03,1.176470588235294e+00,34805048
5.683064329373307e+03,5.681250604075419e+03,5.882352941176470e-01,34805049
5.683064329373307e+03,5.677456294258556e+03,1.764705882352941e+00,34805046
5.684829035255660e+03,5.682597128501215e+03,5.882352941176471e-01,34805051
5.685115353044879e+03,5.683350647162526e+03,5.882352941176471e-01,34805052
5.688189983524763e+03,5.685401297841825e+03,5.882352941176471e-01,34805056
5.688644764809585e+03,5.682497498638072e+03,1.764705882352941e+00,34805050
5.690102789143729e+03,5.686913168881975e+03,5.882352941176471e-01,34805059
5.690102789143729e+03,5.686842488354714e+03,5.882352941176471e-01,34805058
5.690409470691938e+03,5.688486182997990e+03,5.882352941176471e-01,34805062
5.691867495026082e+03,5.688762796145211e+03,5.882352941176471e-01,34805063
5.693021357223321e+03,5.683569308451375e+03,1.176470588235294e+00,34805053
5.693632200908435e+03,5.691744148097368e+03,5.882352941176471e-01,34805066
5.695091484948231e+03,5.692403582339147e+03,5.882352941176471e-01,34805067
5.695906855266829e+03,5.689876767614423e+03,1.176470588235294e+00,34805064
5.696856190830584e+03,5.694736776837732e+03,5.882352941176471e-01,34805070
5.696856190830584e+03,5.694652097860516e+03,5.882352941176471e-01,34805069
5.698620896712937e+03,5.696302099138674e+03,5.882352941176471e-01,34805071
5.698719394059538e+03,5.696954688177185e+03,5.882352941176471e-01,34805072
5.699436267031535e+03,5.692677605247246e+03,1.764705882352941e+00,34805068
5.700434851268590e+03,5.698515117604190e+03,5.882352941176471e-01,34805074
5.702199557150943e+03,5.697566231956366e+03,1.176470588235294e+00,34805073
5.702984851886460e+03,5.701220146004107e+03,5.882352941176471e-01,34805076
5.706378632033651e+03,5.699659015921649e+03,1.764705882352941e+00,34805075
5.706853471068575e+03,5.701559353421516e+03,1.764705882352941e+00,34805077
5.707600434353676e+03,5.704312100829300e+03,5.882352941176471e-01,34805080
5.708143337916004e+03,5.705845420475909e+03,5.882352941176471e-01,34805086
5.709365140236029e+03,5.707484184950734e+03,5.882352941176471e-01,34805087
5.709982335999188e+03,5.708217630116835e+03,5.882352941176471e-01,34805088
5.710324583300534e+03,5.702094061206995e+03,1.764705882352941e+00,34805078
5.711129846118382e+03,5.708481093594919e+03,5.882352941176471e-01,34805089
5.711839861782071e+03,5.709499612668767e+03,5.882352941176471e-01,34805090
5.712894552000735e+03,5.711111580483398e+03,5.882352941176471e-01,34805093
5.713530275463593e+03,5.704022562566043e+03,1.176470588235294e+00,34805079
5.714886513075669e+03,5.713121807193316e+03,5.882352941176471e-01,34805094
5.715333720635709e+03,5.713569014753356e+03,5.882352941176471e-01,34805095
5.715618700947592e+03,5.710167975800247e+03,1.764705882352941e+00,34805092
5.716651218958022e+03,5.713974062400304e+03,5.882352941176471e-01,34805096
5.717571654889857e+03,5.715806949007504e+03,5.882352941176471e-01,34805097
5.720768263876200e+03,5.718396937261333e+03,5.882352941176471e-01,34805101
5.722532969758553e+03,5.720017451035549e+03,5.882352941176471e-01,34805102
5.723340142432506e+03,5.718030374695067e+03,1.764705882352941e+00,34805099
5.723340142432506e+03,5.717238852111494e+03,1.764705882352941e+00,34805098
5.725104848314859e+03,5.723190078708272e+03,5.882352941176471e-01,34805106
5.726869554197212e+03,5.718061674875828e+03,1.764705882352941e+00,34805100
5.728265160038758e+03,5.721640088072330e+03,1.764705882352941e+00,34805103
5.728634260079565e+03,5.726569878509735e+03,5.882352941176471e-01,34805108
5.728863648917226e+03,5.725334237152520e+03,1.176470588235294e+00,34805107
5.731419986363698e+03,5.729655280481345e+03,5.882352941176471e-01,34805110
5.734089567596630e+03,5.728795449949571e+03,1.764705882352941e+00,34805109
5.734316162307319e+03,5.732551456424966e+03,5.882352941176471e-01,34805112
5.735674351261806e+03,5.733860980464249e+03,5.882352941176471e-01,34805113
5.735854273478983e+03,5.734047106286060e+03,5.882352941176471e-01,34805114
5.737567525992736e+03,5.735802820110383e+03,5.882352941176471e-01,34805115
5.737845574072025e+03,5.732144939497100e+03,1.764705882352941e+00,34805111
5.744517375326851e+03,5.741957127682140e+03,5.882352941176471e-01,34805119
5.744675761365456e+03,5.739381643718398e+03,1.764705882352941e+00,34805116
5.746282081209204e+03,5.744059031219377e+03,5.882352941176471e-01,34805120
5.747220344274583e+03,5.740987963562145e+03,1.764705882352941e+00,34805117
5.748786556877460e+03,5.746320669130722e+03,5.882352941176471e-01,34805123
5.750551262759813e+03,5.745911542955319e+03,1.176470588235294e+00,34805122
5.750749756039289e+03,5.745257145112754e+03,1.764705882352941e+00,34805121
5.751637470895386e+03,5.749373232042163e+03,5.882352941176471e-01,34805125
5.752415215281904e+03,5.749934037052156e+03,5.882352941176471e-01,34805127
5.754179921164257e+03,5.747484882989443e+03,1.176470588235294e+00,34805124
5.755166882660092e+03,5.753013499702817e+03,5.882352941176471e-01,34805130
5.755944627046609e+03,5.750210699270999e+03,1.764705882352941e+00,34805128
5.756010069590889e+03,5.753457709862584e+03,5.882352941176471e-01,34805131
5.757709332928962e+03,5.755268198599526e+03,5.882352941176471e-01,34805135
5.759539481355595e+03,5.751559076883177e+03,1.764705882352941e+00,34805129
5.760511658276868e+03,5.754310806252817e+03,1.764705882352941e+00,34805133
5.762843690820818e+03,5.761078984938465e+03,5.882352941176471e-01,34805136
5.764665825212552e+03,5.762901119330199e+03,5.882352941176471e-01,34805139
5.765234717939605e+03,5.763452864533605e+03,5.882352941176471e-01,34805140
5.768033023440929e+03,5.762576692257540e+03,1.764705882352941e+00,34805138
5.768033023440929e+03,5.761705306174899e+03,1.764705882352941e+00,34805137
5.769745597861880e+03,5.766775250527335e+03,5.882352941176471e-01,34805143
5.769745597861880e+03,5.767317840265095e+03,5.882352941176471e-01,34805144
5.771510303744233e+03,5.766206024162846e+03,1.176470588235294e+00,34805142
5.773275009626585e+03,5.766059791712968e+03,1.764705882352941e+00,34805141
5.773348414692273e+03,5.770562376713346e+03,5.882352941176471e-01,34805148
5.773348414692273e+03,5.770278025327827e+03,5.882352941176471e-01,34805147
5.775046252143622e+03,5.772088582796407e+03,5.882352941176471e-01,34805150
5.775113120574626e+03,5.773284814578611e+03,5.882352941176471e-01,34805153
5.776877826456979e+03,5.769855705460411e+03,1.764705882352941e+00,34805146
5.777583889021699e+03,5.775819183139346e+03,5.882352941176471e-01,34805154
5.777601714005712e+03,5.775837008123359e+03,5.882352941176471e-01,34805155
5.780946831923939e+03,5.779182126041586e+03,5.882352941176471e-01,34805157
5.781218661084824e+03,5.779453955202471e+03,5.882352941176471e-01,34805158
5.782171944104038e+03,5.776607168686654e+03,1.764705882352941e+00,34805156
5.783936649986391e+03,5.782091747201775e+03,5.882352941176471e-01,34805161
5.785913962043822e+03,5.783074635497150e+03,5.882352941176471e-01,34805162
5.786376864151440e+03,5.780765649360699e+03,1.764705882352941e+00,34805160
5.786376864151440e+03,5.779696531234694e+03,1.764705882352941e+00,34805159
5.787987269331254e+03,5.784361862336548e+03,5.882352941176471e-01,34805164
5.789751975213607e+03,5.787689518517813e+03,5.882352941176471e-01,34805168
5.791516681095960e+03,5.788102825802711e+03,5.882352941176471e-01,34805170
5.793281386978313e+03,5.790828332298531e+03,5.882352941176471e-01,34805172
5.793819565520775e+03,5.784647939760762e+03,1.764705882352941e+00,34805165
5.795167532892178e+03,5.792636575684154e+03,5.882352941176471e-01,34805173
5.795404878555640e+03,5.786850970194718e+03,1.764705882352941e+00,34805167
5.797102812898155e+03,5.795338107015802e+03,5.882352941176471e-01,34805177
5.797230020786124e+03,5.795465314903771e+03,5.882352941176471e-01,34805178
5.797348977285481e+03,5.795549726426124e+03,5.882352941176471e-01,34805179
5.798994296453327e+03,5.797229590570974e+03,5.882352941176471e-01,34805180
5.800314546670200e+03,5.798549840787847e+03,5.882352941176471e-01,34805181
5.800632654878011e+03,5.793463547025582e+03,1.764705882352941e+00,34805176
5.802198660398465e+03,5.800433954516112e+03,5.882352941176471e-01,34805182
5.805191290604907e+03,5.803426584722554e+03,5.882352941176471e-01,34805183
5.806840745663403e+03,5.805076039781050e+03,5.882352941176471e-01,34805184
5.807402293417448e+03,5.805637587535095e+03,5.882352941176471e-01,34805186
5.808737039584989e+03,5.805895177417520e+03,5.882352941176471e-01,34805188
5.810501745467341e+03,5.807905220326222e+03,5.882352941176471e-01,34805189
5.810541163233505e+03,5.808776457351153e+03,5.882352941176471e-01,34805190
5.810931705182153e+03,5.805339215859516e+03,1.764705882352941e+00,34805185
5.812292729860470e+03,5.809379501003244e+03,5.882352941176471e-01,34805192
5.814178856888781e+03,5.811052210770569e+03,5.882352941176471e-01,34805194
5.814178856888781e+03,5.811459822529143e+03,5.882352941176471e-01,34805195
5.814421699180695e+03,5.805871848454177e+03,1.764705882352941e+00,34805187
5.815943562771134e+03,5.813398941306628e+03,5.882352941176471e-01,34805198
5.815943562771134e+03,5.812925730141064e+03,5.882352941176471e-01,34805197
5.819472974535840e+03,5.808858884336440e+03,1.764705882352941e+00,34805191
5.820476748622973e+03,5.818090241581100e+03,5.882352941176471e-01,34805202
5.820857214520583e+03,5.814306672014388e+03,1.764705882352941e+00,34805199
5.823002386300545e+03,5.816154032008321e+03,1.764705882352941e+00,34805201
5.823047245349455e+03,5.821282539467102e+03,5.882352941176471e-01,34805203
5.823332321048123e+03,5.821567615165771e+03,5.882352941176471e-01,34805204
5.825403827855033e+03,5.823639121972680e+03,5.882352941176471e-01,34805205
5.826495058689909e+03,5.824730352807556e+03,5.882352941176471e-01,34805206
5.827302167314812e+03,5.825537461432459e+03,5.882352941176471e-01,34805207
5.829423381891393e+03,5.827658676009040e+03,5.882352941176471e-01,34805208
5.831493418854504e+03,5.829728712972151e+03,5.882352941176471e-01,34805211
5.833421453881362e+03,5.828127336234303e+03,1.764705882352941e+00,34805209
5.833706096430345e+03,5.828411978783286e+03,1.764705882352941e+00,34805210
5.835158938239631e+03,5.832128137840640e+03,5.882352941176471e-01,34805216
5.835470802312698e+03,5.833492446594764e+03,5.882352941176471e-01,34805217
5.836923644121984e+03,5.835131253803661e+03,5.882352941176471e-01,34805218
5.837079576158517e+03,5.832091629743269e+03,1.176470588235294e+00,34805215
5.838844282040870e+03,5.830807889738490e+03,1.764705882352941e+00,34805212
5.840557010577712e+03,5.838016598872566e+03,5.882352941176471e-01,34805223
5.842321716460065e+03,5.837083910691511e+03,1.176470588235294e+00,34805222
5.842321716460065e+03,5.839628549253833e+03,5.882352941176471e-01,34805224
5.842765827412057e+03,5.835490974478534e+03,1.764705882352941e+00,34805219
5.844308477818414e+03,5.841187902212675e+03,5.882352941176471e-01,34805225
5.844308477818414e+03,5.841524721342687e+03,5.882352941176471e-01,34805226
5.846073183700767e+03,5.844074616214922e+03,5.882352941176471e-01,34805229
5.846615757786453e+03,5.844851051904100e+03,5.882352941176471e-01,34805230
5.847837889583120e+03,5.841966942280398e+03,1.764705882352941e+00,34805227
5.851736262896875e+03,5.849971557014522e+03,5.882352941176471e-01,34805231
5.852254754311517e+03,5.850490048429164e+03,5.882352941176471e-01,34805232
5.854056050828977e+03,5.850526639064271e+03,1.176470588235294e+00,34805233
5.856011064522629e+03,5.854246358640276e+03,5.882352941176471e-01,34805234
5.857077778185293e+03,5.855313072302940e+03,5.882352941176471e-01,34805235
5.857775770404982e+03,5.855808945169667e+03,5.882352941176471e-01,34805237
5.858842484067646e+03,5.857059005367199e+03,5.882352941176471e-01,34805238
5.860019646046543e+03,5.858254940164190e+03,5.882352941176471e-01,34805239
5.860868950011521e+03,5.855574832364463e+03,1.764705882352941e+00,34805236
5.862718143860893e+03,5.860064798306771e+03,5.882352941176471e-01,34805242
5.864513330632028e+03,5.862748624749675e+03,5.882352941176471e-01,34805247
5.865187756992644e+03,5.859983310915235e+03,1.176470588235294e+00,34805241
5.866278036514381e+03,5.863844332011532e+03,5.882352941176471e-01,34805248
5.866952462874997e+03,5.859798113533409e+03,1.764705882352941e+00,34805240
5.870144661459395e+03,5.861380664508341e+03,1.764705882352941e+00,34805246
5.870144661459395e+03,5.860995681962049e+03,1.764705882352941e+00,34805245
5.870481874639703e+03,5.864543545899484e+03,1.764705882352941e+00,34805249
5.874187369185768e+03,5.868930515456719e+03,1.176470588235294e+00,34805251
5.874187369185768e+03,5.868128924558316e+03,1.176470588235294e+00,34805250
5.875556354644191e+03,5.873224446439878e+03,5.882352941176471e-01,34805254
5.875952075068121e+03,5.873794234333988e+03,5.882352941176471e-01,34805257
5.877617850844491e+03,5.874542415012720e+03,5.882352941176471e-01,34805258
5.877716780950474e+03,5.870804676257256e+03,1.764705882352941e+00,34805253
5.879382556726844e+03,5.877454493828131e+03,5.882352941176471e-01,34805263
5.879481486832827e+03,5.877679887904770e+03,5.882352941176471e-01,34805264
5.884764564177617e+03,5.882655825304512e+03,5.882352941176471e-01,34805273
5.884764564177617e+03,5.881575388016725e+03,5.882352941176471e-01,34805272
5.884814472829188e+03,5.883049766946835e+03,5.882352941176471e-01,34805274
5.886490845309247e+03,5.876380631961254e+03,1.176470588235294e+00,34805262
5.886529270059970e+03,5.884136493226480e+03,5.882352941176471e-01,34805275
5.888255551191600e+03,5.884937354910024e+03,5.882352941176470e-01,34805276
5.888255551191600e+03,5.874627589481044e+03,1.764705882352941e+00,34805259
5.888293975942323e+03,5.886517028987148e+03,5.882352941176471e-01,34805277
5.890020257073953e+03,5.887224184001881e+03,5.882352941176471e-01,34805278
5.891784962956306e+03,5.889327196439199e+03,5.882352941176471e-01,34805280
5.892684404787759e+03,5.878830196420264e+03,1.764705882352941e+00,34805265
5.893549668838659e+03,5.890527390626481e+03,5.882352941176471e-01,34805282
5.893999389754385e+03,5.887685105806629e+03,1.176470588235294e+00,34805279
5.895764095636738e+03,5.889355364222421e+03,1.764705882352941e+00,34805281
5.895963651626341e+03,5.894198945743988e+03,5.882352941176471e-01,34805283
5.898597120304248e+03,5.896832414421895e+03,5.882352941176471e-01,34805284
5.898605770903710e+03,5.896841065021357e+03,5.882352941176471e-01,34805285
5.898636747176045e+03,5.896872041293692e+03,5.882352941176471e-01,34805286
5.900368314136198e+03,5.897459199959251e+03,5.882352941176471e-01,34805288
5.900368314136198e+03,5.897164145581235e+03,5.882352941176471e-01,34805287
5.903941552762892e+03,5.902176846880539e+03,5.882352941176471e-01,34805291
5.905728229058034e+03,5.903963523175681e+03,5.882352941176471e-01,34805292
5.906289393658038e+03,5.904524687775685e+03,5.882352941176471e-01,34805293
5.908156350482859e+03,5.906391644600506e+03,5.882352941176471e-01,34805295
5.908399150876238e+03,5.906634444993885e+03,5.882352941176471e-01,34805296
5.909559635471251e+03,5.906986820750757e+03,5.882352941176471e-01,34805297
5.909921056365212e+03,5.907895159622386e+03,5.882352941176471e-01,34805299
5.911505051800585e+03,5.909441496582200e+03,5.882352941176471e-01,34805301
5.911505051800585e+03,5.909410889541518e+03,5.882352941176471e-01,34805300
5.911928562640943e+03,5.905929993673058e+03,1.764705882352941e+00,34805294
5.913269757682937e+03,5.911412150261433e+03,5.882352941176471e-01,34805303
5.914105659635974e+03,5.912340953753621e+03,5.882352941176471e-01,34805304
5.915034463565290e+03,5.912595268005366e+03,5.882352941176471e-01,34805305
5.916799169447643e+03,5.910900908095300e+03,1.764705882352941e+00,34805302
5.916859423077098e+03,5.915094717194745e+03,5.882352941176471e-01,34805306
5.918439402796307e+03,5.916674696913954e+03,5.882352941176471e-01,34805307
5.920499955180003e+03,5.918735249297650e+03,5.882352941176471e-01,34805308
5.922121562184561e+03,5.920356856302208e+03,5.882352941176471e-01,34805310
5.922295688502879e+03,5.920530982620526e+03,5.882352941176471e-01,34805311
5.924448858847387e+03,5.922219349902429e+03,5.882352941176471e-01,34805317
5.925145426890394e+03,5.923072617427190e+03,5.882352941176471e-01,34805319
5.926677943425078e+03,5.920539129913986e+03,1.176470588235294e+00,34805312
5.928442649307431e+03,5.919680710347233e+03,1.764705882352941e+00,34805309
5.929245577525884e+03,5.923579629037059e+03,1.764705882352941e+00,34805320
5.930207355189784e+03,5.927860082191420e+03,5.882352941176471e-01,34805322
5.931196674539333e+03,5.929431968656980e+03,5.882352941176471e-01,34805323
5.931972061072137e+03,5.926028707197918e+03,1.764705882352941e+00,34805321
5.932997504743901e+03,5.931232798861548e+03,5.882352941176471e-01,34805325
5.933736766954490e+03,5.931577453765526e+03,5.882352941176471e-01,34805326
5.934762210626254e+03,5.932932797712831e+03,5.882352941176471e-01,34805327
5.936241936637120e+03,5.930947818990061e+03,1.764705882352941e+00,34805324
5.937195125381131e+03,5.935430419498778e+03,5.882352941176471e-01,34805328
5.937346767977342e+03,5.935582062094989e+03,5.882352941176471e-01,34805329
5.940314940593587e+03,5.938550234711234e+03,5.882352941176471e-01,34805335
5.940840254106892e+03,5.939075548224539e+03,5.882352941176471e-01,34805336
5.941933348955263e+03,5.935686362747922e+03,1.764705882352941e+00,34805330
5.943151507413431e+03,5.940347463235928e+03,5.882352941176471e-01,34805337
5.943728635397238e+03,5.936771662865233e+03,1.764705882352941e+00,34805334
5.944916213295784e+03,5.941964251931482e+03,5.882352941176471e-01,34805339
5.946680919178136e+03,5.940542344131639e+03,1.764705882352941e+00,34805338
5.946801721058520e+03,5.945037015176167e+03,5.882352941176471e-01,34805340
5.949361122131116e+03,5.945831710366410e+03,1.176470588235294e+00,34805341
5.950210330942842e+03,5.946410769191433e+03,1.176470588235294e+00,34805342
5.952220994171501e+03,5.948691582406795e+03,1.176470588235294e+00,34805343
5.952879415615107e+03,5.951114709732754e+03,5.882352941176471e-01,34805345
5.953985700053854e+03,5.951832539545113e+03,5.882352941176471e-01,34805346
5.955892646376707e+03,5.954127940494354e+03,5.882352941176471e-01,34805347
5.956086411427359e+03,5.950792293780300e+03,1.764705882352941e+00,34805344
5.956620360458823e+03,5.954855654576470e+03,5.882352941176471e-01,34805348
5.958002970504586e+03,5.956238264622233e+03,5.882352941176471e-01,34805350
5.958922725493580e+03,5.957158019611228e+03,5.882352941176471e-01,34805351
5.959476428200445e+03,5.957188602715792e+03,5.882352941176471e-01,34805352
5.961532382269291e+03,5.955947016435739e+03,1.764705882352941e+00,34805349
5.964561201798790e+03,5.959267084151731e+03,1.764705882352941e+00,34805353
5.965639195486095e+03,5.960345077839036e+03,1.764705882352941e+00,34805354
5.966325907681143e+03,5.963806988136117e+03,5.882352941176471e-01,34805356
5.967639631126880e+03,5.965874925244527e+03,5.882352941176471e-01,34805357
5.968880058518592e+03,5.963585940871533e+03,1.764705882352941e+00,34805355
5.971980617957815e+03,5.966686500310756e+03,1.764705882352941e+00,34805358
5.972409470283298e+03,5.968773780611969e+03,1.176470588235294e+00,34805360
5.972933748773939e+03,5.967018914277179e+03,1.764705882352941e+00,34805359
5.975986770309726e+03,5.974222064427373e+03,5.882352941176471e-01,34805365
5.977099393095339e+03,5.971432826556906e+03,1.176470588235294e+00,34805361
5.978864098977692e+03,5.976981646638986e+03,5.882352941176470e-01,34805366
5.978864098977692e+03,5.971721382256149e+03,1.764705882352941e+00,34805362
5.980013620239062e+03,5.973442527082821e+03,1.764705882352941e+00,34805363
5.981797592633435e+03,5.980032886751083e+03,5.882352941176471e-01,34805369
5.982851074269563e+03,5.980375759827828e+03,5.882352941176471e-01,34805371
5.982851074269563e+03,5.980169515974106e+03,5.882352941176471e-01,34805370
5.983562298515788e+03,5.981609045313759e+03,5.882352941176471e-01,34805372
5.984615780151916e+03,5.982594343445064e+03,5.882352941176471e-01,34805373
5.986736098157381e+03,5.979779226032022e+03,1.764705882352941e+00,34805368
5.986736098157381e+03,5.978132978370992e+03,1.764705882352941e+00,34805367
5.988404458266472e+03,5.985564784326273e+03,5.882352941176471e-01,34805375
5.990169164148825e+03,5.987760998499459e+03,5.882352941176471e-01,34805379
5.990169164148825e+03,5.987170884483691e+03,5.882352941176471e-01,34805378
5.991933870031178e+03,5.989244340199638e+03,5.882352941176471e-01,34805382
5.991933870031178e+03,5.988569377193081e+03,5.882352941176471e-01,34805381
5.993698575913531e+03,5.991390883304356e+03,5.882352941176471e-01,34805384
5.994213023156883e+03,5.984682354955241e+03,1.764705882352941e+00,34805374
5.995463281795884e+03,5.993586667211719e+03,5.882352941176471e-01,34805386
5.995463281795884e+03,5.993118029215042e+03,5.882352941176471e-01,34805385
6.000313550020800e+03,5.998548844138447e+03,5.882352941176471e-01,34805395
6.000976433084396e+03,5.999211727202043e+03,5.882352941176471e-01,34805396
6.001769899134248e+03,5.988459006197973e+03,1.176470588235294e+00,34805380
6.003137871991675e+03,5.996626096355276e+03,1.176470588235294e+00,34805393
6.003534605016601e+03,5.990940835013853e+03,1.764705882352941e+00,34805383
6.004902577874028e+03,6.002338314256634e+03,5.882352941176470e-01,34805397
6.004902577874028e+03,5.997033363287792e+03,1.764705882352941e+00,34805394
6.006667283756381e+03,6.004042314697659e+03,5.882352941176471e-01,34805399
6.008828722663660e+03,6.003193523652733e+03,1.764705882352941e+00,34805398
6.009154802180650e+03,6.007390096298298e+03,5.882352941176471e-01,34805400
6.015313075227205e+03,6.013548369344852e+03,5.882352941176471e-01,34805401
6.017189547876403e+03,6.013660136111697e+03,1.176470588235294e+00,34805402
6.018954253758756e+03,6.017178544650475e+03,5.882352941176471e-01,34805405
6.019243830395477e+03,6.017296065544974e+03,5.882352941176471e-01,34805406
6.020390752987856e+03,6.017970803565785e+03,5.882352941176471e-01,34805407
6.023151875566414e+03,6.015714418630772e+03,1.764705882352941e+00,34805403
6.024084268079188e+03,6.021729635330247e+03,5.882352941176471e-01,34805413
6.027261791166953e+03,6.024695743976670e+03,5.882352941176471e-01,34805419
6.029026497049305e+03,6.027244901751712e+03,5.882352941176471e-01,34805422
6.029026497049305e+03,6.027118309518419e+03,5.882352941176471e-01,34805421
6.030495505532023e+03,6.018916491375600e+03,1.764705882352941e+00,34805409
6.032555908814011e+03,6.024823677737072e+03,1.764705882352941e+00,34805420
6.034308557119464e+03,6.031443558650394e+03,5.882352941176471e-01,34805425
6.034320614696364e+03,6.030779145354758e+03,1.176470588235294e+00,34805424
6.034320614696364e+03,6.028034826857667e+03,1.764705882352941e+00,34805423
6.038171958768310e+03,6.036407252885957e+03,5.882352941176471e-01,34805429
6.039159474629420e+03,6.037181999624428e+03,5.882352941176471e-01,34805430
6.040430422581218e+03,6.036231083703789e+03,1.176470588235294e+00,34805428
6.041401557127637e+03,6.034518902780393e+03,1.764705882352941e+00,34805426
6.042195128463571e+03,6.040264277061703e+03,5.882352941176470e-01,34805431
6.042195128463571e+03,6.035630062864714e+03,1.764705882352941e+00,34805427
6.043959834345924e+03,6.042160943145134e+03,5.882352941176471e-01,34805434
6.044489833763627e+03,6.042725127881274e+03,5.882352941176471e-01,34805435
6.046722180250423e+03,6.044957474368070e+03,5.882352941176471e-01,34805436
6.047075367783444e+03,6.040617273843163e+03,1.764705882352941e+00,34805432
6.047280184014974e+03,6.045515478132621e+03,5.882352941176471e-01,34805437
6.052016297897482e+03,6.046284642124364e+03,1.764705882352941e+00,34805438
6.052315343536558e+03,6.050308030507207e+03,5.882352941176471e-01,34805441
6.052933551498131e+03,6.047639433851073e+03,1.764705882352941e+00,34805439
6.053874408204619e+03,6.050955068765128e+03,5.882352941176471e-01,34805442
6.054698257380484e+03,6.052644877812712e+03,5.882352941176471e-01,34805445
6.055741934694118e+03,6.053702925626434e+03,5.882352941176471e-01,34805447
6.055741934694118e+03,6.052972348234788e+03,5.882352941176471e-01,34805446
6.058749507802007e+03,6.052203106747050e+03,1.764705882352941e+00,34805444
6.058749507802007e+03,6.048785931771852e+03,1.764705882352941e+00,34805440
6.059573489274920e+03,6.056383987270644e+03,5.882352941176471e-01,34805449
6.060514213684360e+03,6.057963167462491e+03,5.882352941176471e-01,34805451
6.062278919566713e+03,6.055889693440290e+03,1.764705882352941e+00,34805448
6.062805090810589e+03,6.061040384928236e+03,5.882352941176471e-01,34805452
6.068467364309694e+03,6.066702658427341e+03,5.882352941176471e-01,34805453
6.069534182699296e+03,6.067769476816943e+03,5.882352941176471e-01,34805454
6.072871490178026e+03,6.071106784295673e+03,5.882352941176471e-01,34805457
6.074042881561242e+03,6.068748763914183e+03,1.764705882352941e+00,34805455
6.074636196060379e+03,6.072731607952780e+03,5.882352941176471e-01,34805458
6.075877789480636e+03,6.073039183972454e+03,5.882352941176471e-01,34805459
6.075947991517677e+03,6.070653873870618e+03,1.764705882352941e+00,34805456
6.077021698652860e+03,6.074531626975842e+03,5.882352941176471e-01,34805461
6.078255240615783e+03,6.076490534733430e+03,5.882352941176471e-01,34805463
6.078786404535213e+03,6.074578774092955e+03,1.176470588235294e+00,34805462
6.078898825254351e+03,6.077134119371998e+03,5.882352941176471e-01,34805464
6.080173832852539e+03,6.078409126970186e+03,5.882352941176471e-01,34805465
6.080551110417566e+03,6.078627528344830e+03,5.882352941176471e-01,34805466
6.080914886992302e+03,6.079150181109949e+03,5.882352941176471e-01,34805467
6.084526868200399e+03,6.082762162318046e+03,5.882352941176471e-01,34805470
6.086085358081007e+03,6.080791240433948e+03,1.764705882352941e+00,34805468
6.086291574082752e+03,6.084361504778362e+03,5.882352941176471e-01,34805472
6.087633985468976e+03,6.084637474523510e+03,5.882352941176471e-01,34805473
6.088422993334344e+03,6.082123789327533e+03,1.176470588235294e+00,34805469
6.089652623164808e+03,6.087025000821231e+03,5.882352941176471e-01,34805475
6.090187699216697e+03,6.088395780909412e+03,5.882352941176471e-01,34805478
6.091417329047161e+03,6.085032472805628e+03,1.176470588235294e+00,34805474
6.092038738083844e+03,6.090274032201491e+03,5.882352941176471e-01,34805479
6.093182034929514e+03,6.087025437208384e+03,1.764705882352941e+00,34805476
6.093596307620636e+03,6.090286963948035e+03,5.882352941176471e-01,34805480
6.097125719385341e+03,6.090750035654951e+03,1.764705882352941e+00,34805481
6.099172900461194e+03,6.093878782814135e+03,1.764705882352941e+00,34805483
6.100937606343547e+03,6.098810412514914e+03,5.882352941176471e-01,34805486
6.103765090852658e+03,6.101459627688034e+03,5.882352941176471e-01,34805492
6.104937154760765e+03,6.103040087132858e+03,5.882352941176471e-01,34805495
6.108114597520708e+03,6.098470973205600e+03,1.764705882352941e+00,34805485
6.108114597520708e+03,6.097878331231354e+03,1.764705882352941e+00,34805484
6.108466566525471e+03,6.102486637890226e+03,1.764705882352941e+00,34805493
6.109996626404648e+03,6.106166936273279e+03,5.882352941176471e-01,34805497
6.113526038169354e+03,6.106513039619408e+03,1.764705882352941e+00,34805498
6.113526038169354e+03,6.105596068676905e+03,1.764705882352941e+00,34805496
6.115290744051707e+03,6.109566652113363e+03,1.764705882352941e+00,34805499
6.116405062261434e+03,6.114640356379081e+03,5.882352941176471e-01,34805501
6.118202925617825e+03,6.116438219735472e+03,5.882352941176471e-01,34805503
6.118820155816413e+03,6.112025410726728e+03,1.764705882352941e+00,34805500
6.118831599390203e+03,6.117066893507850e+03,5.882352941176471e-01,34805504
6.119967631500178e+03,6.117698191492117e+03,5.882352941176471e-01,34805505
6.122136195132397e+03,6.119137605554757e+03,5.882352941176471e-01,34805507
6.122338124007330e+03,6.115129570898592e+03,1.764705882352941e+00,34805502
6.122595591406445e+03,6.119066179641739e+03,1.176470588235294e+00,34805506
6.123900901014750e+03,6.121906408369362e+03,5.882352941176471e-01,34805510
6.126141430324904e+03,6.122612018560198e+03,1.176470588235294e+00,34805511
6.127190857678795e+03,6.125426151796442e+03,5.882352941176471e-01,34805512
6.127636156103724e+03,6.125871450221371e+03,5.882352941176471e-01,34805513
6.127906136207257e+03,6.125883553786284e+03,5.882352941176471e-01,34805514
6.129178212773612e+03,6.126976588206082e+03,5.882352941176471e-01,34805516
6.129721860093521e+03,6.127957154211169e+03,5.882352941176471e-01,34805517
6.130997542305375e+03,6.129232836423022e+03,5.882352941176471e-01,34805518
6.132097095257096e+03,6.129386848781193e+03,5.882352941176471e-01,34805519
6.132707624538318e+03,6.126519296403104e+03,1.764705882352941e+00,34805515
6.134020164798521e+03,6.132255458916168e+03,5.882352941176471e-01,34805522
6.136277197722612e+03,6.134512491840259e+03,5.882352941176471e-01,34805523
6.137024302892278e+03,6.131730185245219e+03,1.764705882352941e+00,34805521
6.138335337511132e+03,6.136570631628779e+03,5.882352941176471e-01,34805525
6.139818675422950e+03,6.137305014035940e+03,5.882352941176471e-01,34805528
6.140694070228815e+03,6.138546816644578e+03,5.882352941176471e-01,34805530
6.142492306711752e+03,6.140727600829400e+03,5.882352941176471e-01,34805531
6.143488771172923e+03,6.136716925060756e+03,1.764705882352941e+00,34805526
6.143488771172923e+03,6.136289263658244e+03,1.764705882352941e+00,34805524
6.146984652337044e+03,6.138063641243744e+03,1.764705882352941e+00,34805529
6.148284656589397e+03,6.142049574010205e+03,1.764705882352941e+00,34805533
6.148284656589397e+03,6.142033621003290e+03,1.764705882352941e+00,34805532
6.149399360345573e+03,6.145778967577775e+03,5.882352941176471e-01,34805535
6.149399360345573e+03,6.144989542479899e+03,5.882352941176471e-01,34805534
6.151097353306699e+03,6.149332647424346e+03,5.882352941176471e-01,34805536
6.152257569014021e+03,6.150492863131668e+03,5.882352941176471e-01,34805538
6.152923521542100e+03,6.151158815659747e+03,5.882352941176471e-01,34805539
6.153941059080840e+03,6.151538782756000e+03,5.882352941176471e-01,34805541
6.153941059080840e+03,6.151237623146932e+03,5.882352941176471e-01,34805540
6.154688227424453e+03,6.150249215685066e+03,1.176470588235294e+00,34805537
6.157955086415106e+03,6.155881113117035e+03,5.882352941176471e-01,34805546
6.158400629528698e+03,6.156635923646345e+03,5.882352941176471e-01,34805547
6.160590685373919e+03,6.154425674650400e+03,1.764705882352941e+00,34805543
6.163688016125516e+03,6.155014707280573e+03,1.764705882352941e+00,34805545
6.163688016125516e+03,6.157510989808969e+03,1.764705882352941e+00,34805548
6.163688016125516e+03,6.157861181081813e+03,1.764705882352941e+00,34805549
6.165455504726731e+03,6.160913190739675e+03,5.882352941176471e-01,34805550
6.165455504726731e+03,6.161061692851455e+03,5.882352941176471e-01,34805552
6.168643664093874e+03,6.166878958211521e+03,5.882352941176471e-01,34805556
6.168984916491437e+03,6.161013534375547e+03,1.764705882352941e+00,34805551
6.170749622373790e+03,6.163694972922671e+03,1.764705882352941e+00,34805555
6.172263421841326e+03,6.170498715958973e+03,5.882352941176471e-01,34805558
6.172967743254256e+03,6.171100455847771e+03,5.882352941176471e-01,34805560
6.174217098671990e+03,6.171535622502679e+03,5.882352941176471e-01,34805561
6.174653596265799e+03,6.172776625214581e+03,5.882352941176471e-01,34805564
6.174653596265799e+03,6.172641363737947e+03,5.882352941176471e-01,34805563
6.176418302148152e+03,6.174512626655436e+03,5.882352941176471e-01,34805570
6.176418302148152e+03,6.174381180254234e+03,5.882352941176471e-01,34805569
6.179790995709295e+03,6.171045331630283e+03,1.764705882352941e+00,34805559
6.179790995709295e+03,6.169438331489550e+03,1.764705882352941e+00,34805557
6.179947713912858e+03,6.173104967753896e+03,1.764705882352941e+00,34805565
6.181634060693429e+03,6.178303997343967e+03,5.882352941176471e-01,34805571
6.181634060693429e+03,6.178393952580036e+03,5.882352941176471e-01,34805572
6.183977668933559e+03,6.182212963051206e+03,5.882352941176471e-01,34805576
6.185163472458135e+03,6.178559797689413e+03,1.764705882352941e+00,34805573
6.187159739283599e+03,6.184060160830807e+03,5.882352941176471e-01,34805579
6.187159739283599e+03,6.184127960505876e+03,5.882352941176471e-01,34805580
6.188924445165952e+03,6.185593185587673e+03,5.882352941176471e-01,34805584
6.189251925594884e+03,6.181519321362208e+03,1.176470588235294e+00,34805575
6.190827166998915e+03,6.188245022322049e+03,5.882352941176471e-01,34805587
6.190827166998915e+03,6.187688390489250e+03,5.882352941176471e-01,34805586
6.191079600165531e+03,6.189314894283178e+03,5.882352941176471e-01,34805588
6.192591872881268e+03,6.189896636422270e+03,5.882352941176471e-01,34805590
6.194546043241943e+03,6.187435771184821e+03,1.764705882352941e+00,34805585
6.196121284645974e+03,6.189808689513776e+03,1.764705882352941e+00,34805589
6.197885990528327e+03,6.195036960262162e+03,5.882352941176471e-01,34805594
6.198075455006649e+03,6.191984032329274e+03,1.764705882352941e+00,34805591
6.200498819906364e+03,6.198734114024011e+03,5.882352941176471e-01,34805597
6.201415402293033e+03,6.195006764943623e+03,1.764705882352941e+00,34805593
6.201415402293033e+03,6.193873222636866e+03,1.764705882352941e+00,34805592
6.206721253027367e+03,6.203191841262661e+03,1.176470588235294e+00,34805599
6.206771845441670e+03,6.201477727794611e+03,1.764705882352941e+00,34805598
6.208485958909720e+03,6.203815997158243e+03,1.176470588235294e+00,34805600
6.208731595459672e+03,6.206966889577319e+03,5.882352941176471e-01,34805602
6.210355586725671e+03,6.208590880843318e+03,5.882352941176471e-01,34805603
6.210874820687655e+03,6.205154700645884e+03,1.764705882352941e+00,34805601
6.215987136457533e+03,6.214222430575181e+03,5.882352941176471e-01,34805604
6.217461084956267e+03,6.215696379073914e+03,5.882352941176471e-01,34805605
6.217751842339886e+03,6.215936946856776e+03,5.882352941176471e-01,34805607
6.221099041839459e+03,6.215804924192400e+03,1.764705882352941e+00,34805606
6.223320257211204e+03,6.221555551328851e+03,5.882352941176471e-01,34805610
6.224252359095700e+03,6.221963792876161e+03,5.882352941176471e-01,34805611
6.225059594027738e+03,6.219765476380679e+03,1.764705882352941e+00,34805608
6.226824299910091e+03,6.220319093349456e+03,1.176470588235294e+00,34805609
6.227781770860406e+03,6.224095432703708e+03,1.176470588235294e+00,34805614
6.228614374858263e+03,6.222891507194884e+03,1.764705882352941e+00,34805613
6.229576010646154e+03,6.227811304763802e+03,5.882352941176471e-01,34805615
6.232668215861991e+03,6.230903509979638e+03,5.882352941176471e-01,34805616
6.232792201286251e+03,6.231027495403898e+03,5.882352941176471e-01,34805617
6.233232284688869e+03,6.231467578806516e+03,5.882352941176471e-01,34805618
6.234494914456474e+03,6.232092586587719e+03,5.882352941176471e-01,34805620
6.238024326221180e+03,6.231974096899516e+03,1.764705882352941e+00,34805619
6.240064478440646e+03,6.238299772558293e+03,5.882352941176471e-01,34805622
6.240941331998987e+03,6.239176626116634e+03,5.882352941176471e-01,34805623
6.241983944329409e+03,6.236689826682350e+03,1.764705882352941e+00,34805621
6.242947805192554e+03,6.241183099310201e+03,5.882352941176471e-01,34805626
6.243671270208557e+03,6.241746961768093e+03,5.882352941176471e-01,34805627
6.245475759733484e+03,6.243711053851131e+03,5.882352941176471e-01,34805628
6.245513356094115e+03,6.239517492367223e+03,1.764705882352941e+00,34805624
6.247265709893791e+03,6.245501004011438e+03,5.882352941176471e-01,34805630
6.247506889459917e+03,6.245742183577565e+03,5.882352941176471e-01,34805631
6.249165589209954e+03,6.247400883327601e+03,5.882352941176471e-01,34805632
6.249476906213314e+03,6.244182788566256e+03,1.764705882352941e+00,34805629
6.255094879079051e+03,6.253330173196698e+03,5.882352941176471e-01,34805633
6.259861937412023e+03,6.254567819764964e+03,1.764705882352941e+00,34805634
6.262528527188098e+03,6.256376698912451e+03,1.764705882352941e+00,34805636
6.262528527188098e+03,6.256327414287276e+03,1.764705882352941e+00,34805635
6.263391349176729e+03,6.257161585114899e+03,1.764705882352941e+00,34805637
6.264293233070451e+03,6.260963806614297e+03,5.882352941176471e-01,34805638
6.265237803661012e+03,6.263473097778659e+03,5.882352941176471e-01,34805640
6.266057938952804e+03,6.264158017277474e+03,5.882352941176471e-01,34805641
6.267627365191030e+03,6.265862659308677e+03,5.882352941176471e-01,34805642
6.268226683128396e+03,6.262932565481337e+03,1.764705882352941e+00,34805639
6.268564323657169e+03,6.266799617774816e+03,5.882352941176471e-01,34805643
6.270765862656032e+03,6.269001156773679e+03,5.882352941176471e-01,34805645
6.271156776955736e+03,6.267352611861142e+03,1.176470588235294e+00,34805644
6.272856975477458e+03,6.269327563712752e+03,1.176470588235294e+00,34805646
6.273455648235159e+03,6.271690942352807e+03,5.882352941176471e-01,34805648
6.275220354117512e+03,6.273340517597032e+03,5.882352941176471e-01,34805651
6.279742575482794e+03,6.270517815674191e+03,1.176470588235294e+00,34805647
6.279742575482794e+03,6.272317310725371e+03,1.176470588235294e+00,34805649
6.281507281365146e+03,6.276104988382487e+03,1.176470588235294e+00,34805657
6.281507281365146e+03,6.272631079267867e+03,1.764705882352941e+00,34805650
6.283271987247499e+03,6.278324512609603e+03,1.176470588235294e+00,34805658
6.283271987247499e+03,6.280717039196684e+03,5.882352941176471e-01,34805660
6.283271987247499e+03,6.280036913929957e+03,5.882352941176471e-01,34805659
6.285036693129852e+03,6.283077646008733e+03,5.882352941176471e-01,34805662
6.287225165723725e+03,6.285460459841372e+03,5.882352941176471e-01,34805663
6.288566104894558e+03,6.282881654678298e+03,1.764705882352941e+00,34805661
6.289945486344765e+03,6.288180780462412e+03,5.882352941176471e-01,34805665
6.291198765733556e+03,6.287669353968850e+03,1.176470588235294e+00,34805664
6.292228553046958e+03,6.290463847164605e+03,5.882352941176471e-01,34805666
6.296081585833706e+03,6.292552174069000e+03,1.176470588235294e+00,34805667
6.296305802198852e+03,6.294541096316499e+03,5.882352941176471e-01,34805669
6.297514975922416e+03,6.295750270040063e+03,5.882352941176471e-01,34805670
6.297846291716058e+03,6.295850754125438e+03,5.882352941176471e-01,34805671
6.299497594240241e+03,6.293872160799540e+03,1.176470588235294e+00,34805668
6.301044387687122e+03,6.298294414454277e+03,5.882352941176471e-01,34805674
6.301599919845911e+03,6.296234060004339e+03,1.764705882352941e+00,34805672
6.302918049787211e+03,6.300685293371303e+03,5.882352941176471e-01,34805677
6.303364625728264e+03,6.301547342722290e+03,5.882352941176471e-01,34805678
6.304831614316582e+03,6.297048063972383e+03,1.176470588235294e+00,34805673
6.306596320198935e+03,6.300635334997049e+03,1.764705882352941e+00,34805676
6.306596320198935e+03,6.299481726560559e+03,1.764705882352941e+00,34805675
6.311093974839261e+03,6.309329268956908e+03,5.882352941176471e-01,34805679
6.314020485926238e+03,6.312255780043885e+03,5.882352941176471e-01,34805680
6.314264860584990e+03,6.312500154702637e+03,5.882352941176471e-01,34805681
6.317175635671223e+03,6.313646223906518e+03,1.176470588235294e+00,34805682
6.318236564850628e+03,6.314707153085922e+03,1.176470588235294e+00,34805684
6.319562616277366e+03,6.314268498630307e+03,1.764705882352941e+00,34805683
6.321689890404704e+03,6.319925184522351e+03,5.882352941176471e-01,34805686
6.322446476567308e+03,6.320681770684955e+03,5.882352941176471e-01,34805687
6.322708330125915e+03,6.317414212478856e+03,1.764705882352941e+00,34805685
6.323454596287057e+03,6.320984337085300e+03,5.882352941176471e-01,34805688
6.324473036008268e+03,6.322694969350014e+03,5.882352941176471e-01,34805690
6.327740594214367e+03,6.321799285632069e+03,1.764705882352941e+00,34805689
6.328748713934116e+03,6.322818623426272e+03,1.764705882352941e+00,34805691
6.329505300096720e+03,6.325202416510900e+03,1.176470588235294e+00,34805692
6.332278125698822e+03,6.326527153974095e+03,1.764705882352941e+00,34805693
6.333034711861426e+03,6.331036448085000e+03,5.882352941176471e-01,34805699
6.334359507908679e+03,6.328950427744725e+03,1.176470588235294e+00,34805696
6.334359507908679e+03,6.328526038589166e+03,1.176470588235294e+00,34805695
6.336026085242869e+03,6.334038003799893e+03,5.882352941176471e-01,34805702
6.336026085242869e+03,6.333659899794002e+03,5.882352941176471e-01,34805701
6.336124213791032e+03,6.332398544929999e+03,1.176470588235294e+00,34805700
6.337888919673385e+03,6.336052250901181e+03,5.882352941176471e-01,34805708
6.339571196402562e+03,6.334524913793092e+03,1.176470588235294e+00,34805703
6.341335902284915e+03,6.339412920380269e+03,5.882352941176470e-01,34805710
6.341335902284915e+03,6.334974729625293e+03,1.764705882352941e+00,34805704
6.343100608167268e+03,6.340958386514921e+03,5.882352941176471e-01,34805713
6.344865314049621e+03,6.339148232050221e+03,1.764705882352941e+00,34805709
6.346257893215797e+03,6.344493187333444e+03,5.882352941176471e-01,34805715
6.346630019931974e+03,6.340142650369801e+03,1.764705882352941e+00,34805711
6.348366612469337e+03,6.342260835511824e+03,1.764705882352941e+00,34805714
6.348490257820346e+03,6.346725551937993e+03,5.882352941176471e-01,34805716
6.350867594698904e+03,6.349102888816551e+03,5.882352941176471e-01,34805717
6.350923750142769e+03,6.349159044260416e+03,5.882352941176471e-01,34805718
6.351884438082231e+03,6.350119732199878e+03,5.882352941176471e-01,34805719
6.352660378303189e+03,6.350720735906331e+03,5.882352941176471e-01,34805721
6.352660378303189e+03,6.350440743799601e+03,5.882352941176471e-01,34805720
6.354521937592230e+03,6.352757231709877e+03,5.882352941176471e-01,34805724
6.356189790067895e+03,6.354358447939476e+03,5.882352941176471e-01,34805725
6.356288889717142e+03,6.354524183834789e+03,5.882352941176471e-01,34805726
6.357178555729290e+03,6.351828155359714e+03,1.764705882352941e+00,34805722
6.358943261611643e+03,6.357003385567792e+03,5.882352941176471e-01,34805728
6.359719201832601e+03,6.357209065496480e+03,5.882352941176471e-01,34805729
6.359816055239289e+03,6.351937610358929e+03,1.764705882352941e+00,34805723
6.361225260974634e+03,6.358565710503325e+03,5.882352941176471e-01,34805731
6.363108466905990e+03,6.360243009259886e+03,5.882352941176471e-01,34805733
6.363345467003995e+03,6.355012815046489e+03,1.764705882352941e+00,34805727
6.364873172788343e+03,6.358525966417498e+03,1.176470588235294e+00,34805730
6.365407640128063e+03,6.363642934245710e+03,5.882352941176471e-01,34805736
6.366637878670696e+03,6.360423372809486e+03,1.764705882352941e+00,34805734
6.366905112340556e+03,6.364578139689822e+03,5.882352941176471e-01,34805738
6.370434524105262e+03,6.364305647561890e+03,1.764705882352941e+00,34805737
6.372110152097661e+03,6.369879863028782e+03,5.882352941176471e-01,34805744
6.373874857980014e+03,6.371823693087649e+03,5.882352941176471e-01,34805745
6.373941666397479e+03,6.365925051968167e+03,1.764705882352941e+00,34805740
6.373941666397479e+03,6.365510809341206e+03,1.764705882352941e+00,34805739
6.375672968071100e+03,6.373119027921464e+03,5.882352941176471e-01,34805747
6.377017060440700e+03,6.375252354558347e+03,5.882352941176471e-01,34805748
6.377574457116958e+03,6.375809751234605e+03,5.882352941176471e-01,34805749
6.379202379835805e+03,6.372878899104700e+03,1.764705882352941e+00,34805746
6.381176922655751e+03,6.379412216773398e+03,5.882352941176471e-01,34805751
6.381377494096158e+03,6.379612788213805e+03,5.882352941176471e-01,34805752
6.382881535050760e+03,6.380198371538276e+03,5.882352941176471e-01,34805754
6.382881535050760e+03,6.379746560846174e+03,5.882352941176471e-01,34805753
6.384646240933113e+03,6.382273505622104e+03,5.882352941176471e-01,34805756
6.384906905860864e+03,6.379231936311366e+03,1.764705882352941e+00,34805750
6.386410946815466e+03,6.384626210194786e+03,5.882352941176471e-01,34805758
6.389940358580171e+03,6.384474019611130e+03,1.764705882352941e+00,34805757
6.390299318594690e+03,6.385005200947632e+03,1.764705882352941e+00,34805759
6.391685928760082e+03,6.389434938845789e+03,5.882352941176471e-01,34805765
6.393450634642435e+03,6.391553978298225e+03,5.882352941176471e-01,34805767
6.394456060211164e+03,6.386131390296861e+03,1.764705882352941e+00,34805760
6.395215340524788e+03,6.388917190466609e+03,1.764705882352941e+00,34805764
6.398744752289494e+03,6.392870545189156e+03,1.764705882352941e+00,34805768
6.401484314460358e+03,6.399719608578005e+03,5.882352941176471e-01,34805770
6.401788795701204e+03,6.400024089818851e+03,5.882352941176471e-01,34805771
6.401861782642250e+03,6.396567664995191e+03,1.764705882352941e+00,34805769
6.403401260963134e+03,6.401296893805473e+03,5.882352941176471e-01,34805773
6.403401260963134e+03,6.400078702376722e+03,5.882352941176471e-01,34805772
6.405716901513661e+03,6.403952195631308e+03,5.882352941176471e-01,34805775
6.407548953670970e+03,6.405784247788617e+03,5.882352941176471e-01,34805776
6.409151644188002e+03,6.403857526540943e+03,1.764705882352941e+00,34805774
6.410862656612615e+03,6.408091396692154e+03,5.882352941176471e-01,34805780
6.412627362494968e+03,6.409740615630978e+03,5.882352941176471e-01,34805783
6.413064870115207e+03,6.407172164474691e+03,1.764705882352941e+00,34805777
6.414610822187440e+03,6.410681206872826e+03,1.176470588235294e+00,34805784
6.416302610133087e+03,6.413250331648655e+03,5.882352941176471e-01,34805786
6.416375528069793e+03,6.407781623200371e+03,1.764705882352941e+00,34805779
6.418067316015440e+03,6.415174881942586e+03,5.882352941176471e-01,34805790
6.420673687675204e+03,6.411732261404352e+03,1.764705882352941e+00,34805785
6.421596727780146e+03,6.415087905850222e+03,1.764705882352941e+00,34805789
6.422531638523237e+03,6.419989529714092e+03,5.882352941176471e-01,34805793
6.423361433662499e+03,6.420860177606565e+03,5.882352941176471e-01,34805795
6.423664361959081e+03,6.417913023751203e+03,1.176470588235294e+00,34805791
6.424711241975221e+03,6.422440852202962e+03,5.882352941176471e-01,34805797
6.426475947857574e+03,6.422202584373310e+03,1.176470588235294e+00,34805796
6.427481358529053e+03,6.425716652646700e+03,5.882352941176471e-01,34805799
6.429246064411406e+03,6.426967268036768e+03,5.882352941176471e-01,34805801
6.430152232698453e+03,6.424858115051394e+03,1.764705882352941e+00,34805798
6.433835155155058e+03,6.428012392369562e+03,1.176470588235294e+00,34805802
6.433835155155058e+03,6.426884539324118e+03,1.176470588235294e+00,34805800
6.435253758403563e+03,6.432223908816226e+03,5.882352941176471e-01,34805809
6.435599861037411e+03,6.433598516674943e+03,5.882352941176471e-01,34805811
6.435802110819943e+03,6.434037404937590e+03,5.882352941176471e-01,34805812
6.437233717448597e+03,6.430444347743256e+03,1.176470588235294e+00,34805807
6.437566816702296e+03,6.435618692315472e+03,5.882352941176471e-01,34805814
6.440626156488485e+03,6.435332038841426e+03,1.764705882352941e+00,34805813
6.441713841771127e+03,6.439949135888774e+03,5.882352941176471e-01,34805815
6.443537692252042e+03,6.441772986369689e+03,5.882352941176471e-01,34805816
6.445196720376822e+03,6.443432014494469e+03,5.882352941176471e-01,34805817
6.450434078696440e+03,6.448669372814087e+03,5.882352941176471e-01,34805819
6.451041019939777e+03,6.445746902292718e+03,1.764705882352941e+00,34805818
6.452240740838172e+03,6.450476034955819e+03,5.882352941176471e-01,34805820
6.452286294940723e+03,6.450521589058370e+03,5.882352941176471e-01,34805821
6.453405586271328e+03,6.450805828100058e+03,5.882352941176471e-01,34805822
6.455170292153680e+03,6.450990341756370e+03,1.176470588235294e+00,34805823
6.457563671102044e+03,6.455798965219691e+03,5.882352941176471e-01,34805825
6.457759771122102e+03,6.455995065239749e+03,5.882352941176471e-01,34805826
6.460841887120533e+03,6.455547769473474e+03,1.764705882352941e+00,34805824
6.462776650875634e+03,6.461011944993281e+03,5.882352941176471e-01,34805828
6.464338886084528e+03,6.462541713325351e+03,5.882352941176471e-01,34805830
6.465607562974601e+03,6.463438542403829e+03,5.882352941176471e-01,34805832
6.466857322975852e+03,6.462812965330045e+03,1.176470588235294e+00,34805831
6.467831983394823e+03,6.460809474319823e+03,1.764705882352941e+00,34805827
6.468622028858205e+03,6.462078151209895e+03,1.764705882352941e+00,34805829
6.469991712008867e+03,6.467630272955022e+03,5.882352941176471e-01,34805836
6.469991712008867e+03,6.467061161011374e+03,5.882352941176471e-01,34805835
6.472253359640672e+03,6.466518186142753e+03,1.764705882352941e+00,34805833
6.475285829655926e+03,6.469807836746256e+03,1.764705882352941e+00,34805838
6.475285829655926e+03,6.469701403542768e+03,1.764705882352941e+00,34805837
6.476471506638768e+03,6.474706800756415e+03,5.882352941176471e-01,34805839
6.478815626492279e+03,6.475286214727573e+03,1.176470588235294e+00,34805840
6.478856442699016e+03,6.477091736816663e+03,5.882352941176471e-01,34805842
6.479995551862737e+03,6.477414537421052e+03,5.882352941176471e-01,34805843
6.481239362330608e+03,6.479474656448255e+03,5.882352941176471e-01,34805844
6.482345038256985e+03,6.476466140098031e+03,1.764705882352941e+00,34805841
6.483063989953777e+03,6.481299284071424e+03,5.882352941176471e-01,34805846
6.483649048011648e+03,6.480119636246942e+03,1.176470588235294e+00,34805845
6.484577939752848e+03,6.482813233870495e+03,5.882352941176471e-01,34805847
6.486540765264320e+03,6.484776059381967e+03,5.882352941176471e-01,34805849
6.488395744737719e+03,6.483101627090660e+03,1.764705882352941e+00,34805848
6.488641502260153e+03,6.486876796377800e+03,5.882352941176471e-01,34805850
6.488994355212846e+03,6.487229649330493e+03,5.882352941176471e-01,34805851
6.490160450620072e+03,6.487437434168929e+03,5.882352941176471e-01,34805852
6.491559285480867e+03,6.489794579598514e+03,5.882352941176471e-01,34805853
6.492580305150349e+03,6.490815599267996e+03,5.882352941176471e-01,34805855
6.493766335126700e+03,6.492001629244347e+03,5.882352941176471e-01,34805856
6.494345011032701e+03,6.492436719992106e+03,5.882352941176471e-01,34805857
6.495108243087694e+03,6.489814125440635e+03,1.764705882352941e+00,34805854
6.501768691270916e+03,6.500003985388563e+03,5.882352941176471e-01,34805859
6.502762563999884e+03,6.497468446352825e+03,1.764705882352941e+00,34805858
6.506672935119975e+03,6.504908229237622e+03,5.882352941176471e-01,34805861
6.506914538931458e+03,6.501620421284399e+03,1.764705882352941e+00,34805860
6.510000824316704e+03,6.508236118434351e+03,5.882352941176471e-01,34805862
6.510092465594514e+03,6.508327759712161e+03,5.882352941176471e-01,34805863
6.512664049616844e+03,6.510671625997344e+03,5.882352941176471e-01,34805867
6.513576056720315e+03,6.511588313731986e+03,5.882352941176471e-01,34805869
6.516801466117197e+03,6.509134637852138e+03,1.764705882352941e+00,34805864
6.516801466117197e+03,6.509201660418557e+03,1.764705882352941e+00,34805865
6.516801466117197e+03,6.509485544746919e+03,1.764705882352941e+00,34805866
6.518566171999550e+03,6.516586475454338e+03,5.882352941176471e-01,34805871
6.518566171999550e+03,6.513984513027610e+03,5.882352941176471e-01,34805870
6.520330877881903e+03,6.511421997000458e+03,1.764705882352941e+00,34805868
6.522095583764256e+03,6.518962230537729e+03,5.882352941176471e-01,34805874
6.525145242882960e+03,6.517378034427005e+03,1.176470588235294e+00,34805872
6.525624995528962e+03,6.523689599924646e+03,5.882352941176471e-01,34805882
6.527389701411315e+03,6.525354111785328e+03,5.882352941176471e-01,34805883
6.528032178029490e+03,6.520986707459612e+03,1.764705882352941e+00,34805881
6.528032178029490e+03,6.520812275520859e+03,1.764705882352941e+00,34805880
6.529464028213162e+03,6.525848835186220e+03,5.882352941176471e-01,34805884
6.530512262245004e+03,6.528747556362652e+03,5.882352941176471e-01,34805889
6.533253107588465e+03,6.531273274929518e+03,5.882352941176471e-01,34805892
6.534019468932453e+03,6.527802529303974e+03,1.764705882352941e+00,34805888
6.535311339604803e+03,6.529723695823760e+03,1.764705882352941e+00,34805890
6.535784174814806e+03,6.533811463238577e+03,5.882352941176471e-01,34805894
6.538547225235524e+03,6.531980060808741e+03,1.764705882352941e+00,34805893
6.540395631632543e+03,6.538630925750190e+03,5.882352941176471e-01,34805898
6.541789023101415e+03,6.539933017016568e+03,5.882352941176471e-01,34805899
6.542160337514896e+03,6.540358593952683e+03,5.882352941176471e-01,34805900
6.542194616788680e+03,6.536494905454356e+03,1.764705882352941e+00,34805895
6.543578683008727e+03,6.541015699076098e+03,5.882352941176471e-01,34805901
6.544264314817107e+03,6.536984199656287e+03,1.176470588235294e+00,34805896
6.545689749279602e+03,6.543862475559231e+03,5.882352941176471e-01,34805906
6.547566821818498e+03,6.545802115936146e+03,5.882352941176471e-01,34805910
6.549836637260683e+03,6.541838931151333e+03,1.764705882352941e+00,34805903
6.553463454068444e+03,6.547674721795757e+03,1.176470588235294e+00,34805914
6.554253751083913e+03,6.544631858805458e+03,1.764705882352941e+00,34805909
6.554253751083913e+03,6.543993774419512e+03,1.764705882352941e+00,34805907
6.558757571715503e+03,6.552301262788979e+03,1.764705882352941e+00,34805920
6.559547868730971e+03,6.553707859105894e+03,1.764705882352941e+00,34805921
6.561669626843835e+03,6.559904920961482e+03,5.882352941176471e-01,34805924
6.562782661058511e+03,6.557488543411452e+03,1.764705882352941e+00,34805922
6.564611510612774e+03,6.559317392965716e+03,1.764705882352941e+00,34805923
6.565064922116896e+03,6.563300216234543e+03,5.882352941176471e-01,34805926
6.567130677240401e+03,6.561836559593342e+03,1.764705882352941e+00,34805925
6.568106110965944e+03,6.566341405083591e+03,5.882352941176471e-01,34805928
6.569269517934507e+03,6.566790956124780e+03,5.882352941176471e-01,34805929
6.569759391882936e+03,6.567882901437575e+03,5.882352941176471e-01,34805932
6.569759391882936e+03,6.567878946863908e+03,5.882352941176471e-01,34805931
6.573043866673428e+03,6.569967905107380e+03,5.882352941176471e-01,34805935
6.573043866673428e+03,6.570302822808117e+03,5.882352941176471e-01,34805936
6.573288803647642e+03,6.566118555152870e+03,1.764705882352941e+00,34805927
6.576573278438134e+03,6.573618504186886e+03,5.882352941176471e-01,34805939
6.576786286683984e+03,6.571926996724696e+03,1.176470588235294e+00,34805937
6.576966836434105e+03,6.569003387543670e+03,1.764705882352941e+00,34805933
6.581170464183767e+03,6.579405758301414e+03,5.882352941176471e-01,34805941
6.583995188216599e+03,6.582230482334246e+03,5.882352941176471e-01,34805943
6.584106806754912e+03,6.582251232612288e+03,5.882352941176471e-01,34805944
6.584299214835229e+03,6.579005097188170e+03,1.764705882352941e+00,34805940
6.587524599981305e+03,6.580577394990206e+03,1.764705882352941e+00,34805942
6.589202290035818e+03,6.586984902598531e+03,5.882352941176471e-01,34805947
6.589289305863658e+03,6.585672878271112e+03,1.176470588235294e+00,34805945
6.589789865195523e+03,6.586260453430817e+03,1.176470588235294e+00,34805946
6.594496407682877e+03,6.589102077222032e+03,1.764705882352941e+00,34805948
6.598573186103706e+03,6.596808480221353e+03,5.882352941176471e-01,34805950
6.598977235028812e+03,6.597212529146460e+03,5.882352941176471e-01,34805951
6.599398427663682e+03,6.594104310016623e+03,1.764705882352941e+00,34805949
6.603581342175131e+03,6.601816636292778e+03,5.882352941176471e-01,34805952
6.604419945534323e+03,6.602655239651970e+03,5.882352941176471e-01,34805953
6.604770239168011e+03,6.603005533285658e+03,5.882352941176471e-01,34805954
6.607351513409560e+03,6.605586807527207e+03,5.882352941176471e-01,34805957
6.608337942787143e+03,6.605910549611563e+03,5.882352941176471e-01,34805958
6.608875459822190e+03,6.603065658202005e+03,1.764705882352941e+00,34805955
6.609609433980704e+03,6.607333576352521e+03,5.882352941176471e-01,34805961
6.611374139863057e+03,6.609352704989924e+03,5.882352941176471e-01,34805962
6.612404871586896e+03,6.604111474258132e+03,1.764705882352941e+00,34805956
6.613138845745410e+03,6.606961822392904e+03,1.764705882352941e+00,34805960
6.613297415303703e+03,6.610582094811467e+03,5.882352941176471e-01,34805963
6.617698989233955e+03,6.611691278979644e+03,1.764705882352941e+00,34805965
6.619678078675755e+03,6.617913372793402e+03,5.882352941176471e-01,34805967
6.620089370780568e+03,6.618324664898215e+03,5.882352941176471e-01,34805968
6.621402835683123e+03,6.616108718036064e+03,1.764705882352941e+00,34805966
6.621442784558108e+03,6.618867275730140e+03,5.882352941176471e-01,34805969
6.624403324917778e+03,6.620873913153072e+03,1.176470588235294e+00,34805970
6.626168030800131e+03,6.624307757480609e+03,5.882352941176471e-01,34805973
6.627430820831569e+03,6.625251356772220e+03,5.882352941176471e-01,34805975
6.627932736682484e+03,6.625840266236368e+03,5.882352941176471e-01,34805976
6.629195526713922e+03,6.626937611584035e+03,5.882352941176471e-01,34805978
6.629195526713922e+03,6.626918029510935e+03,5.882352941176471e-01,34805977
6.630539302585795e+03,6.623918719665405e+03,1.176470588235294e+00,34805972
6.632304008468148e+03,6.630296811176894e+03,5.882352941176470e-01,34805979
6.632304008468148e+03,6.624972638298993e+03,1.764705882352941e+00,34805974
6.632304008468148e+03,6.623884098468320e+03,1.764705882352941e+00,34805971
6.634889808888386e+03,6.633125103006033e+03,5.882352941176471e-01,34805982
6.636165924639906e+03,6.634222199796502e+03,5.882352941176471e-01,34805985
6.636654514770739e+03,6.634855341194310e+03,5.882352941176471e-01,34805986
6.637802749680233e+03,6.635175009120387e+03,5.882352941176471e-01,34805988
6.639596312382356e+03,6.637831606500003e+03,5.882352941176471e-01,34805989
6.640949416475108e+03,6.632636512875200e+03,1.764705882352941e+00,34805981
6.640949416475108e+03,6.630795882787662e+03,1.764705882352941e+00,34805980
6.642037570311085e+03,6.638113690642072e+03,5.882352941176471e-01,34805990
6.644449971420043e+03,6.634954823389504e+03,1.764705882352941e+00,34805987
6.645566982075791e+03,6.638353126479809e+03,1.764705882352941e+00,34805991
6.646056933952170e+03,6.643243104088904e+03,5.882352941176471e-01,34805994
6.646056933952170e+03,6.642972511738836e+03,5.882352941176471e-01,34805993
6.647427857255873e+03,6.645663151373520e+03,5.882352941176471e-01,34805995
6.647725470536793e+03,6.642369778837237e+03,1.176470588235294e+00,34805992
6.653217870634851e+03,6.647923752987792e+03,1.764705882352941e+00,34805996
6.654726619859757e+03,6.649432502212698e+03,1.764705882352941e+00,34805997
6.655190283917269e+03,6.652722314904555e+03,5.882352941176471e-01,34805999
6.655960993867390e+03,6.650666876220331e+03,1.764705882352941e+00,34805998
6.656491325742110e+03,6.653633285434982e+03,5.882352941176471e-01,34806001
6.657468796433036e+03,6.654835275379723e+03,5.882352941176471e-01,34806003
6.657468796433036e+03,6.654788742342814e+03,5.882352941176471e-01,34806002
6.663476070869092e+03,6.661711364986739e+03,5.882352941176471e-01,34806006
6.663890359904786e+03,6.660360948140080e+03,1.176470588235294e+00,34806005
6.665316800191029e+03,6.662671731618517e+03,5.882352941176471e-01,34806008
6.665655065787139e+03,6.663628117748259e+03,5.882352941176471e-01,34806010
6.667081506073382e+03,6.665181750879241e+03,5.882352941176471e-01,34806011
6.667686506369783e+03,6.662392388722724e+03,1.764705882352941e+00,34806007
6.668226352274384e+03,6.666461646392031e+03,5.882352941176471e-01,34806012
6.670758345686091e+03,6.668993639803738e+03,5.882352941176471e-01,34806014
6.671550881450951e+03,6.669622145336282e+03,5.882352941176471e-01,34806016
6.672523051568444e+03,6.670739306244741e+03,5.882352941176471e-01,34806017
6.672866864883302e+03,6.670887173402932e+03,5.882352941176471e-01,34806018
6.673315587333304e+03,6.671464325960763e+03,5.882352941176471e-01,34806019
6.674287757450797e+03,6.672250166937640e+03,5.882352941176471e-01,34806020
6.674855931990656e+03,6.668021469686245e+03,1.176470588235294e+00,34806013
6.676336550603079e+03,6.674132362440282e+03,5.882352941176471e-01,34806022
6.676620637873009e+03,6.669337453118596e+03,1.764705882352941e+00,34806015
6.679865962367785e+03,6.673662948177525e+03,1.764705882352941e+00,34806021
6.680066135303415e+03,6.677871249244830e+03,5.882352941176471e-01,34806025
6.683251292680758e+03,6.677813093581966e+03,1.764705882352941e+00,34806024
6.683251292680758e+03,6.676536723538709e+03,1.764705882352941e+00,34806023
6.683526723486815e+03,6.681762017604462e+03,5.882352941176471e-01,34806026
6.685015998563111e+03,6.683010117295056e+03,5.882352941176471e-01,34806027
6.685514962129297e+03,6.683750256246944e+03,5.882352941176471e-01,34806028
6.688587748095396e+03,6.686823042213043e+03,5.882352941176471e-01,34806030
6.688637989348327e+03,6.685108577583621e+03,1.176470588235294e+00,34806029
6.690352453977749e+03,6.688561141136769e+03,5.882352941176471e-01,34806032
6.692492240897639e+03,6.687198123250580e+03,1.764705882352941e+00,34806031
6.692516978836256e+03,6.690752272953903e+03,5.882352941176471e-01,34806033
6.692743984401694e+03,6.690979278519341e+03,5.882352941176471e-01,34806034
6.694424698182889e+03,6.692659992300536e+03,5.882352941176471e-01,34806036
6.695840989425814e+03,6.694076283543461e+03,5.882352941176471e-01,34806037
6.696021652662345e+03,6.692414021973923e+03,1.176470588235294e+00,34806035
6.697786358544698e+03,6.695958490991935e+03,5.882352941176471e-01,34806040
6.699370401190520e+03,6.697094924262049e+03,5.882352941176471e-01,34806042
6.701814297249120e+03,6.695630622330437e+03,1.764705882352941e+00,34806039
6.701814297249120e+03,6.695254000659425e+03,1.764705882352941e+00,34806038
6.702899812955226e+03,6.696573253460699e+03,1.764705882352941e+00,34806041
6.705173911469764e+03,6.701937354368273e+03,5.882352941176471e-01,34806045
6.705173911469764e+03,6.702207785309157e+03,5.882352941176471e-01,34806046
6.705173911469764e+03,6.702249738241456e+03,5.882352941176471e-01,34806047
6.708703323234470e+03,6.700443824770033e+03,1.764705882352941e+00,34806044
6.709083233157397e+03,6.705553821392692e+03,1.176470588235294e+00,34806049
6.709916079971019e+03,6.708032865915780e+03,5.882352941176471e-01,34806051
6.710468029116823e+03,6.706386668206313e+03,1.176470588235294e+00,34806050
6.711264362446561e+03,6.708964300269835e+03,5.882352941176471e-01,34806052
6.713029068328914e+03,6.709033763075303e+03,1.176470588235294e+00,34806053
6.716185361008024e+03,6.713485915934530e+03,5.882352941176471e-01,34806057
6.716558480093620e+03,6.710518124275369e+03,1.764705882352941e+00,34806054
6.716607983797634e+03,6.711313866150575e+03,1.764705882352941e+00,34806055
6.719714772772730e+03,6.711512371867410e+03,1.764705882352941e+00,34806056
6.721792084579679e+03,6.720027378697326e+03,5.882352941176471e-01,34806061
6.721856695610121e+03,6.716562577963062e+03,1.764705882352941e+00,34806059
6.722471314879524e+03,6.717177197232465e+03,1.764705882352941e+00,34806060
6.723589095977253e+03,6.720992250260562e+03,5.882352941176471e-01,34806063
6.727118507741959e+03,6.720312856260516e+03,1.764705882352941e+00,34806062
6.727143761383092e+03,6.725379055500739e+03,5.882352941176471e-01,34806064
6.729738323759053e+03,6.727973617876700e+03,5.882352941176471e-01,34806066
6.731809601096356e+03,6.730044895214003e+03,5.882352941176471e-01,34806067
6.732329155914577e+03,6.727035038267518e+03,1.764705882352941e+00,34806065
6.733680461575773e+03,6.730983162657595e+03,5.882352941176471e-01,34806069
6.733947860565080e+03,6.732017881805826e+03,5.882352941176471e-01,34806073
6.735886299077080e+03,6.734121593194727e+03,5.882352941176471e-01,34806074
6.737209873340479e+03,6.730272447568525e+03,1.764705882352941e+00,34806068
6.737477272329786e+03,6.731968832991952e+03,1.764705882352941e+00,34806072
6.739047630222643e+03,6.736189109126582e+03,5.882352941176471e-01,34806078
6.739241978212139e+03,6.737355975340101e+03,5.882352941176471e-01,34806080
6.740941901431327e+03,6.738237409887151e+03,5.882352941176471e-01,34806083
6.742706607313680e+03,6.740230742700533e+03,5.882352941176471e-01,34806086
6.743441069979204e+03,6.734444727543996e+03,1.764705882352941e+00,34806075
6.744471313196033e+03,6.741930805622265e+03,5.882352941176471e-01,34806088
6.745720897469971e+03,6.742724024549776e+03,5.882352941176471e-01,34806089
6.746236399953620e+03,6.744471694071267e+03,5.882352941176471e-01,34806091
6.747622816406498e+03,6.737900175594922e+03,1.176470588235294e+00,34806082
6.748001105835973e+03,6.746132917507729e+03,5.882352941176471e-01,34806092
6.749387522288851e+03,6.740205732220875e+03,1.764705882352941e+00,34806085
6.751355122219926e+03,6.749459019466638e+03,5.882352941176471e-01,34806101
6.751530517600679e+03,6.749645837413473e+03,5.882352941176471e-01,34806103
6.754848109908009e+03,6.746387566286552e+03,1.764705882352941e+00,34806093
6.754848109908009e+03,6.742849573224794e+03,1.764705882352941e+00,34806090
6.755708108246750e+03,6.753447072152805e+03,5.882352941176471e-01,34806105
6.756612815790361e+03,6.754815067671449e+03,5.882352941176471e-01,34806106
6.757908070236843e+03,6.756143364354490e+03,5.882352941176471e-01,34806107
6.758377521672714e+03,6.756507544616754e+03,5.882352941176470e-01,34806108
6.758377521672714e+03,6.752178696482044e+03,1.764705882352941e+00,34806104
6.760249107666933e+03,6.758484401784581e+03,5.882352941176471e-01,34806111
6.760539597011839e+03,6.758774891129486e+03,5.882352941176471e-01,34806112
6.761437482001549e+03,6.759250744423295e+03,5.882352941176471e-01,34806113
6.763202187883902e+03,6.760744894986884e+03,5.882352941176471e-01,34806115
6.763778519431639e+03,6.761514247898452e+03,5.882352941176471e-01,34806116
6.764069008776545e+03,6.757901208633307e+03,1.764705882352941e+00,34806110
6.765688469986445e+03,6.763397814292648e+03,5.882352941176471e-01,34806118
6.766731599648608e+03,6.759937208469438e+03,1.764705882352941e+00,34806114
6.767634673474029e+03,6.764222612935069e+03,5.882352941176471e-01,34806119
6.769399379356382e+03,6.764279002457663e+03,1.176470588235294e+00,34806120
6.769399379356382e+03,6.763394439320141e+03,1.176470588235294e+00,34806117
6.770261011413314e+03,6.768107842673704e+03,5.882352941176471e-01,34806123
6.771164085238735e+03,6.769338956235009e+03,5.882352941176471e-01,34806125
6.771164085238735e+03,6.768946077226091e+03,5.882352941176471e-01,34806124
6.772025717295667e+03,6.766232962802139e+03,1.176470588235294e+00,34806122
6.773021146289749e+03,6.771256440407396e+03,5.882352941176471e-01,34806126
6.775393093053385e+03,6.773628387171032e+03,5.882352941176471e-01,34806127
6.775626667312449e+03,6.773861961430096e+03,5.882352941176471e-01,34806128
6.776998116036995e+03,6.775233410154642e+03,5.882352941176471e-01,34806129
6.778523908022169e+03,6.776759202139816e+03,5.882352941176471e-01,34806130
6.785163204449970e+03,6.779869086802911e+03,1.764705882352941e+00,34806131
6.786683556963501e+03,6.784918851081148e+03,5.882352941176471e-01,34806132
6.788170157537812e+03,6.786405451655459e+03,5.882352941176471e-01,34806133
6.790586870630116e+03,6.788822164747763e+03,5.882352941176471e-01,34806136
6.791919682192455e+03,6.786625564545396e+03,1.764705882352941e+00,34806134
6.793121808821744e+03,6.787827691174685e+03,1.764705882352941e+00,34806135
6.793695293561132e+03,6.790971197824243e+03,5.882352941176471e-01,34806138
6.794116282394821e+03,6.791941493165103e+03,5.882352941176471e-01,34806140
6.795459999443485e+03,6.793378902431907e+03,5.882352941176471e-01,34806142
6.797370650524967e+03,6.795605944642614e+03,5.882352941176471e-01,34806143
6.797645694159527e+03,6.790117181543735e+03,1.764705882352941e+00,34806137
6.798415926468803e+03,6.792424637274434e+03,1.764705882352941e+00,34806141
6.799135356407320e+03,6.797340349262797e+03,5.882352941176471e-01,34806144
6.799410400041880e+03,6.797507426444465e+03,5.882352941176471e-01,34806145
6.802290329375997e+03,6.800525623493644e+03,5.882352941176471e-01,34806148
6.803427121646374e+03,6.799897709881668e+03,1.176470588235294e+00,34806146
6.803430791271418e+03,6.799901379506712e+03,1.176470588235294e+00,34806147
6.806956533411080e+03,6.802541347348973e+03,1.176470588235294e+00,34806150
6.807584447023056e+03,6.801903509363051e+03,1.764705882352941e+00,34806149
6.808733902052908e+03,6.806969196170555e+03,5.882352941176471e-01,34806151
6.809805541911583e+03,6.808040836029230e+03,5.882352941176471e-01,34806152
6.809959634772034e+03,6.808194928889681e+03,5.882352941176471e-01,34806153
6.813601721527971e+03,6.811837015645618e+03,5.882352941176471e-01,34806155
6.814908731199723e+03,6.809614613552664e+03,1.764705882352941e+00,34806154
6.815886733709331e+03,6.814122027826978e+03,5.882352941176471e-01,34806156
6.816673437082076e+03,6.814694165008851e+03,5.882352941176471e-01,34806158
6.818827763626825e+03,6.817063057744472e+03,5.882352941176471e-01,34806160
6.819418555721901e+03,6.817336250567449e+03,5.882352941176471e-01,34806161
6.819420965969765e+03,6.814126848322706e+03,1.764705882352941e+00,34806157
6.820592469509178e+03,6.818796504968207e+03,5.882352941176471e-01,34806163
6.822947967486607e+03,6.815236413753493e+03,1.764705882352941e+00,34806159
6.823378842094881e+03,6.819849430330175e+03,1.176470588235294e+00,34806164
6.824121881273884e+03,6.820122427249419e+03,1.176470588235294e+00,34806165
6.827613135253359e+03,6.825848429371006e+03,5.882352941176471e-01,34806166
6.828633383280338e+03,6.826868677397985e+03,5.882352941176471e-01,34806167
6.829158787524237e+03,6.827394081641884e+03,5.882352941176471e-01,34806168
6.829377841135712e+03,6.827506587107621e+03,5.882352941176471e-01,34806169
6.830660791284641e+03,6.828042006148387e+03,5.882352941176471e-01,34806170
6.834190203049346e+03,6.828267264434789e+03,1.764705882352941e+00,34806171
6.835220936506683e+03,6.832656955153516e+03,5.882352941176471e-01,34806174
6.835260551786542e+03,6.829966434139483e+03,1.764705882352941e+00,34806172
6.836642064569924e+03,6.833827644807111e+03,5.882352941176471e-01,34806178
6.837040689896043e+03,6.835275984013690e+03,5.882352941176471e-01,34806180
6.838606083115337e+03,6.836536045341750e+03,5.882352941176471e-01,34806183
6.840370788997689e+03,6.837619923660502e+03,5.882352941176471e-01,34806186
6.840370788997689e+03,6.837180186148952e+03,5.882352941176471e-01,34806185
6.842120062652894e+03,6.831612294182261e+03,1.764705882352941e+00,34806173
6.842473475386832e+03,6.839172476740464e+03,5.882352941176471e-01,34806187
6.844238181269185e+03,6.842371804607109e+03,5.882352941176471e-01,34806192
6.844580018037199e+03,6.842815312154846e+03,5.882352941176471e-01,34806193
6.847593780658403e+03,6.835705907149452e+03,1.764705882352941e+00,34806181
6.847593780658403e+03,6.833657798473503e+03,1.764705882352941e+00,34806177
6.848109429801905e+03,6.841046750011269e+03,1.764705882352941e+00,34806191
6.849874135684258e+03,6.847920082087945e+03,5.882352941176471e-01,34806197
6.851435400566450e+03,6.848198214929784e+03,5.882352941176471e-01,34806198
6.851435400566450e+03,6.849141061678886e+03,5.882352941176471e-01,34806200
6.854964812331156e+03,6.852415729933447e+03,5.882352941176471e-01,34806204
6.855589915013761e+03,6.844843686680161e+03,1.764705882352941e+00,34806194
6.856729518213509e+03,6.854769388627883e+03,5.882352941176471e-01,34806205
6.857084744897901e+03,6.850184332567874e+03,1.764705882352941e+00,34806202
6.857641612875403e+03,6.855876906993050e+03,5.882352941176471e-01,34806206
6.859127884769005e+03,6.857048573738473e+03,5.882352941176471e-01,34806209
6.861114846429952e+03,6.859350140547599e+03,5.882352941176471e-01,34806212
6.862879552312305e+03,6.861019794344063e+03,5.882352941176471e-01,34806215
6.863994044190195e+03,6.856886116635874e+03,1.176470588235294e+00,34806208
6.865758750072548e+03,6.863846484898230e+03,5.882352941176470e-01,34806217
6.865758750072548e+03,6.856331701215185e+03,1.764705882352941e+00,34806207
6.866697638113207e+03,6.864932932230854e+03,5.882352941176471e-01,34806218
6.868029053972057e+03,6.857929835734704e+03,1.176470588235294e+00,34806210
6.869793759854410e+03,6.867868248216059e+03,5.882352941176470e-01,34806219
6.869793759854410e+03,6.859477149022178e+03,1.764705882352941e+00,34806213
6.869793759854410e+03,6.858483828661389e+03,1.764705882352941e+00,34806211
6.871558465736763e+03,6.868192670056087e+03,5.882352941176471e-01,34806220
6.872131677446182e+03,6.870366971563829e+03,5.882352941176471e-01,34806221
6.875541710414732e+03,6.873777004532379e+03,5.882352941176471e-01,34806224
6.875722798958581e+03,6.870428681311522e+03,1.764705882352941e+00,34806222
6.876852583383822e+03,6.870470043742024e+03,1.764705882352941e+00,34806223
6.877311170805129e+03,6.873904327529026e+03,5.882352941176471e-01,34806225
6.878846582976829e+03,6.876786528872238e+03,5.882352941176471e-01,34806230
6.878846582976829e+03,6.876193888869265e+03,5.882352941176471e-01,34806229
6.880611288859181e+03,6.877897580622169e+03,5.882352941176471e-01,34806231
6.880611288859181e+03,6.878542830412669e+03,5.882352941176471e-01,34806232
6.881016916605640e+03,6.875548842176799e+03,1.764705882352941e+00,34806228
6.882375994741534e+03,6.879346665597973e+03,5.882352941176471e-01,34806233
6.886391326303722e+03,6.884626620421369e+03,5.882352941176471e-01,34806234
6.886715052974887e+03,6.884950347092534e+03,5.882352941176471e-01,34806235
6.892363525613821e+03,6.890392041455346e+03,5.882352941176471e-01,34806240
6.892363525613821e+03,6.890137527129645e+03,5.882352941176471e-01,34806239
6.893617827372313e+03,6.891354224913991e+03,5.882352941176471e-01,34806241
6.895999011234744e+03,6.889005986747334e+03,1.764705882352941e+00,34806237
6.895999011234744e+03,6.888662240950896e+03,1.764705882352941e+00,34806236
6.897763717117097e+03,6.892681747182472e+03,1.176470588235294e+00,34806242
6.897763717117097e+03,6.895883641834102e+03,5.882352941176471e-01,34806248
6.899404918168668e+03,6.896748961323939e+03,5.882352941176471e-01,34806249
6.899528422999449e+03,6.897747031691223e+03,5.882352941176471e-01,34806252
6.899528422999449e+03,6.897723819075444e+03,5.882352941176471e-01,34806251
6.901251960604875e+03,6.897864064308507e+03,5.882352941176471e-01,34806253
6.901251960604875e+03,6.897876825912697e+03,5.882352941176471e-01,34806254
6.901251960604875e+03,6.899375871926653e+03,5.882352941176471e-01,34806255
6.903016666487228e+03,6.900370942968839e+03,5.882352941176471e-01,34806257
6.903016666487228e+03,6.900030911677393e+03,5.882352941176471e-01,34806256
6.904781372369581e+03,6.902805101688379e+03,5.882352941176470e-01,34806258
6.904781372369581e+03,6.893886106777033e+03,1.764705882352941e+00,34806244
6.905214624683279e+03,6.903449918800926e+03,5.882352941176471e-01,34806259
6.906546078251934e+03,6.903697782627543e+03,5.882352941176471e-01,34806260
6.906745655881594e+03,6.904980949999241e+03,5.882352941176471e-01,34806261
6.907574021940417e+03,6.905809316058064e+03,5.882352941176471e-01,34806262
6.908443835887394e+03,6.905982578133256e+03,5.882352941176471e-01,34806263
6.909338727822770e+03,6.907310939246221e+03,5.882352941176471e-01,34806266
6.910208541769747e+03,6.907631212744978e+03,5.882352941176471e-01,34806267
6.910970498907121e+03,6.906023048111002e+03,1.176470588235294e+00,34806264
6.913870888332454e+03,6.908576770685395e+03,1.764705882352941e+00,34806268
6.914298155157653e+03,6.912533449275300e+03,5.882352941176471e-01,34806270
6.915502659416805e+03,6.909405331519563e+03,1.764705882352941e+00,34806269
6.916062861040006e+03,6.914297140004615e+03,5.882352941176471e-01,34806272
6.919165005979513e+03,6.913546233564600e+03,1.764705882352941e+00,34806271
6.920796777063864e+03,6.915331771313991e+03,1.764705882352941e+00,34806273
6.921218676757947e+03,6.918322513022611e+03,5.882352941176471e-01,34806275
6.921507641654027e+03,6.916213524006969e+03,1.764705882352941e+00,34806274
6.923058363938445e+03,6.921293658056092e+03,5.882352941176471e-01,34806277
6.923346322446922e+03,6.921581616564569e+03,5.882352941176471e-01,34806278
6.923741673482609e+03,6.921976967600257e+03,5.882352941176471e-01,34806279
6.924828976841467e+03,6.923064270959114e+03,5.882352941176471e-01,34806280
6.926227714239886e+03,6.924463008357533e+03,5.882352941176471e-01,34806282
6.928640440093980e+03,6.923269010639286e+03,1.764705882352941e+00,34806281
6.928917348409227e+03,6.926469788208600e+03,5.882352941176471e-01,34806286
6.930065430554950e+03,6.927266191262732e+03,5.882352941176471e-01,34806289
6.930405145976333e+03,6.928487992238598e+03,5.882352941176471e-01,34806291
6.931256095364441e+03,6.925867012153581e+03,1.176470588235294e+00,34806284
6.933020801246794e+03,6.925160839172807e+03,1.764705882352941e+00,34806283
6.933411686101620e+03,6.931646980219267e+03,5.882352941176471e-01,34806293
6.934980949556560e+03,6.932780896102638e+03,5.882352941176471e-01,34806295
6.934980949556560e+03,6.932407439077559e+03,5.882352941176471e-01,34806294
6.935699263623392e+03,6.930179606053584e+03,1.764705882352941e+00,34806292
6.937287620137725e+03,6.935522914255372e+03,5.882352941176471e-01,34806297
6.938039265300674e+03,6.936274559418321e+03,5.882352941176471e-01,34806298
6.939070780584970e+03,6.937306074702617e+03,5.882352941176471e-01,34806299
6.940039519193323e+03,6.937417187557280e+03,5.882352941176471e-01,34806300
6.940275067203619e+03,6.934420649631413e+03,1.764705882352941e+00,34806296
6.942802351343203e+03,6.941037645460850e+03,5.882352941176471e-01,34806302
6.942996196835770e+03,6.941231490953417e+03,5.882352941176471e-01,34806303
6.944418455859707e+03,6.942653749977354e+03,5.882352941176471e-01,34806304
6.945687199650000e+03,6.943922493767647e+03,5.882352941176471e-01,34806305
6.945739743394074e+03,6.943975037511721e+03,5.882352941176471e-01,34806306
6.947986879346795e+03,6.946222173464442e+03,5.882352941176471e-01,34806308
6.949712573506766e+03,6.944046513737426e+03,1.764705882352941e+00,34806307
6.953070723143996e+03,6.951306017261643e+03,5.882352941176471e-01,34806310
6.953556776291487e+03,6.948262658644428e+03,1.764705882352941e+00,34806309
6.953563791672683e+03,6.951799085790330e+03,5.882352941176471e-01,34806311
6.956958957588890e+03,6.955194251706537e+03,5.882352941176471e-01,34806312
6.957370268369438e+03,6.955605562487085e+03,5.882352941176471e-01,34806314
6.958740416602641e+03,6.956201995597209e+03,5.882352941176471e-01,34806316
6.959134974251791e+03,6.955219381403634e+03,1.176470588235294e+00,34806313
6.960505122484994e+03,6.958354906359876e+03,5.882352941176471e-01,34806318
6.960899680134144e+03,6.956185042632620e+03,1.176470588235294e+00,34806315
6.962269828367347e+03,6.959563751328068e+03,5.882352941176471e-01,34806320
6.962664386016497e+03,6.958385146740456e+03,1.176470588235294e+00,34806319
6.964448438884191e+03,6.962683733001838e+03,5.882352941176471e-01,34806323
6.965799240132052e+03,6.959963095823456e+03,1.764705882352941e+00,34806321
6.966075176555047e+03,6.962832636803487e+03,5.882352941176471e-01,34806324
6.967701914225903e+03,6.965528620761459e+03,5.882352941176471e-01,34806327
6.969466620108256e+03,6.966710041943975e+03,5.882352941176471e-01,34806329
6.969922021014217e+03,6.961699641849022e+03,1.764705882352941e+00,34806322
6.971231325990608e+03,6.965758060260936e+03,1.764705882352941e+00,34806328
6.971459026443589e+03,6.968111026442275e+03,5.882352941176471e-01,34806331
6.973109882099452e+03,6.971163181510146e+03,5.882352941176471e-01,34806333
6.974890948288712e+03,6.973126242406359e+03,5.882352941176471e-01,34806335
6.974988438208295e+03,6.968065638324138e+03,1.764705882352941e+00,34806330
6.976670542072627e+03,6.972690421726258e+03,1.176470588235294e+00,34806334
6.978387639439604e+03,6.970700471273146e+03,1.764705882352941e+00,34806332
6.980188051708488e+03,6.977103350369189e+03,5.882352941176471e-01,34806340
6.983028822145597e+03,6.974973550306733e+03,1.764705882352941e+00,34806336
6.983717463473194e+03,6.979997634535617e+03,1.176470588235294e+00,34806343
6.983717463473194e+03,6.977100467656313e+03,1.764705882352941e+00,34806339
6.985482169355547e+03,6.983376504526482e+03,5.882352941176471e-01,34806346
6.987246875237900e+03,6.985336138931182e+03,5.882352941176471e-01,34806350
6.988846373479873e+03,6.986525448026085e+03,5.882352941176471e-01,34806353
6.988846373479873e+03,6.985825300827339e+03,5.882352941176471e-01,34806352
6.990611079362226e+03,6.988259429206504e+03,5.882352941176471e-01,34806355
6.991225298313562e+03,6.982487834721620e+03,1.764705882352941e+00,34806344
6.992375785244579e+03,6.989072537440918e+03,5.882352941176471e-01,34806356
6.994140491126932e+03,6.991330031794136e+03,5.882352941176471e-01,34806360
6.994314418789469e+03,6.992549712907116e+03,5.882352941176471e-01,34806361
6.995356136913920e+03,6.992673262741960e+03,5.882352941176471e-01,34806363
6.997120842796273e+03,6.995129071778241e+03,5.882352941176471e-01,34806364
6.998411338380120e+03,6.984001139033769e+03,1.764705882352941e+00,34806348
6.999375656103695e+03,6.991025664566841e+03,1.764705882352941e+00,34806358
7.000176044262473e+03,6.998239819467214e+03,5.882352941176471e-01,34806367
7.000895308273513e+03,6.998763265298733e+03,5.882352941176471e-01,34806368
7.002905067868401e+03,6.996336351764058e+03,1.764705882352941e+00,34806365
7.004105569482112e+03,7.002340863599759e+03,5.882352941176471e-01,34806369
7.005932996120604e+03,7.003767769175617e+03,5.882352941176471e-01,34806372
7.006224038427434e+03,7.004199650616321e+03,5.882352941176471e-01,34806375
7.009119190796874e+03,7.007241692212097e+03,5.882352941176471e-01,34806380
7.010262277084471e+03,7.002548007524465e+03,1.764705882352941e+00,34806370
7.011187324283009e+03,7.004532642114212e+03,1.764705882352941e+00,34806378
7.012616381766295e+03,7.010851675883942e+03,5.882352941176471e-01,34806382
7.014413308443933e+03,7.007961340122086e+03,1.764705882352941e+00,34806381
7.018045831347736e+03,7.016281125465383e+03,5.882352941176471e-01,34806383
7.018796006127131e+03,7.017031300244778e+03,5.882352941176471e-01,34806384
7.020397750777906e+03,7.018633044895553e+03,5.882352941176471e-01,34806385
7.024181562197235e+03,7.018887444550176e+03,1.764705882352941e+00,34806386
7.025854132144628e+03,7.020560014497569e+03,1.764705882352941e+00,34806387
7.026362998343294e+03,7.021068880696236e+03,1.764705882352941e+00,34806388
7.027722742931997e+03,7.024898182300463e+03,5.882352941176471e-01,34806391
7.027722742931997e+03,7.024402750921768e+03,5.882352941176471e-01,34806390
7.029499817351932e+03,7.027735111469579e+03,5.882352941176471e-01,34806393
7.029892410108000e+03,7.024245283619799e+03,1.764705882352941e+00,34806389
7.032723440139941e+03,7.030958734257588e+03,5.882352941176471e-01,34806395
7.033153647908787e+03,7.029624236144081e+03,1.176470588235294e+00,34806394
7.034666063321015e+03,7.032901357438662e+03,5.882352941176471e-01,34806396
7.036438395331821e+03,7.034354759288989e+03,5.882352941176471e-01,34806399
7.038623059920018e+03,7.036336673889274e+03,5.882352941176471e-01,34806404
7.038623059920018e+03,7.035736993970293e+03,5.882352941176471e-01,34806403
7.041816284890597e+03,7.033714322320190e+03,1.764705882352941e+00,34806397
7.041816284890597e+03,7.033783479637417e+03,1.764705882352941e+00,34806398
7.041816284890597e+03,7.034681315577920e+03,1.764705882352941e+00,34806401
7.043774677913794e+03,7.038870889044379e+03,5.882352941176471e-01,34806405
7.045539383796147e+03,7.042906223446802e+03,5.882352941176471e-01,34806410
7.045539383796147e+03,7.042591033453975e+03,5.882352941176471e-01,34806409
7.047304089678500e+03,7.044701290725831e+03,5.882352941176471e-01,34806411
7.047767396084519e+03,7.038918174184637e+03,1.764705882352941e+00,34806406
7.049068795560853e+03,7.046569201414149e+03,5.882352941176471e-01,34806413
7.050833501443206e+03,7.045517028066800e+03,1.764705882352941e+00,34806412
7.050932476825973e+03,7.047970086264223e+03,5.882352941176471e-01,34806415
7.051296807849225e+03,7.049266746326387e+03,5.882352941176471e-01,34806417
7.054362913207912e+03,7.052203935102973e+03,5.882352941176471e-01,34806420
7.054461888590679e+03,7.052599449179322e+03,5.882352941176471e-01,34806421
7.054826219613930e+03,7.047704389635351e+03,1.764705882352941e+00,34806414
7.056177106781648e+03,7.052957464621139e+03,5.882352941176471e-01,34806422
7.057941812664001e+03,7.056169074908536e+03,5.882352941176471e-01,34806425
7.059890437975081e+03,7.057575228829115e+03,5.882352941176471e-01,34806426
7.059982397689444e+03,7.050885117675313e+03,1.764705882352941e+00,34806419
7.059982397689444e+03,7.050116002436343e+03,1.764705882352941e+00,34806418
7.061655143857434e+03,7.059575837627460e+03,5.882352941176471e-01,34806429
7.062376963079787e+03,7.060612257197434e+03,5.882352941176471e-01,34806430
7.063419849739787e+03,7.060966753219154e+03,5.882352941176471e-01,34806431
7.063511809454150e+03,7.054711482968005e+03,1.764705882352941e+00,34806424
7.064868771561733e+03,7.063104065679380e+03,5.882352941176471e-01,34806432
7.065184555622140e+03,7.063118319982856e+03,5.882352941176471e-01,34806433
7.069865321896681e+03,7.064571204249622e+03,1.764705882352941e+00,34806434
7.070208536220145e+03,7.068443830337792e+03,5.882352941176471e-01,34806436
7.071637114715886e+03,7.068889569451228e+03,5.882352941176471e-01,34806438
7.071637114715886e+03,7.068591217963014e+03,5.882352941176471e-01,34806437
7.073569884291545e+03,7.070449047434366e+03,5.882352941176471e-01,34806439
7.073737947984851e+03,7.068114789888032e+03,1.764705882352941e+00,34806435
7.075334590173898e+03,7.072602500900585e+03,5.882352941176471e-01,34806443
7.076038970558891e+03,7.074274264676538e+03,5.882352941176471e-01,34806444
7.077099296056251e+03,7.070458215752062e+03,1.764705882352941e+00,34806440
7.077803676441244e+03,7.075818785936928e+03,5.882352941176471e-01,34806447
7.078985050879361e+03,7.076265130716131e+03,5.882352941176471e-01,34806448
7.081333088205950e+03,7.075073529190653e+03,1.764705882352941e+00,34806445
7.082514462644067e+03,7.076582516158297e+03,1.764705882352941e+00,34806449
7.082806128366185e+03,7.079564740548529e+03,5.882352941176471e-01,34806452
7.082806128366185e+03,7.079281432717832e+03,5.882352941176471e-01,34806451
7.086189707269832e+03,7.083213268932436e+03,5.882352941176471e-01,34806455
7.086335540130891e+03,7.078285499387753e+03,1.764705882352941e+00,34806450
7.088027329582714e+03,7.081934920798037e+03,1.764705882352941e+00,34806453
7.089343280593387e+03,7.087578574711034e+03,5.882352941176471e-01,34806458
7.089830136925020e+03,7.088065431042667e+03,5.882352941176471e-01,34806459
7.091520283132155e+03,7.085506930661815e+03,1.764705882352941e+00,34806456
7.093700597237612e+03,7.091935891355259e+03,5.882352941176471e-01,34806462
7.094418505845101e+03,7.091988722039881e+03,5.882352941176471e-01,34806463
7.094637398240446e+03,7.089282631133979e+03,1.764705882352941e+00,34806460
7.097230009002318e+03,7.090670201685051e+03,1.764705882352941e+00,34806461
7.098093845873370e+03,7.094168090437070e+03,1.176470588235294e+00,34806465
7.098994714884671e+03,7.096608008980063e+03,5.882352941176471e-01,34806468
7.099858551755723e+03,7.094244124141785e+03,1.764705882352941e+00,34806466
7.102698236404144e+03,7.100749956635480e+03,5.882352941176471e-01,34806478
7.103392185900854e+03,7.101067536680657e+03,5.882352941176471e-01,34806479
7.107014776356757e+03,7.104858243898927e+03,5.882352941176471e-01,34806487
7.108794339771123e+03,7.107029633888770e+03,5.882352941176471e-01,34806491
7.110554093142805e+03,7.108093511125092e+03,5.882352941176471e-01,34806494
7.111412547002250e+03,7.108960916777153e+03,5.882352941176471e-01,34806496
7.112318799025158e+03,7.109886985136957e+03,5.882352941176471e-01,34806498
7.114360179132284e+03,7.111614857548760e+03,5.882352941176471e-01,34806501
7.114498516244670e+03,7.097531015864623e+03,1.764705882352941e+00,34806469
7.115335115933590e+03,7.104153084422800e+03,1.176470588235294e+00,34806486
7.116124885014637e+03,7.113862411944616e+03,5.882352941176471e-01,34806504
7.117889590896990e+03,7.115728231561690e+03,5.882352941176471e-01,34806506
7.118511950748500e+03,7.105945976246021e+03,1.764705882352941e+00,34806490
7.120629233580649e+03,7.115143879896835e+03,1.764705882352941e+00,34806505
7.120883621448807e+03,7.119118915566454e+03,5.882352941176471e-01,34806508
7.122319134401726e+03,7.119522018471709e+03,5.882352941176471e-01,34806510
7.122762361017698e+03,7.120997655135345e+03,5.882352941176471e-01,34806512
7.125734512479894e+03,7.118640112514468e+03,1.764705882352941e+00,34806507
7.125848546166432e+03,7.119344060576146e+03,1.764705882352941e+00,34806509
7.126291772782404e+03,7.124492135675479e+03,5.882352941176471e-01,34806514
7.128211424300801e+03,7.126446718418448e+03,5.882352941176471e-01,34806515
7.128593821260901e+03,7.126829115378548e+03,5.882352941176471e-01,34806516
7.129263924244600e+03,7.122676789657940e+03,1.764705882352941e+00,34806513
7.129976130183154e+03,7.127466009544999e+03,5.882352941176471e-01,34806517
7.131733570089775e+03,7.129968864207422e+03,5.882352941176471e-01,34806518
7.132204182784847e+03,7.130439476902494e+03,5.882352941176471e-01,34806519
7.132844830166670e+03,7.131080124284317e+03,5.882352941176471e-01,34806520
7.134888424639204e+03,7.133123718756851e+03,5.882352941176471e-01,34806521
7.139008305218507e+03,7.133714187571448e+03,1.764705882352941e+00,34806522
7.139334075488624e+03,7.135804663723919e+03,1.176470588235294e+00,34806523
7.139467076462529e+03,7.137702370580176e+03,5.882352941176471e-01,34806524
7.141315131595045e+03,7.139550425712692e+03,5.882352941176471e-01,34806526
7.144302422865566e+03,7.138618912266579e+03,1.764705882352941e+00,34806525
7.148297053203229e+03,7.140852750181823e+03,1.764705882352941e+00,34806527
7.149906999856837e+03,7.142694357985404e+03,1.764705882352941e+00,34806529
7.149906999856837e+03,7.141139512222789e+03,1.764705882352941e+00,34806528
7.153378422968598e+03,7.151613717086245e+03,5.882352941176471e-01,34806535
7.154677223907452e+03,7.149383106260393e+03,1.764705882352941e+00,34806533
7.155606638302259e+03,7.152506558719507e+03,5.882352941176471e-01,34806537
7.157371344184612e+03,7.155342388179830e+03,5.882352941176471e-01,34806540
7.158539217808347e+03,7.150544275380854e+03,1.764705882352941e+00,34806534
7.159136050066965e+03,7.152847719371387e+03,1.764705882352941e+00,34806538
7.160602339820009e+03,7.158250248929783e+03,5.882352941176471e-01,34806544
7.161049200247348e+03,7.159284494364995e+03,5.882352941176471e-01,34806545
7.162367045702362e+03,7.160438734945494e+03,5.882352941176471e-01,34806547
7.162813906129701e+03,7.160906602077749e+03,5.882352941176471e-01,34806548
7.164131751584715e+03,7.161842102044271e+03,5.882352941176471e-01,34806549
7.165769509457833e+03,7.156045794335446e+03,1.764705882352941e+00,34806541
7.166119887680737e+03,7.162965143734078e+03,5.882352941176471e-01,34806551
7.167767800822122e+03,7.157414336762204e+03,1.176470588235294e+00,34806543
7.167767800822122e+03,7.162681719817482e+03,1.176470588235294e+00,34806550
7.169532506704475e+03,7.166552143569004e+03,5.882352941176470e-01,34806553
7.169532506704475e+03,7.166605345490562e+03,5.882352941176470e-01,34806554
7.169532506704475e+03,7.159803638647902e+03,1.764705882352941e+00,34806546
7.171297212586828e+03,7.163863892076727e+03,1.176470588235294e+00,34806552
7.171297212586828e+03,7.169459291694990e+03,5.882352941176471e-01,34806558
7.171297212586828e+03,7.168027215279737e+03,5.882352941176471e-01,34806557
7.176591330233887e+03,7.170067777138693e+03,1.764705882352941e+00,34806559
7.177630681296509e+03,7.175212541776596e+03,5.882352941176471e-01,34806565
7.177630681296509e+03,7.175176700954105e+03,5.882352941176471e-01,34806564
7.180900255295560e+03,7.171942081010972e+03,1.764705882352941e+00,34806560
7.180900255295560e+03,7.172731046287928e+03,1.764705882352941e+00,34806561
7.180900255295560e+03,7.173420401923888e+03,1.764705882352941e+00,34806562
7.182748271391123e+03,7.177703574716009e+03,5.882352941176471e-01,34806566
7.182748271391123e+03,7.177885161886580e+03,5.882352941176471e-01,34806567
7.182748271391123e+03,7.178861614708515e+03,5.882352941176471e-01,34806568
7.184512977273476e+03,7.181233496148403e+03,5.882352941176471e-01,34806570
7.185967505124606e+03,7.184202799242253e+03,5.882352941176471e-01,34806571
7.186293468437319e+03,7.184528762554966e+03,5.882352941176471e-01,34806572
7.190354204881403e+03,7.185060087234344e+03,1.764705882352941e+00,34806573
7.193124870259546e+03,7.191360164377193e+03,5.882352941176471e-01,34806574
7.193763470894454e+03,7.191998765012101e+03,5.882352941176471e-01,34806575
7.195678065937556e+03,7.192148654172851e+03,1.176470588235294e+00,34806576
7.198394509075530e+03,7.196629803193177e+03,5.882352941176471e-01,34806577
7.200601590283422e+03,7.198836884401070e+03,5.882352941176471e-01,34806579
7.201310439149083e+03,7.197781027384377e+03,1.176470588235294e+00,34806578
7.202366296165775e+03,7.200444781546807e+03,5.882352941176471e-01,34806581
7.205426173523454e+03,7.202679011165128e+03,5.882352941176471e-01,34806585
7.205426173523454e+03,7.203289011327583e+03,5.882352941176471e-01,34806587
7.207190879405807e+03,7.204204292325711e+03,5.882352941176471e-01,34806588
7.207190879405807e+03,7.204560951573808e+03,5.882352941176471e-01,34806589
7.208955585288160e+03,7.206500187258604e+03,5.882352941176471e-01,34806592
7.208955585288160e+03,7.206433081541902e+03,5.882352941176471e-01,34806591
7.210766259192561e+03,7.207366511062435e+03,5.882352941176471e-01,34806594
7.210811416105413e+03,7.209016875984224e+03,5.882352941176471e-01,34806602
7.214310723261551e+03,7.212057906263075e+03,5.882352941176471e-01,34806607
7.214582925540702e+03,7.212818219658349e+03,5.882352941176471e-01,34806608
7.216075429143904e+03,7.214153463441126e+03,5.882352941176471e-01,34806610
7.216075429143904e+03,7.213296926562877e+03,5.882352941176471e-01,34806609
7.216374973059561e+03,7.214610267177208e+03,5.882352941176471e-01,34806611
7.219755816399482e+03,7.200683020487080e+03,1.764705882352941e+00,34806582
7.219755816399482e+03,7.200248844079033e+03,1.764705882352941e+00,34806580
7.221714773855656e+03,7.219212627470020e+03,5.882352941176471e-01,34806616
7.221714773855656e+03,7.219320697495469e+03,5.882352941176471e-01,34806617
7.223479479738009e+03,7.221139958738274e+03,5.882352941176471e-01,34806619
7.223479479738009e+03,7.220891178939223e+03,5.882352941176471e-01,34806618
7.224657285558573e+03,7.222892579676220e+03,5.882352941176471e-01,34806620
7.225612819302645e+03,7.207776640624907e+03,1.176470588235294e+00,34806595
7.226421991440926e+03,7.224121695303882e+03,5.882352941176471e-01,34806621
7.227377525184998e+03,7.207282004340707e+03,1.764705882352941e+00,34806593
7.231621280842290e+03,7.229856574959937e+03,5.882352941176471e-01,34806622
7.233242693435371e+03,7.231477987553018e+03,5.882352941176471e-01,34806623
7.233430531693423e+03,7.231665825811070e+03,5.882352941176471e-01,34806624
7.236218251854296e+03,7.234453545971943e+03,5.882352941176471e-01,34806626
7.236462943412997e+03,7.234698237530644e+03,5.882352941176471e-01,34806627
7.238564575228280e+03,7.233270457581221e+03,1.764705882352941e+00,34806625
7.238774854113187e+03,7.237010148230834e+03,5.882352941176471e-01,34806629
7.241046086575741e+03,7.239281380693388e+03,5.882352941176471e-01,34806630
7.241710048766990e+03,7.236415931119931e+03,1.764705882352941e+00,34806628
7.245805744805027e+03,7.240511627157969e+03,1.764705882352941e+00,34806631
7.246040720935778e+03,7.244276015053425e+03,5.882352941176471e-01,34806632
7.247327594040992e+03,7.245562888158639e+03,5.882352941176471e-01,34806633
7.251969560022251e+03,7.250204854139898e+03,5.882352941176471e-01,34806634
7.252992997125964e+03,7.251228291243611e+03,5.882352941176471e-01,34806635
7.258735724639179e+03,7.253441606992120e+03,1.764705882352941e+00,34806636
7.259076872399094e+03,7.253782754752035e+03,1.764705882352941e+00,34806637
7.260093350136332e+03,7.254799232489273e+03,1.764705882352941e+00,34806638
7.260500430521532e+03,7.258035791369705e+03,5.882352941176471e-01,34806639
7.262031700702217e+03,7.260266994819864e+03,5.882352941176471e-01,34806640
7.262603196611869e+03,7.260838490729516e+03,5.882352941176471e-01,34806641
7.263796406584570e+03,7.261960504051971e+03,5.882352941176471e-01,34806643
7.266154493078269e+03,7.260860375431211e+03,1.764705882352941e+00,34806642
7.267897314258928e+03,7.262430736114179e+03,1.764705882352941e+00,34806644
7.269832153195854e+03,7.268067447313501e+03,5.882352941176471e-01,34806645
7.272329412023018e+03,7.270302162764994e+03,5.882352941176471e-01,34806650
7.274532221641452e+03,7.272767515759100e+03,5.882352941176471e-01,34806653
7.275519540792984e+03,7.272918768945742e+03,5.882352941176471e-01,34806654
7.276927890953434e+03,7.268721110401847e+03,1.176470588235294e+00,34806646
7.278692596835787e+03,7.275751518916410e+03,5.882352941176470e-01,34806656
7.278692596835787e+03,7.269886140151186e+03,1.764705882352941e+00,34806648
7.278692596835787e+03,7.268878890114778e+03,1.764705882352941e+00,34806647
7.280457302718140e+03,7.278599371448184e+03,5.882352941176471e-01,34806660
7.282222008600493e+03,7.279170991167452e+03,5.882352941176471e-01,34806662
7.285247218684526e+03,7.271119716429166e+03,1.176470588235294e+00,34806651
7.285247218684526e+03,7.271406502487488e+03,1.176470588235294e+00,34806652
7.287011924566879e+03,7.272969560856753e+03,1.764705882352941e+00,34806655
7.288776630449232e+03,7.281726567181440e+03,1.764705882352941e+00,34806664
7.290144025333287e+03,7.288379319450934e+03,5.882352941176471e-01,34806666
7.291173528983037e+03,7.285879411335978e+03,1.764705882352941e+00,34806665
7.293357723130391e+03,7.291593017248038e+03,5.882352941176471e-01,34806669
7.294857270600766e+03,7.291628199192314e+03,5.882352941176471e-01,34806670
7.295122429012744e+03,7.293331352069738e+03,5.882352941176471e-01,34806672
7.296710362620445e+03,7.294349494176636e+03,5.882352941176471e-01,34806675
7.299180950855739e+03,7.291137084840094e+03,1.176470588235294e+00,34806667
7.300945656738092e+03,7.291862986499943e+03,1.764705882352941e+00,34806671
7.300945656738092e+03,7.291518632832027e+03,1.764705882352941e+00,34806668
7.301332724021409e+03,7.299568018139056e+03,5.882352941176471e-01,34806676
7.302710362620445e+03,7.299762188997108e+03,5.882352941176471e-01,34806678
7.302710362620445e+03,7.299626532992413e+03,5.882352941176471e-01,34806677
7.305455159884985e+03,7.303690454002632e+03,5.882352941176471e-01,34806681
7.306128260556004e+03,7.303947200531945e+03,5.882352941176471e-01,34806682
7.307046707784068e+03,7.304954415414384e+03,5.882352941176471e-01,34806683
7.311130382408698e+03,7.303517296019362e+03,1.764705882352941e+00,34806680
7.311130382408698e+03,7.302598848791298e+03,1.764705882352941e+00,34806679
7.313080855156524e+03,7.311316149274171e+03,5.882352941176471e-01,34806695
7.316289823945522e+03,7.305609558700710e+03,1.764705882352941e+00,34806685
7.316289823945522e+03,7.305489449580849e+03,1.764705882352941e+00,34806684
7.317212010225715e+03,7.308851693921544e+03,1.764705882352941e+00,34806691
7.318054529827875e+03,7.314284341765494e+03,5.882352941176471e-01,34806696
7.321583941592581e+03,7.315015451059604e+03,1.764705882352941e+00,34806697
7.323070923825569e+03,7.321306217943216e+03,5.882352941176471e-01,34806700
7.323386999757658e+03,7.318092882110599e+03,1.764705882352941e+00,34806698
7.325113353357287e+03,7.323113701311788e+03,5.882352941176471e-01,34806705
7.326628853914421e+03,7.324543362837254e+03,5.882352941176471e-01,34806706
7.326863783165393e+03,7.319488883703892e+03,1.764705882352941e+00,34806699
7.329400515400560e+03,7.321752254181938e+03,1.764705882352941e+00,34806702
7.329400515400560e+03,7.321442408272223e+03,1.764705882352941e+00,34806701
7.331127179957471e+03,7.329114990713580e+03,5.882352941176471e-01,34806709
7.331127179957471e+03,7.327724921810555e+03,5.882352941176471e-01,34806708
7.332891885839824e+03,7.330059228328498e+03,5.882352941176471e-01,34806710
7.332891885839824e+03,7.330902305487082e+03,5.882352941176471e-01,34806711
7.332929927165265e+03,7.327559726867325e+03,1.764705882352941e+00,34806707
7.334679416517442e+03,7.331163023355533e+03,5.882352941176471e-01,34806712
7.334679416517442e+03,7.331647972289881e+03,5.882352941176471e-01,34806713
7.334679416517442e+03,7.331665283431169e+03,5.882352941176471e-01,34806714
7.336444122399795e+03,7.334178653806134e+03,5.882352941176471e-01,34806718
7.338208828282148e+03,7.335825064873441e+03,5.882352941176471e-01,34806720
7.339973534164501e+03,7.333208851115476e+03,1.764705882352941e+00,34806717
7.340106556967218e+03,7.338341851084865e+03,5.882352941176471e-01,34806721
7.340290516728640e+03,7.334996399081581e+03,1.764705882352941e+00,34806719
7.342134146943500e+03,7.340369441061148e+03,5.882352941176471e-01,34806725
7.345532116661242e+03,7.340076395673745e+03,1.764705882352941e+00,34806724
7.345532116661242e+03,7.339196604093952e+03,1.764705882352941e+00,34806722
7.347083788448535e+03,7.344503486577487e+03,5.882352941176471e-01,34806728
7.347296822543595e+03,7.340815623613712e+03,1.176470588235294e+00,34806726
7.349061528425948e+03,7.343019946244861e+03,1.764705882352941e+00,34806727
7.350613200213241e+03,7.345945875665237e+03,1.176470588235294e+00,34806729
7.354044377995192e+03,7.352279672112839e+03,5.882352941176471e-01,34806730
7.355217267911490e+03,7.353452562029137e+03,5.882352941176471e-01,34806732
7.357573789759898e+03,7.355653999389756e+03,5.882352941176471e-01,34806736
7.358733097722449e+03,7.356968391840096e+03,5.882352941176471e-01,34806737
7.358907905091475e+03,7.357143199209122e+03,5.882352941176471e-01,34806738
7.359338495642251e+03,7.357181858013832e+03,5.882352941176471e-01,34806739
7.360945742646991e+03,7.353400960530996e+03,1.176470588235294e+00,34806731
7.362486479008249e+03,7.359605975208508e+03,5.882352941176471e-01,34806741
7.362486479008249e+03,7.360163070118022e+03,5.882352941176471e-01,34806742
7.362710448529344e+03,7.354025789875831e+03,1.764705882352941e+00,34806733
7.364363169651150e+03,7.361165072490055e+03,5.882352941176471e-01,34806744
7.364363169651150e+03,7.361364732908129e+03,5.882352941176471e-01,34806745
7.366127875533503e+03,7.363504214925571e+03,5.882352941176471e-01,34806747
7.367892581415856e+03,7.361072382016859e+03,1.764705882352941e+00,34806743
7.367892581415856e+03,7.358003565250485e+03,1.764705882352941e+00,34806740
7.369657287298209e+03,7.366900119465153e+03,5.882352941176471e-01,34806749
7.370068012253343e+03,7.368303306370990e+03,5.882352941176471e-01,34806750
7.371421993180562e+03,7.366054328588000e+03,1.764705882352941e+00,34806748
7.374951404945267e+03,7.369278701743559e+03,1.764705882352941e+00,34806751
7.376469220599930e+03,7.374702635828811e+03,5.882352941176471e-01,34806760
7.376716110827620e+03,7.374792521572255e+03,5.882352941176471e-01,34806761
7.378175056283331e+03,7.375458511096886e+03,5.882352941176471e-01,34806762
7.380051494007723e+03,7.377246803208345e+03,5.882352941176471e-01,34806763
7.380163225849763e+03,7.372939808835224e+03,1.764705882352941e+00,34806753
7.380163225849763e+03,7.372595982085341e+03,1.764705882352941e+00,34806752
7.382280520037893e+03,7.380515814155540e+03,5.882352941176471e-01,34806765
7.383407559863934e+03,7.381642853981581e+03,5.882352941176471e-01,34806766
7.387480746380816e+03,7.385716040498463e+03,5.882352941176471e-01,34806767
7.387892589819135e+03,7.386127883936782e+03,5.882352941176471e-01,34806769
7.389245452263169e+03,7.387322051750866e+03,5.882352941176471e-01,34806770
7.391063591581199e+03,7.385769473934141e+03,1.764705882352941e+00,34806768
7.393093749593316e+03,7.391329043710963e+03,5.882352941176471e-01,34806773
7.393680038528298e+03,7.388385920881239e+03,1.764705882352941e+00,34806771
7.394831910393850e+03,7.391563999746633e+03,5.882352941176471e-01,34806774
7.397785386225780e+03,7.395438019576031e+03,5.882352941176471e-01,34806779
7.397785386225780e+03,7.395430803162069e+03,5.882352941176471e-01,34806778
7.398660768542665e+03,7.391275953547325e+03,1.764705882352941e+00,34806772
7.399550092108133e+03,7.396266900825234e+03,5.882352941176471e-01,34806780
7.400619464064199e+03,7.393496821885826e+03,1.176470588235294e+00,34806776
7.402490829389791e+03,7.399868754012769e+03,5.882352941176471e-01,34806783
7.403079503872838e+03,7.396415480554795e+03,1.764705882352941e+00,34806781
7.404647984927509e+03,7.402173855683280e+03,5.882352941176471e-01,34806787
7.405058903865270e+03,7.403294197982917e+03,5.882352941176471e-01,34806789
7.406412690809862e+03,7.404523065648718e+03,5.882352941176471e-01,34806791
7.406412690809862e+03,7.404324132227625e+03,5.882352941176471e-01,34806790
7.406823609747623e+03,7.404913913563644e+03,5.882352941176471e-01,34806792
7.409991158781488e+03,7.401544743606074e+03,1.176470588235294e+00,34806786
7.410040214988409e+03,7.400832782950678e+03,1.764705882352941e+00,34806785
7.410040214988409e+03,7.399048747821028e+03,1.764705882352941e+00,34806782
7.411788568801788e+03,7.408936434820711e+03,5.882352941176471e-01,34806795
7.413553274684141e+03,7.410546143601938e+03,5.882352941176471e-01,34806798
7.413553274684141e+03,7.410507257275041e+03,5.882352941176471e-01,34806797
7.415317980566494e+03,7.412352988391223e+03,5.882352941176471e-01,34806799
7.415600190361212e+03,7.408791843962165e+03,1.764705882352941e+00,34806794
7.417223791346206e+03,7.414131202372829e+03,5.882352941176471e-01,34806801
7.418988497228559e+03,7.414185265269915e+03,1.176470588235294e+00,34806802
7.419300369306939e+03,7.414006251659880e+03,1.764705882352941e+00,34806800
7.420857160470372e+03,7.417786057517162e+03,5.882352941176471e-01,34806804
7.420857160470372e+03,7.417831245532995e+03,5.882352941176471e-01,34806805
7.422621866352725e+03,7.420421132539082e+03,5.882352941176471e-01,34806808
7.422621866352725e+03,7.420213342858362e+03,5.882352941176471e-01,34806807
7.424386572235078e+03,7.422578201523196e+03,5.882352941176471e-01,34806809
7.425247092761490e+03,7.416092734446737e+03,1.764705882352941e+00,34806803
7.426151278117431e+03,7.422592723953347e+03,1.176470588235294e+00,34806810
7.426151278117431e+03,7.422627739305246e+03,5.882352941176471e-01,34806811
7.430138275530979e+03,7.426608863766274e+03,1.176470588235294e+00,34806812
7.431229054716995e+03,7.429464348834642e+03,5.882352941176471e-01,34806813
7.433315325392859e+03,7.431550619510506e+03,5.882352941176471e-01,34806815
7.434968372455553e+03,7.433203666573200e+03,5.882352941176471e-01,34806816
7.435080031275212e+03,7.433301239058655e+03,5.882352941176471e-01,34806817
7.435330325496437e+03,7.430036207849378e+03,1.764705882352941e+00,34806814
7.436816822452650e+03,7.433486202722335e+03,5.882352941176471e-01,34806818
7.438581528335003e+03,7.436470942653521e+03,5.882352941176471e-01,34806823
7.439095225916451e+03,7.435565814151745e+03,1.176470588235294e+00,34806822
7.440346234217356e+03,7.433578685536921e+03,1.764705882352941e+00,34806819
7.440465804703084e+03,7.438701098820732e+03,5.882352941176471e-01,34806824
7.442293815441876e+03,7.440529109559523e+03,5.882352941176471e-01,34806825
7.442363889548273e+03,7.440599183665920e+03,5.882352941176471e-01,34806826
7.442957979160725e+03,7.441193273278372e+03,5.882352941176471e-01,34806827
7.444058521324229e+03,7.441342196591994e+03,5.882352941176471e-01,34806828
7.446436077325065e+03,7.444671371442713e+03,5.882352941176471e-01,34806829
7.447664602578037e+03,7.445899896695684e+03,5.882352941176471e-01,34806831
7.448200783207418e+03,7.446081322667208e+03,5.882352941176471e-01,34806832
7.448720724030627e+03,7.446956018148274e+03,5.882352941176471e-01,34806833
7.450485429912980e+03,7.448230511128261e+03,5.882352941176471e-01,34806835
7.451133162012101e+03,7.445130459935279e+03,1.764705882352941e+00,34806830
7.452076822187596e+03,7.449209371314275e+03,5.882352941176471e-01,34806836
7.453841528069949e+03,7.452039455855271e+03,5.882352941176471e-01,34806840
7.453841528069949e+03,7.451944513048156e+03,5.882352941176471e-01,34806839
7.454662573776807e+03,7.448168767192042e+03,1.764705882352941e+00,34806834
7.455879915854588e+03,7.452972824127900e+03,5.882352941176471e-01,34806841
7.455879915854588e+03,7.453107016333647e+03,5.882352941176471e-01,34806842
7.457644621736941e+03,7.453797090875766e+03,1.176470588235294e+00,34806843
7.457908971686667e+03,7.456144265804314e+03,5.882352941176471e-01,34806844
7.459409327619294e+03,7.449481849554537e+03,1.764705882352941e+00,34806837
7.459541502594157e+03,7.457394620374184e+03,5.882352941176471e-01,34806846
7.461174033501647e+03,7.458382124161378e+03,5.882352941176471e-01,34806847
7.461407662473495e+03,7.459642956591142e+03,5.882352941176471e-01,34806848
7.463070914358863e+03,7.456972803657103e+03,1.764705882352941e+00,34806845
7.464769532753784e+03,7.462387962577456e+03,5.882352941176471e-01,34806851
7.465435015743103e+03,7.460532799752178e+03,1.176470588235294e+00,34806849
7.466866980130797e+03,7.463963913086513e+03,5.882352941176471e-01,34806853
7.466866980130797e+03,7.464613644118650e+03,5.882352941176471e-01,34806855
7.468631686013149e+03,7.465997026492559e+03,5.882352941176471e-01,34806857
7.470396391895502e+03,7.467889904893641e+03,5.882352941176471e-01,34806859
7.470907854276925e+03,7.462684897586285e+03,1.764705882352941e+00,34806852
7.472161097777855e+03,7.469517559670963e+03,5.882352941176470e-01,34806860
7.472161097777855e+03,7.466655488714025e+03,1.764705882352941e+00,34806858
7.473191568465798e+03,7.471426862583445e+03,5.882352941176471e-01,34806862
7.473925803660208e+03,7.471979940432581e+03,5.882352941176471e-01,34806863
7.477958304617018e+03,7.476193598734665e+03,5.882352941176471e-01,34806865
7.478995901458681e+03,7.475466489693975e+03,1.176470588235294e+00,34806864
7.480933463719077e+03,7.478370831385310e+03,5.882352941176471e-01,34806870
7.483255708270467e+03,7.477490480143392e+03,1.176470588235294e+00,34806866
7.483592989686603e+03,7.481769771722633e+03,5.882352941176471e-01,34806876
7.485119583950848e+03,7.483016026500466e+03,5.882352941176471e-01,34806879
7.486386509815653e+03,7.484045544854702e+03,5.882352941176471e-01,34806882
7.489658718018685e+03,7.480129127498896e+03,1.764705882352941e+00,34806875
7.489658718018685e+03,7.479589807492118e+03,1.764705882352941e+00,34806873
7.490413701597907e+03,7.484726226307238e+03,1.764705882352941e+00,34806883
7.491423423901038e+03,7.487894690180213e+03,5.882352941176471e-01,34806884
7.494952835665744e+03,7.488406285180076e+03,1.764705882352941e+00,34806885
7.495770424626755e+03,7.490476306979697e+03,1.764705882352941e+00,34806886
7.496871917960419e+03,7.493920936153989e+03,5.882352941176471e-01,34806888
7.497026294372742e+03,7.491732176725683e+03,1.764705882352941e+00,34806887
7.498149736289432e+03,7.496385030407079e+03,5.882352941176471e-01,34806890
7.498713812048933e+03,7.496601153142308e+03,5.882352941176471e-01,34806891
7.499914442171784e+03,7.497514280975207e+03,5.882352941176471e-01,34806893
7.500478517931286e+03,7.496620073885037e+03,1.176470588235294e+00,34806892
7.504464930971781e+03,7.502700225089428e+03,5.882352941176471e-01,34806895
7.504971378154628e+03,7.503206672272275e+03,5.882352941176471e-01,34806896
7.506005819874838e+03,7.503453914612976e+03,5.882352941176471e-01,34806898
7.506005819874838e+03,7.503331977205646e+03,5.882352941176471e-01,34806897
7.506736084036981e+03,7.504472198898281e+03,5.882352941176471e-01,34806900
7.507770525757191e+03,7.505952267712848e+03,5.882352941176471e-01,34806901
7.507914632155555e+03,7.506149926273202e+03,5.882352941176471e-01,34806902
7.508500789919334e+03,7.506295756347166e+03,5.882352941176471e-01,34806903
7.509535231639544e+03,7.506857203151075e+03,5.882352941176471e-01,34806904
7.511299937521897e+03,7.508974431782234e+03,5.882352941176470e-01,34806906
7.511299937521897e+03,7.502028774151542e+03,1.764705882352941e+00,34806894
7.513983341837115e+03,7.508689224190056e+03,1.764705882352941e+00,34806905
7.514870376978045e+03,7.512929024620667e+03,5.882352941176471e-01,34806910
7.514870376978045e+03,7.512479487560740e+03,5.882352941176471e-01,34806909
7.516191565289933e+03,7.513856484668325e+03,5.882352941176471e-01,34806913
7.516191565289933e+03,7.513187726478576e+03,5.882352941176471e-01,34806912
7.517956271172286e+03,7.515297731025764e+03,5.882352941176471e-01,34806914
7.518613465766610e+03,7.510709326733119e+03,1.764705882352941e+00,34806907
7.519720977054639e+03,7.517152361790445e+03,5.882352941176471e-01,34806916
7.520538966631413e+03,7.518774260749060e+03,5.882352941176471e-01,34806917
7.521485682936992e+03,7.515677489501702e+03,1.764705882352941e+00,34806915
7.523919973428605e+03,7.522155267546252e+03,5.882352941176471e-01,34806919
7.525922914132411e+03,7.524158208250058e+03,5.882352941176471e-01,34806920
7.527033834914235e+03,7.521739717267177e+03,1.764705882352941e+00,34806918
7.529252800689895e+03,7.527488094807543e+03,5.882352941176471e-01,34806922
7.531454522748737e+03,7.526160405101678e+03,1.764705882352941e+00,34806921
7.532902671565637e+03,7.530773526674876e+03,5.882352941176471e-01,34806926
7.532902671565637e+03,7.530238262715911e+03,5.882352941176471e-01,34806925
7.535487510334340e+03,7.533526817411318e+03,5.882352941176471e-01,34806930
7.536495200859985e+03,7.533901512808637e+03,5.882352941176471e-01,34806931
7.536587320311802e+03,7.534793612507275e+03,5.882352941176471e-01,34806933
7.537678442988786e+03,7.530193392687282e+03,1.176470588235294e+00,34806924
7.539443148871139e+03,7.537111923767241e+03,5.882352941176470e-01,34806934
7.539443148871139e+03,7.529056702735478e+03,1.764705882352941e+00,34806923
7.540466467713467e+03,7.531883512803195e+03,1.764705882352941e+00,34806927
7.541207854753492e+03,7.539400401216362e+03,5.882352941176471e-01,34806936
7.541207854753492e+03,7.539002420907954e+03,5.882352941176471e-01,34806935
7.542601867115832e+03,7.540094491253925e+03,5.882352941176471e-01,34806937
7.545032662005977e+03,7.543267956123624e+03,5.882352941176471e-01,34806939
7.546131278880538e+03,7.540180667666385e+03,1.764705882352941e+00,34806938
7.546980734055522e+03,7.544753859676503e+03,5.882352941176471e-01,34806941
7.547934156209518e+03,7.545544060478834e+03,5.882352941176471e-01,34806943
7.548745439937875e+03,7.546188536050478e+03,5.882352941176471e-01,34806946
7.550525220512376e+03,7.548760514630023e+03,5.882352941176471e-01,34806947
7.550986856897226e+03,7.544886704197977e+03,1.764705882352941e+00,34806942
7.550986856897226e+03,7.543634688458008e+03,1.764705882352941e+00,34806940
7.552520744587154e+03,7.549746183471148e+03,5.882352941176471e-01,34806949
7.553373099521117e+03,7.551608393638764e+03,5.882352941176471e-01,34806950
7.554285450469507e+03,7.552047651450828e+03,5.882352941176471e-01,34806952
7.554285450469507e+03,7.551737751874661e+03,5.882352941176471e-01,34806951
7.555137805403470e+03,7.553008430160183e+03,5.882352941176471e-01,34806953
7.556050156351860e+03,7.554177390458199e+03,5.882352941176471e-01,34806955
7.556050156351860e+03,7.553649103896152e+03,5.882352941176471e-01,34806954
7.556902511285823e+03,7.554649124434792e+03,5.882352941176471e-01,34806956
7.557814862234213e+03,7.555650236938511e+03,5.882352941176471e-01,34806958
7.559097286319248e+03,7.556672261091091e+03,5.882352941176471e-01,34806959
7.561183513399813e+03,7.558238396679752e+03,5.882352941176471e-01,34806962
7.561183513399813e+03,7.558423910192997e+03,5.882352941176471e-01,34806963
7.561556041221688e+03,7.549509360414578e+03,1.764705882352941e+00,34806948
7.562948219282166e+03,7.557762649587967e+03,1.176470588235294e+00,34806961
7.562948219282166e+03,7.559723224807356e+03,5.882352941176471e-01,34806965
7.564227614081546e+03,7.562462908199193e+03,5.882352941176471e-01,34806966
7.565036493319127e+03,7.563271787436774e+03,5.882352941176471e-01,34806967
7.566276777238818e+03,7.564512071356465e+03,5.882352941176471e-01,34806968
7.570283217852655e+03,7.568518511970302e+03,5.882352941176471e-01,34806969
7.571127129231525e+03,7.569362423349172e+03,5.882352941176471e-01,34806970
7.572568682022004e+03,7.570803976139651e+03,5.882352941176471e-01,34806971
7.573598797143018e+03,7.571834091260665e+03,5.882352941176471e-01,34806972
7.573966453456046e+03,7.572201747573693e+03,5.882352941176471e-01,34806973
7.576098093786710e+03,7.572417128483779e+03,1.176470588235294e+00,34806974
7.576586915551125e+03,7.574822209668772e+03,5.882352941176471e-01,34806976
7.577817196296131e+03,7.575453157236303e+03,5.882352941176471e-01,34806977
7.580116327315830e+03,7.574242181158492e+03,1.764705882352941e+00,34806975
7.581346608060837e+03,7.575842784316679e+03,1.764705882352941e+00,34806978
7.582318811607428e+03,7.578789399842722e+03,1.176470588235294e+00,34806979
7.583771023528797e+03,7.580241611764091e+03,1.176470588235294e+00,34806980
7.585248800611907e+03,7.583484094729554e+03,5.882352941176471e-01,34806982
7.587774792052293e+03,7.582480674405234e+03,1.764705882352941e+00,34806981
7.587821930405033e+03,7.586057224522680e+03,5.882352941176471e-01,34806983
7.587918225948375e+03,7.586153520066022e+03,5.882352941176471e-01,34806984
7.589607692481475e+03,7.587842986599122e+03,5.882352941176471e-01,34806986
7.593109552274498e+03,7.587815434627439e+03,1.764705882352941e+00,34806985
7.593188260032907e+03,7.589658848268201e+03,1.176470588235294e+00,34806987
7.594874258156851e+03,7.592145046735646e+03,5.882352941176471e-01,34806989
7.595354081830113e+03,7.593589375947760e+03,5.882352941176471e-01,34806990
7.597417100942690e+03,7.592122983295631e+03,1.764705882352941e+00,34806988
7.598883493594819e+03,7.595351840645391e+03,1.176470588235294e+00,34806992
7.600168375803909e+03,7.594222055666724e+03,1.764705882352941e+00,34806991
7.602172993522894e+03,7.599976893558320e+03,5.882352941176471e-01,34806996
7.602172993522894e+03,7.599689671648190e+03,5.882352941176471e-01,34806995
7.602974585332845e+03,7.597680467685786e+03,1.764705882352941e+00,34806993
7.605702405287599e+03,7.598245995013775e+03,1.764705882352941e+00,34806994
7.606454236969964e+03,7.604689531087611e+03,5.882352941176471e-01,34806998
7.608135295238694e+03,7.602841177591635e+03,1.764705882352941e+00,34806997
7.609690808799008e+03,7.607926102916655e+03,5.882352941176471e-01,34807000
7.610831227854095e+03,7.609066521971742e+03,5.882352941176471e-01,34807001
7.611371290663341e+03,7.606077173016282e+03,1.764705882352941e+00,34806999
7.615784793566235e+03,7.614020087683882e+03,5.882352941176471e-01,34807003
7.615819383701042e+03,7.614054677818689e+03,5.882352941176471e-01,34807004
7.615935034654492e+03,7.610640917007433e+03,1.764705882352941e+00,34807002
7.617677351450454e+03,7.615912645568101e+03,5.882352941176471e-01,34807005
7.619369982776205e+03,7.617605276893852e+03,5.882352941176471e-01,34807006
7.620231927801915e+03,7.618467221919562e+03,5.882352941176471e-01,34807007
7.624574549987507e+03,7.619280432340448e+03,1.764705882352941e+00,34807008
7.626403397670882e+03,7.621109280023823e+03,1.764705882352941e+00,34807009
7.628119639953514e+03,7.626354934071161e+03,5.882352941176471e-01,34807010
7.629074920620391e+03,7.627310214738038e+03,5.882352941176471e-01,34807011
7.629498874587481e+03,7.627734168705128e+03,5.882352941176471e-01,34807012
7.630839626502744e+03,7.629016013403207e+03,5.882352941176471e-01,34807014
7.632200344990042e+03,7.628670933225336e+03,1.176470588235294e+00,34807013
7.634792992234540e+03,7.629437897882316e+03,1.764705882352941e+00,34807015
7.636632244702251e+03,7.634867538819898e+03,5.882352941176471e-01,34807017
7.637319777890309e+03,7.635555072007956e+03,5.882352941176471e-01,34807018
7.638053096188271e+03,7.636164830939642e+03,5.882352941176471e-01,34807019
7.638396950584603e+03,7.634523684423565e+03,1.176470588235294e+00,34807016
7.640770905889977e+03,7.639006200007624e+03,5.882352941176471e-01,34807020
7.641304194590909e+03,7.639539488708556e+03,5.882352941176471e-01,34807021
7.643105828847795e+03,7.641341122965442e+03,5.882352941176471e-01,34807023
7.643419966966415e+03,7.641655261084062e+03,5.882352941176471e-01,34807024
7.643464063547659e+03,7.639934651782953e+03,1.176470588235294e+00,34807022
7.645184672848768e+03,7.643354329808405e+03,5.882352941176471e-01,34807027
7.645745744199148e+03,7.643981038316795e+03,5.882352941176471e-01,34807028
7.647683577386030e+03,7.645918871503677e+03,5.882352941176471e-01,34807030
7.648714084613474e+03,7.642288942219080e+03,1.764705882352941e+00,34807025
7.649448283268383e+03,7.647147754062153e+03,5.882352941176471e-01,34807031
7.650288902857512e+03,7.644493089836696e+03,1.764705882352941e+00,34807029
7.650845889823281e+03,7.648161012496120e+03,5.882352941176471e-01,34807033
7.650845889823281e+03,7.647907232461295e+03,5.882352941176471e-01,34807032
7.655491864163793e+03,7.653727158281440e+03,5.882352941176471e-01,34807036
7.656033071550529e+03,7.653785906226429e+03,5.882352941176471e-01,34807037
7.656581150615146e+03,7.654503507157202e+03,5.882352941176471e-01,34807038
7.657797777432882e+03,7.655917711810338e+03,5.882352941176471e-01,34807039
7.659234199751771e+03,7.652503659785823e+03,1.764705882352941e+00,34807034
7.660896981459138e+03,7.659132275576785e+03,5.882352941176471e-01,34807040
7.662782014348898e+03,7.661017308466545e+03,5.882352941176471e-01,34807043
7.664939614503372e+03,7.663069333373998e+03,5.882352941176471e-01,34807045
7.665637658967923e+03,7.659669774175184e+03,1.764705882352941e+00,34807042
7.665637658967923e+03,7.659645496856314e+03,1.764705882352941e+00,34807041
7.666704320385725e+03,7.663683898161088e+03,5.882352941176471e-01,34807046
7.668469026268078e+03,7.666483319042448e+03,5.882352941176471e-01,34807048
7.669167070732629e+03,7.661062954498144e+03,1.764705882352941e+00,34807044
7.670233732150431e+03,7.668219730120213e+03,5.882352941176471e-01,34807051
7.672696482497335e+03,7.665659622944360e+03,1.764705882352941e+00,34807047
7.673116147120522e+03,7.667324288352907e+03,1.764705882352941e+00,34807049
7.674671020691281e+03,7.671572746759208e+03,5.882352941176471e-01,34807053
7.676435726573634e+03,7.672517429860036e+03,1.176470588235294e+00,34807054
7.676665635554172e+03,7.671371517907113e+03,1.764705882352941e+00,34807052
7.678469639034336e+03,7.676704933151983e+03,5.882352941176471e-01,34807055
7.680297841888961e+03,7.678533136006608e+03,5.882352941176471e-01,34807056
7.682603959532915e+03,7.680839253650562e+03,5.882352941176471e-01,34807058
7.683177796146846e+03,7.681413090264493e+03,5.882352941176471e-01,34807059
7.685597804178968e+03,7.683833098296615e+03,5.882352941176471e-01,34807061
7.686026426484231e+03,7.680732308837173e+03,1.764705882352941e+00,34807057
7.687512487856895e+03,7.685747781974542e+03,5.882352941176471e-01,34807062
7.688767241425186e+03,7.683473123778127e+03,1.764705882352941e+00,34807060
7.691594239522623e+03,7.686300121875564e+03,1.764705882352941e+00,34807063
7.691951118350519e+03,7.690186412468166e+03,5.882352941176471e-01,34807064
7.693390764585602e+03,7.690468071482809e+03,5.882352941176471e-01,34807066
7.693715824232871e+03,7.691657877883875e+03,5.882352941176471e-01,34807068
7.693955406704298e+03,7.690425994939593e+03,1.176470588235294e+00,34807065
7.697282190536724e+03,7.695517484654371e+03,5.882352941176471e-01,34807069
7.699076267080082e+03,7.697311561197729e+03,5.882352941176471e-01,34807070
7.700593871083617e+03,7.698829165201264e+03,5.882352941176471e-01,34807071
7.702797569004554e+03,7.701032863122201e+03,5.882352941176471e-01,34807073
7.704891893889825e+03,7.699597776242766e+03,1.764705882352941e+00,34807072
7.706270818737100e+03,7.703665337026799e+03,5.882352941176471e-01,34807076
7.706656599772177e+03,7.704740433411401e+03,5.882352941176471e-01,34807077
7.708421305654530e+03,7.706585770907184e+03,5.882352941176471e-01,34807078
7.709319390402849e+03,7.703544432656834e+03,1.764705882352941e+00,34807075
7.709319390402849e+03,7.702741406972394e+03,1.764705882352941e+00,34807074
7.710784734702429e+03,7.706717331862431e+03,5.882352941176471e-01,34807079
7.710784734702429e+03,7.707916625095340e+03,5.882352941176471e-01,34807081
7.712562593196675e+03,7.710797887314322e+03,5.882352941176471e-01,34807082
7.714314146467135e+03,7.706985381720554e+03,1.764705882352941e+00,34807080
7.715976231976389e+03,7.714211526094036e+03,5.882352941176471e-01,34807083
7.716786315467887e+03,7.715021609585534e+03,5.882352941176471e-01,34807085
7.718511154179519e+03,7.716252670321468e+03,5.882352941176471e-01,34807090
7.718511154179519e+03,7.716078292048968e+03,5.882352941176471e-01,34807089
7.721689477808029e+03,7.715165069209227e+03,1.764705882352941e+00,34807086
7.721689477808029e+03,7.714902008073373e+03,1.764705882352941e+00,34807084
7.722764447139496e+03,7.720999741257143e+03,5.882352941176471e-01,34807092
7.723454183690382e+03,7.721218532927812e+03,5.882352941176471e-01,34807093
7.723975436208321e+03,7.722210730325968e+03,5.882352941176471e-01,34807094
7.724577050033242e+03,7.722812344150889e+03,5.882352941176471e-01,34807095
7.726512528234908e+03,7.724747822352555e+03,5.882352941176471e-01,34807097
7.726546686648417e+03,7.724781980766064e+03,5.882352941176471e-01,34807098
7.729446826822590e+03,7.724152709175531e+03,1.764705882352941e+00,34807096
7.730041939999614e+03,7.726376513056572e+03,1.176470588235294e+00,34807099
7.732345667470109e+03,7.730580961587757e+03,5.882352941176471e-01,34807100
7.733467052552939e+03,7.731702346670586e+03,5.882352941176471e-01,34807101
7.733854544543982e+03,7.732089838661629e+03,5.882352941176471e-01,34807102
7.735725757323881e+03,7.733961051441528e+03,5.882352941176471e-01,34807103
7.735897727976978e+03,7.734133022094625e+03,5.882352941176471e-01,34807104
7.736010515796441e+03,7.734245809914088e+03,5.882352941176471e-01,34807105
7.737574128731347e+03,7.735490208167097e+03,5.882352941176471e-01,34807106
7.739573361591804e+03,7.737808655709452e+03,5.882352941176471e-01,34807109
7.741191845624037e+03,7.735893088374106e+03,1.764705882352941e+00,34807108
7.741433612606038e+03,7.739668906723685e+03,5.882352941176471e-01,34807111
7.742956551506390e+03,7.740880349647555e+03,5.882352941176471e-01,34807112
7.744203653839970e+03,7.738909536192911e+03,1.764705882352941e+00,34807110
7.744649747394062e+03,7.742885041511710e+03,5.882352941176471e-01,34807113
7.746444112301768e+03,7.744679406419416e+03,5.882352941176471e-01,34807115
7.746879812237899e+03,7.745115106355546e+03,5.882352941176471e-01,34807116
7.749065242234676e+03,7.743771124587617e+03,1.764705882352941e+00,34807114
7.751780842508781e+03,7.750016136626428e+03,5.882352941176471e-01,34807118
7.753121595138728e+03,7.751356889256375e+03,5.882352941176471e-01,34807119
7.753618495153172e+03,7.748324377506113e+03,1.764705882352941e+00,34807117
7.754335200167235e+03,7.752570494284882e+03,5.882352941176471e-01,34807120
7.755134751028303e+03,7.752750341939659e+03,5.882352941176471e-01,34807121
7.756099906049588e+03,7.753775195250954e+03,5.882352941176471e-01,34807123
7.757466372218267e+03,7.755701666335914e+03,5.882352941176471e-01,34807124
7.758664162793008e+03,7.753057811658063e+03,1.764705882352941e+00,34807122
7.761886775179559e+03,7.760122069297206e+03,5.882352941176471e-01,34807125
7.766250706320466e+03,7.764279074110456e+03,5.882352941176471e-01,34807130
7.766879413075210e+03,7.761107000987996e+03,1.764705882352941e+00,34807127
7.766879413075210e+03,7.760956588673408e+03,1.764705882352941e+00,34807126
7.770408824839916e+03,7.762125781854653e+03,1.764705882352941e+00,34807129
7.770408824839916e+03,7.762063589868306e+03,1.764705882352941e+00,34807128
7.771802852364418e+03,7.768436574208760e+03,5.882352941176471e-01,34807133
7.772173530722269e+03,7.770124155947696e+03,5.882352941176471e-01,34807137
7.773938236604622e+03,7.771866547357752e+03,5.882352941176471e-01,34807138
7.774635250366873e+03,7.767312715396253e+03,1.764705882352941e+00,34807132
7.774635250366873e+03,7.765274908773080e+03,1.764705882352941e+00,34807131
7.775922233586358e+03,7.772364730376264e+03,5.882352941176471e-01,34807139
7.776399956249226e+03,7.774230624737132e+03,5.882352941176471e-01,34807143
7.776499513921361e+03,7.774734808039008e+03,5.882352941176471e-01,34807144
7.778164662131579e+03,7.776383150631937e+03,5.882352941176471e-01,34807148
7.779557888721443e+03,7.777793182839090e+03,5.882352941176471e-01,34807149
7.779800101186977e+03,7.778035395304624e+03,5.882352941176471e-01,34807150
7.781652896090757e+03,7.775249591811171e+03,1.764705882352941e+00,34807145
7.781877020743013e+03,7.780112314860660e+03,5.882352941176471e-01,34807152
7.783510235485390e+03,7.781745529603037e+03,5.882352941176471e-01,34807153
7.784903041112469e+03,7.779608923465410e+03,1.764705882352941e+00,34807151
7.785495725115069e+03,7.783731019232716e+03,5.882352941176471e-01,34807155
7.788007950418586e+03,7.786243244536233e+03,5.882352941176471e-01,34807157
7.788523149756013e+03,7.783229032108955e+03,1.764705882352941e+00,34807154
7.790197158759528e+03,7.783949770683254e+03,1.764705882352941e+00,34807156
7.791855739027233e+03,7.789632410121543e+03,5.882352941176471e-01,34807162
7.791855739027233e+03,7.789240502343518e+03,5.882352941176471e-01,34807161
7.793713889086493e+03,7.791294629892361e+03,5.882352941176471e-01,34807163
7.794368790855678e+03,7.786919048509855e+03,1.764705882352941e+00,34807158
7.795750636722467e+03,7.792136071557954e+03,5.882352941176471e-01,34807166
7.797515342604820e+03,7.794433065550788e+03,5.882352941176471e-01,34807171
7.798202816969533e+03,7.796438111087180e+03,5.882352941176471e-01,34807173
7.799967522851886e+03,7.798054510816552e+03,5.882352941176471e-01,34807174
7.801122938990387e+03,7.792242362334941e+03,1.764705882352941e+00,34807167
7.801122938990387e+03,7.791423385676945e+03,1.764705882352941e+00,34807164
7.801813188271650e+03,7.798744152935228e+03,5.882352941176471e-01,34807175
7.803073474199563e+03,7.800088962158003e+03,5.882352941176471e-01,34807178
7.803577894154003e+03,7.801680426970857e+03,5.882352941176471e-01,34807181
7.805140832054580e+03,7.802113258285529e+03,5.882352941176471e-01,34807182
7.805140832054580e+03,7.802527254468346e+03,5.882352941176471e-01,34807183
7.805140832054580e+03,7.802706863192298e+03,5.882352941176471e-01,34807184
7.806905537936933e+03,7.804900318050907e+03,5.882352941176471e-01,34807188
7.808814330928337e+03,7.806243323770831e+03,5.882352941176471e-01,34807190
7.808958418037389e+03,7.795619766843840e+03,1.764705882352941e+00,34807172
7.810579036810690e+03,7.807973645626561e+03,5.882352941176471e-01,34807194
7.810579036810690e+03,7.807819138791160e+03,5.882352941176471e-01,34807193
7.810723123919742e+03,7.808823884942145e+03,5.882352941176471e-01,34807195
7.812343742693043e+03,7.810258726819350e+03,5.882352941176471e-01,34807197
7.812343742693043e+03,7.809768807133157e+03,5.882352941176471e-01,34807196
7.814108448575396e+03,7.811390377317907e+03,5.882352941176471e-01,34807199
7.814485842442717e+03,7.804077286766914e+03,1.764705882352941e+00,34807187
7.815873154457749e+03,7.812518371086503e+03,5.882352941176471e-01,34807200
7.817637860340102e+03,7.814010593756801e+03,1.176470588235294e+00,34807201
7.817865718313055e+03,7.816101012430703e+03,5.882352941176471e-01,34807202
7.818015254207423e+03,7.811189737436280e+03,1.764705882352941e+00,34807198
7.821673266029046e+03,7.819908560146693e+03,5.882352941176471e-01,34807203
7.822022953025301e+03,7.820258247142948e+03,5.882352941176471e-01,34807204
7.822359467415192e+03,7.820594761532839e+03,5.882352941176471e-01,34807205
7.827571772857063e+03,7.825807066974710e+03,5.882352941176471e-01,34807209
7.828802027097434e+03,7.823507909450375e+03,1.764705882352941e+00,34807206
7.828852570120641e+03,7.823558452473583e+03,1.764705882352941e+00,34807207
7.830566732979787e+03,7.828374383196346e+03,5.882352941176471e-01,34807211
7.830615012233593e+03,7.824040097322955e+03,1.176470588235294e+00,34807208
7.831101184621769e+03,7.825866167670722e+03,1.176470588235294e+00,34807210
7.832331438862140e+03,7.830445169584264e+03,5.882352941176471e-01,34807212
7.835722046461103e+03,7.833957340578750e+03,5.882352941176471e-01,34807214
7.836790356874121e+03,7.831496239227063e+03,1.764705882352941e+00,34807213
7.836826948603101e+03,7.835062242720748e+03,5.882352941176471e-01,34807215
7.838015426972283e+03,7.835424181682608e+03,5.882352941176471e-01,34807216
7.838758156650855e+03,7.836993450768502e+03,5.882352941176471e-01,34807219
7.839780132854636e+03,7.837525308547214e+03,5.882352941176471e-01,34807220
7.842084474521180e+03,7.836779395718758e+03,1.764705882352941e+00,34807218
7.846299269648442e+03,7.841005152001383e+03,1.764705882352941e+00,34807221
7.846731962100575e+03,7.841437844453517e+03,1.764705882352941e+00,34807222
7.847856964700853e+03,7.844645022905029e+03,5.882352941176471e-01,34807225
7.851386376465558e+03,7.849310695450533e+03,5.882352941176471e-01,34807230
7.851784173416576e+03,7.844156849580616e+03,1.764705882352941e+00,34807224
7.851784173416576e+03,7.843913531276262e+03,1.764705882352941e+00,34807223
7.853449430061174e+03,7.849795434415403e+03,5.882352941176471e-01,34807231
7.853449430061174e+03,7.850504869809978e+03,5.882352941176471e-01,34807232
7.853449430061174e+03,7.850768673233572e+03,5.882352941176471e-01,34807233
7.855214135943527e+03,7.852860011804740e+03,5.882352941176471e-01,34807235
7.856978841825880e+03,7.847043743340494e+03,1.764705882352941e+00,34807229
7.856978841825880e+03,7.846339483003326e+03,1.764705882352941e+00,34807227
7.858155312414116e+03,7.854504870789583e+03,5.882352941176471e-01,34807236
7.858155312414116e+03,7.854999053708933e+03,5.882352941176471e-01,34807237
7.859920018296469e+03,7.857945752368892e+03,5.882352941176471e-01,34807239
7.861684724178822e+03,7.855177486075475e+03,1.764705882352941e+00,34807238
7.863449430061174e+03,7.859751984260244e+03,1.176470588235294e+00,34807241
7.864431204733203e+03,7.859137087086144e+03,1.764705882352941e+00,34807240
7.865399927951329e+03,7.863136384950071e+03,5.882352941176471e-01,34807244
7.867181910955238e+03,7.865417205072885e+03,5.882352941176471e-01,34807247
7.867342722116276e+03,7.865578016233923e+03,5.882352941176471e-01,34807248
7.867960616497909e+03,7.865741942210519e+03,5.882352941176471e-01,34807249
7.869725322380262e+03,7.867451387211959e+03,5.882352941176471e-01,34807251
7.870828783726748e+03,7.861122622096352e+03,1.764705882352941e+00,34807242
7.871726469325958e+03,7.869961763443605e+03,5.882352941176471e-01,34807253
7.873491175208311e+03,7.871503997966567e+03,5.882352941176471e-01,34807254
7.874181244456380e+03,7.866654944485884e+03,1.764705882352941e+00,34807250
7.874181244456380e+03,7.864006806084578e+03,1.764705882352941e+00,34807246
7.875945950338733e+03,7.873729154734494e+03,5.882352941176471e-01,34807256
7.878079012396537e+03,7.876314306514184e+03,5.882352941176471e-01,34807259
7.878656793317290e+03,7.868491345105685e+03,1.764705882352941e+00,34807252
7.879659540191165e+03,7.877493514487601e+03,5.882352941176471e-01,34807261
7.879659540191165e+03,7.876816597422981e+03,5.882352941176471e-01,34807260
7.880802944317895e+03,7.873019313921312e+03,1.176470588235294e+00,34807255
7.882567650200247e+03,7.879944034786295e+03,5.882352941176470e-01,34807262
7.882567650200247e+03,7.874309743994460e+03,1.764705882352941e+00,34807257
7.883188951955871e+03,7.875340112959000e+03,1.764705882352941e+00,34807258
7.884332356082600e+03,7.882551641896133e+03,5.882352941176471e-01,34807263
7.884953657838223e+03,7.882806297547827e+03,5.882352941176471e-01,34807265
7.888043710701270e+03,7.882749593054211e+03,1.764705882352941e+00,34807264
7.889746244022413e+03,7.884452126375354e+03,1.764705882352941e+00,34807266
7.890247775485282e+03,7.884690327608695e+03,1.764705882352941e+00,34807267
7.891686097499130e+03,7.889921391616777e+03,5.882352941176471e-01,34807271
7.891866028400415e+03,7.889941323345553e+03,5.882352941176471e-01,34807272
7.892143905674612e+03,7.890379199792259e+03,5.882352941176471e-01,34807273
7.895084084956859e+03,7.887007032187201e+03,1.764705882352941e+00,34807268
7.895403843132882e+03,7.893639137250529e+03,5.882352941176471e-01,34807274
7.900051287574076e+03,7.898286581691723e+03,5.882352941176471e-01,34807276
7.900090663403382e+03,7.894796545756323e+03,1.764705882352941e+00,34807275
7.901321286577183e+03,7.899556580694830e+03,5.882352941176471e-01,34807277
7.901892512149172e+03,7.900127806266819e+03,5.882352941176471e-01,34807278
7.906104069896030e+03,7.900809952248971e+03,1.764705882352941e+00,34807279
7.906615404224242e+03,7.901017103621065e+03,1.764705882352941e+00,34807280
7.907799375889020e+03,7.902505258241961e+03,1.764705882352941e+00,34807281
7.907868775778383e+03,7.905199040061119e+03,5.882352941176471e-01,34807282
7.910739432798150e+03,7.908974726915797e+03,5.882352941176471e-01,34807285
7.911982601435918e+03,7.906688483788860e+03,1.764705882352941e+00,34807283
7.912504138680503e+03,7.910733320340624e+03,5.882352941176471e-01,34807286
7.913093493536079e+03,7.907754352658317e+03,1.764705882352941e+00,34807284
7.915675845811857e+03,7.912146434047151e+03,1.176470588235294e+00,34807287
7.916291205896829e+03,7.912761794132123e+03,1.176470588235294e+00,34807288
7.917498286253590e+03,7.915733580371237e+03,5.882352941176471e-01,34807290
7.918548597552290e+03,7.915019185787584e+03,1.176470588235294e+00,34807289
7.921315136995167e+03,7.919550431112814e+03,5.882352941176471e-01,34807291
7.923295472881528e+03,7.921530766999175e+03,5.882352941176471e-01,34807293
7.925699570637060e+03,7.920405452990002e+03,1.764705882352941e+00,34807292
7.927272046274116e+03,7.925507340391763e+03,5.882352941176471e-01,34807296
7.928904927625582e+03,7.925827919314112e+03,5.882352941176471e-01,34807297
7.929186672630537e+03,7.923700324738180e+03,1.764705882352941e+00,34807294
7.930801458038822e+03,7.925375515860876e+03,1.764705882352941e+00,34807295
7.933408934150649e+03,7.929879522385943e+03,1.176470588235294e+00,34807300
7.934264957538084e+03,7.928379919183467e+03,1.764705882352941e+00,34807298
7.935608903375591e+03,7.932955882755823e+03,5.882352941176471e-01,34807302
7.937373609257944e+03,7.935491197804202e+03,5.882352941176471e-01,34807306
7.937373609257944e+03,7.935219577769609e+03,5.882352941176471e-01,34807305
7.937794369302790e+03,7.932297123282179e+03,1.764705882352941e+00,34807301
7.939278568488579e+03,7.936054751974433e+03,5.882352941176471e-01,34807307
7.939278568488579e+03,7.936975952059666e+03,5.882352941176471e-01,34807308
7.939278568488579e+03,7.937097931605841e+03,5.882352941176471e-01,34807309
7.942328572939208e+03,7.940563867056855e+03,5.882352941176471e-01,34807310
7.942807980253285e+03,7.933033714130055e+03,1.764705882352941e+00,34807303
7.944286066063192e+03,7.942521360180839e+03,5.882352941176471e-01,34807312
7.945963534282879e+03,7.944198828400526e+03,5.882352941176471e-01,34807313
7.946440038320025e+03,7.941145920672966e+03,1.764705882352941e+00,34807311
7.947665050666734e+03,7.945900344784381e+03,5.882352941176471e-01,34807314
7.948318312976225e+03,7.946553607093872e+03,5.882352941176471e-01,34807315
7.950083018858578e+03,7.947959774102170e+03,5.882352941176471e-01,34807320
7.951390944721730e+03,7.948676287732586e+03,5.882352941176471e-01,34807321
7.951847724740931e+03,7.949768669307627e+03,5.882352941176471e-01,34807322
7.951865864075361e+03,7.946571746428303e+03,1.764705882352941e+00,34807316
7.953612430623284e+03,7.951642301640185e+03,5.882352941176471e-01,34807324
7.954920356486436e+03,7.950459496147995e+03,1.176470588235294e+00,34807323
7.955395275840067e+03,7.946860561288173e+03,1.764705882352941e+00,34807317
7.962748386533920e+03,7.960983680651567e+03,5.882352941176471e-01,34807325
7.969719109508717e+03,7.964424991861658e+03,1.764705882352941e+00,34807326
7.970037381513240e+03,7.968272675630887e+03,5.882352941176471e-01,34807327
7.970191451522146e+03,7.968426745639793e+03,5.882352941176471e-01,34807328
7.973407175343362e+03,7.969877763578656e+03,1.176470588235294e+00,34807329
7.975592232257612e+03,7.970298114610554e+03,1.764705882352941e+00,34807330
7.977108619521943e+03,7.974208245424445e+03,5.882352941176471e-01,34807333
7.977280651935818e+03,7.971986534288760e+03,1.764705882352941e+00,34807331
7.977357311792658e+03,7.975592605910305e+03,5.882352941176471e-01,34807335
7.978959341611234e+03,7.976156771228346e+03,5.882352941176471e-01,34807337
7.978959341611234e+03,7.975800036742525e+03,5.882352941176471e-01,34807336
7.979121644022318e+03,7.973357388026600e+03,1.176470588235294e+00,34807332
7.980724047493587e+03,7.978886702905845e+03,5.882352941176471e-01,34807339
7.984253459258292e+03,7.978055023964493e+03,1.764705882352941e+00,34807338
7.985215247709660e+03,7.979921130062601e+03,1.764705882352941e+00,34807340
7.987067411601984e+03,7.985302705719632e+03,5.882352941176471e-01,34807344
7.987281236055616e+03,7.982074576418529e+03,1.176470588235294e+00,34807341
7.990072200136021e+03,7.984164562245584e+03,1.764705882352941e+00,34807343
7.990072200136021e+03,7.983014177131768e+03,1.764705882352941e+00,34807342
7.991705406172534e+03,7.988698427565286e+03,5.882352941176471e-01,34807346
7.991836906018374e+03,7.988175994407828e+03,1.176470588235294e+00,34807345
7.996609319754053e+03,7.994844613871700e+03,5.882352941176471e-01,34807347
7.998475013759328e+03,7.996710307876975e+03,5.882352941176471e-01,34807349
7.998508131764585e+03,7.996743425882232e+03,5.882352941176471e-01,34807350
7.999023761381068e+03,7.997091090266163e+03,5.882352941176471e-01,34807351
8.001093713326265e+03,7.999329007443913e+03,5.882352941176471e-01,34807352
8.002004425524034e+03,7.995494349616362e+03,1.764705882352941e+00,34807348
8.003655014190243e+03,8.001890308307890e+03,5.882352941176471e-01,34807353
8.003824204940143e+03,8.002059499057790e+03,5.882352941176471e-01,34807354
8.009419180537393e+03,8.005889768772687e+03,1.176470588235294e+00,34807356
8.009636729707303e+03,8.007872023824950e+03,5.882352941176471e-01,34807357
8.009970417569555e+03,8.004676299922496e+03,1.764705882352941e+00,34807355
8.014782767699243e+03,8.009488650052184e+03,1.764705882352941e+00,34807358
8.017646400825788e+03,8.015744447326251e+03,5.882352941176471e-01,34807362
8.018312179463949e+03,8.012352283178729e+03,1.764705882352941e+00,34807359
8.019006471376850e+03,8.013712353729792e+03,1.764705882352941e+00,34807360
8.019910440686762e+03,8.016581353164911e+03,5.882352941176471e-01,34807364
8.019910440686762e+03,8.016071826385907e+03,5.882352941176471e-01,34807363
8.022535883141556e+03,8.013985495144456e+03,1.764705882352941e+00,34807361
8.024310973005021e+03,8.022546267122668e+03,5.882352941176471e-01,34807369
8.025204558333821e+03,8.019170495946341e+03,1.764705882352941e+00,34807367
8.026414087245277e+03,8.021119969598218e+03,1.764705882352941e+00,34807368
8.026969264216174e+03,8.025045032219670e+03,5.882352941176471e-01,34807372
8.029943499009983e+03,8.023927548660593e+03,1.764705882352941e+00,34807370
8.031539000713384e+03,8.025275695926276e+03,1.764705882352941e+00,34807373
8.031708204892336e+03,8.029514351976275e+03,5.882352941176471e-01,34807375
8.033229308507628e+03,8.028653974618252e+03,1.176470588235294e+00,34807374
8.035787196235773e+03,8.030493078588714e+03,1.764705882352941e+00,34807376
8.037837009004756e+03,8.036072303122403e+03,5.882352941176471e-01,34807379
8.038740493076169e+03,8.036516316766165e+03,5.882352941176471e-01,34807380
8.039413596796738e+03,8.034119479149679e+03,1.764705882352941e+00,34807377
8.040053456922815e+03,8.037469605790035e+03,5.882352941176471e-01,34807382
8.041604876096476e+03,8.038917035728420e+03,5.882352941176471e-01,34807383
8.041604876096476e+03,8.038985503154570e+03,5.882352941176471e-01,34807385
8.043369581978829e+03,8.035211081311463e+03,1.176470588235294e+00,34807378
8.045134287861182e+03,8.038961915485772e+03,1.764705882352941e+00,34807384
8.045134287861182e+03,8.037159131610057e+03,1.764705882352941e+00,34807381
8.046898993743535e+03,8.042100843251119e+03,1.176470588235294e+00,34807386
8.048663699625888e+03,8.043386285204820e+03,1.176470588235294e+00,34807387
8.050428405508241e+03,8.048441743392321e+03,5.882352941176471e-01,34807390
8.050826527840493e+03,8.045532410193434e+03,1.764705882352941e+00,34807388
8.052193111390594e+03,8.049426717993005e+03,5.882352941176470e-01,34807391
8.052193111390594e+03,8.046221427157975e+03,1.764705882352941e+00,34807389
8.053184608458708e+03,8.051419902576355e+03,5.882352941176471e-01,34807392
8.056620984194605e+03,8.054856278312252e+03,5.882352941176471e-01,34807395
8.057568196063068e+03,8.052274078416009e+03,1.764705882352941e+00,34807393
8.058362972152234e+03,8.053068854505176e+03,1.764705882352941e+00,34807394
8.058767360053763e+03,8.057002654171410e+03,5.882352941176471e-01,34807396
8.059730289990004e+03,8.057042626966650e+03,5.882352941176471e-01,34807397
8.060796029476038e+03,8.058515273659479e+03,5.882352941176471e-01,34807399
8.063259701754710e+03,8.057074465393103e+03,1.764705882352941e+00,34807398
8.064753292279941e+03,8.061930068761850e+03,5.882352941176471e-01,34807404
8.064753292279941e+03,8.061726046219989e+03,5.882352941176471e-01,34807403
8.065024407637063e+03,8.059295287133608e+03,1.764705882352941e+00,34807401
8.066608369948001e+03,8.064523386802663e+03,5.882352941176471e-01,34807406
8.066608369948001e+03,8.064717879597026e+03,5.882352941176471e-01,34807407
8.068373075830354e+03,8.065127820407076e+03,5.882352941176471e-01,34807408
8.068373075830354e+03,8.065301909255809e+03,5.882352941176471e-01,34807409
8.068373075830354e+03,8.065627603815864e+03,5.882352941176471e-01,34807410
8.070137781712707e+03,8.067290680290272e+03,5.882352941176471e-01,34807412
8.070137781712707e+03,8.066958465169278e+03,5.882352941176471e-01,34807411
8.071020134653884e+03,8.063406583722227e+03,1.176470588235294e+00,34807405
8.072544628792151e+03,8.070779922909798e+03,5.882352941176471e-01,34807413
8.072784840536237e+03,8.060952765158114e+03,1.764705882352941e+00,34807402
8.073427921399421e+03,8.071663215517068e+03,5.882352941176471e-01,34807414
8.075051088174459e+03,8.073286382292107e+03,5.882352941176471e-01,34807415
8.075372766830158e+03,8.073608060947805e+03,5.882352941176471e-01,34807416
8.076967805429231e+03,8.074480016723881e+03,5.882352941176471e-01,34807418
8.077627917613871e+03,8.075454891631864e+03,5.882352941176471e-01,34807421
8.078732511311584e+03,8.076766595284721e+03,5.882352941176471e-01,34807422
8.080924700376844e+03,8.079159994494491e+03,5.882352941176471e-01,34807425
8.081586451819425e+03,8.074098505849165e+03,1.764705882352941e+00,34807417
8.083230073980265e+03,8.078650424910640e+03,1.176470588235294e+00,34807424
8.083933075474089e+03,8.077301735127584e+03,1.764705882352941e+00,34807423
8.084854918529433e+03,8.082180945851692e+03,5.882352941176471e-01,34807428
8.087462487238795e+03,8.081045784098357e+03,1.764705882352941e+00,34807426
8.087594199587798e+03,8.085829493705445e+03,5.882352941176471e-01,34807430
8.088384330294139e+03,8.081847209099521e+03,1.764705882352941e+00,34807427
8.092549295319262e+03,8.087725532960722e+03,1.176470588235294e+00,34807434
8.094314001201615e+03,8.087243357824142e+03,1.764705882352941e+00,34807432
8.094314001201615e+03,8.087124723932101e+03,1.764705882352941e+00,34807431
8.096078707083968e+03,8.093690925696122e+03,5.882352941176471e-01,34807439
8.097843412966321e+03,8.094644327904204e+03,5.882352941176471e-01,34807443
8.099608118848674e+03,8.096934016071706e+03,5.882352941176471e-01,34807444
8.100249600589478e+03,8.088761273056121e+03,1.764705882352941e+00,34807437
8.101586651977961e+03,8.098108742749228e+03,5.882352941176471e-01,34807446
8.103879654787085e+03,8.102114948904733e+03,5.882352941176471e-01,34807451
8.105644360669438e+03,8.103414460812934e+03,5.882352941176471e-01,34807453
8.106796022607792e+03,8.094466030428833e+03,1.764705882352941e+00,34807442
8.107144918088406e+03,8.104351762110528e+03,5.882352941176471e-01,34807455
8.107144918088406e+03,8.103922637890800e+03,5.882352941176471e-01,34807454
8.108560728490145e+03,8.105805019667935e+03,5.882352941176471e-01,34807456
8.109381560771339e+03,8.103004090319331e+03,1.176470588235294e+00,34807452
8.111146266653691e+03,8.101281547685965e+03,1.764705882352941e+00,34807450
8.111146266653691e+03,8.100820397034191e+03,1.764705882352941e+00,34807449
8.111169277428696e+03,8.109065286442491e+03,5.882352941176471e-01,34807457
8.112918642794379e+03,8.109427582321348e+03,5.882352941176471e-01,34807459
8.112918642794379e+03,8.111122580503984e+03,5.882352941176471e-01,34807461
8.114717239791726e+03,8.111298524291361e+03,5.882352941176471e-01,34807462
8.116481945674079e+03,8.113003370581865e+03,5.882352941176471e-01,34807467
8.116481945674079e+03,8.113461034940047e+03,5.882352941176471e-01,34807468
8.116481945674079e+03,8.114451617345308e+03,5.882352941176471e-01,34807469
8.118246651556432e+03,8.115536555379461e+03,5.882352941176471e-01,34807471
8.120173492678862e+03,8.117587978859454e+03,5.882352941176471e-01,34807473
8.120173492678862e+03,8.116968351394310e+03,5.882352941176471e-01,34807472
8.120335627918939e+03,8.111021606745128e+03,1.764705882352941e+00,34807460
8.122019266181253e+03,8.118599838479968e+03,5.882352941176471e-01,34807476
8.122019266181253e+03,8.118965194135173e+03,5.882352941176471e-01,34807477
8.122019266181253e+03,8.119605693770425e+03,5.882352941176471e-01,34807478
8.123783972063606e+03,8.121697911376726e+03,5.882352941176471e-01,34807481
8.125548677945959e+03,8.122364926232638e+03,5.882352941176471e-01,34807483
8.127313383828312e+03,8.115248301102326e+03,1.764705882352941e+00,34807470
8.129078089710665e+03,8.126476214045389e+03,5.882352941176471e-01,34807486
8.129696447110285e+03,8.120786094461928e+03,1.764705882352941e+00,34807480
8.130842795593018e+03,8.127568375006514e+03,5.882352941176471e-01,34807487
8.130842795593018e+03,8.124203596695532e+03,1.764705882352941e+00,34807485
8.133702527145320e+03,8.131937821262967e+03,5.882352941176471e-01,34807488
8.135114008284203e+03,8.133349302401850e+03,5.882352941176471e-01,34807489
8.135331744761186e+03,8.133567038878833e+03,5.882352941176471e-01,34807490
8.136666545624504e+03,8.134901839742151e+03,5.882352941176471e-01,34807491
8.137555304632000e+03,8.135790598749647e+03,5.882352941176471e-01,34807492
8.139934369624539e+03,8.138169663742186e+03,5.882352941176471e-01,34807493
8.140497431157380e+03,8.138732725275028e+03,5.882352941176471e-01,34807494
8.140917149812378e+03,8.139152443930025e+03,5.882352941176471e-01,34807495
8.141699075506892e+03,8.139678606085182e+03,5.882352941176471e-01,34807496
8.142484705268018e+03,8.140719999385665e+03,5.882352941176471e-01,34807497
8.143678258310014e+03,8.141913552427661e+03,5.882352941176471e-01,34807498
8.145160250242634e+03,8.143395544360281e+03,5.882352941176471e-01,34807500
8.147809133688130e+03,8.142515016041071e+03,1.764705882352941e+00,34807499
8.148913257612888e+03,8.146883062652112e+03,5.882352941176471e-01,34807503
8.151030060801936e+03,8.149265354919583e+03,5.882352941176471e-01,34807504
8.151282303104257e+03,8.145931943108619e+03,1.764705882352941e+00,34807502
8.151282303104257e+03,8.145383845848182e+03,1.764705882352941e+00,34807501
8.152794766684289e+03,8.149885176534907e+03,5.882352941176471e-01,34807505
8.156001717931872e+03,8.154237012049519e+03,5.882352941176471e-01,34807507
8.159452712241641e+03,8.154158594594582e+03,1.764705882352941e+00,34807506
8.161217418123994e+03,8.159076248188496e+03,5.882352941176471e-01,34807510
8.162246479576110e+03,8.156952361929051e+03,1.764705882352941e+00,34807508
8.162836386052435e+03,8.160401834432712e+03,5.882352941176471e-01,34807512
8.162836386052435e+03,8.159679465799981e+03,5.882352941176471e-01,34807511
8.164011185458463e+03,8.161963781031610e+03,5.882352941176471e-01,34807514
8.164601091934788e+03,8.162405895185147e+03,5.882352941176471e-01,34807515
8.165807701237292e+03,8.164042995354939e+03,5.882352941176471e-01,34807516
8.166365797817141e+03,8.164499821952343e+03,5.882352941176470e-01,34807517
8.166365797817141e+03,8.159015498379906e+03,1.764705882352941e+00,34807509
8.167944471506211e+03,8.164648777401707e+03,5.882352941176471e-01,34807518
8.167944471506211e+03,8.164714514907190e+03,5.882352941176471e-01,34807519
8.167944471506211e+03,8.164763064356314e+03,5.882352941176471e-01,34807520
8.173238589153270e+03,8.167375923109870e+03,1.764705882352941e+00,34807521
8.174289008994209e+03,8.168994891347150e+03,1.764705882352941e+00,34807522
8.176459007995397e+03,8.174694302113044e+03,5.882352941176471e-01,34807525
8.178223713877749e+03,8.176365557385949e+03,5.882352941176471e-01,34807527
8.178842980343347e+03,8.176646860123082e+03,5.882352941176471e-01,34807528
8.179470128035657e+03,8.173407967326266e+03,1.764705882352941e+00,34807523
8.183258685662585e+03,8.175313568578641e+03,1.764705882352941e+00,34807526
8.183258685662585e+03,8.174316905758620e+03,1.764705882352941e+00,34807524
8.184727960360094e+03,8.180793331900695e+03,5.882352941176471e-01,34807532
8.184727960360094e+03,8.182172901819651e+03,5.882352941176471e-01,34807534
8.186492666242447e+03,8.183943174985408e+03,5.882352941176471e-01,34807535
8.186752271214483e+03,8.184987565332130e+03,5.882352941176471e-01,34807536
8.187141538121228e+03,8.177344001936362e+03,1.176470588235294e+00,34807529
8.188430442106157e+03,8.185894298410008e+03,5.882352941176471e-01,34807538
8.189260569359936e+03,8.187495863477583e+03,5.882352941176471e-01,34807540
8.191959853870863e+03,8.185679657855814e+03,1.764705882352941e+00,34807537
8.193563478959464e+03,8.191237453221892e+03,5.882352941176471e-01,34807544
8.193595558278330e+03,8.187682437966567e+03,1.176470588235294e+00,34807541
8.193853561228102e+03,8.191982945712879e+03,5.882352941176471e-01,34807545
8.196178033310218e+03,8.190034067194758e+03,1.176470588235294e+00,34807542
8.197114276936747e+03,8.194973093627628e+03,5.882352941176471e-01,34807549
8.197528508064659e+03,8.193267843193771e+03,1.176470588235294e+00,34807547
8.197528508064659e+03,8.193241249738999e+03,1.176470588235294e+00,34807546
8.199293213947012e+03,8.197374504858099e+03,5.882352941176471e-01,34807551
8.199656405276488e+03,8.197891699394135e+03,5.882352941176471e-01,34807552
8.201822438733549e+03,8.200057732851196e+03,5.882352941176471e-01,34807553
8.202408394583806e+03,8.196837107523406e+03,1.764705882352941e+00,34807550
8.202491744232837e+03,8.200727038350484e+03,5.882352941176471e-01,34807554
8.203587144615902e+03,8.201784942885457e+03,5.882352941176471e-01,34807555
8.205683716302289e+03,8.203919010419936e+03,5.882352941176471e-01,34807556
8.205822238483657e+03,8.204057532601305e+03,5.882352941176471e-01,34807557
8.207849246498699e+03,8.206084540616346e+03,5.882352941176471e-01,34807559
8.208749266887841e+03,8.206271425407531e+03,5.882352941176471e-01,34807561
8.210655171996651e+03,8.208890466114298e+03,5.882352941176471e-01,34807562
8.211378658263405e+03,8.205219855123135e+03,1.764705882352941e+00,34807558
8.211532714107098e+03,8.206238596460039e+03,1.764705882352941e+00,34807560
8.212781621012381e+03,8.210615905025873e+03,5.882352941176471e-01,34807564
8.212781621012381e+03,8.210115287424027e+03,5.882352941176471e-01,34807563
8.214962831758288e+03,8.213198125875935e+03,5.882352941176471e-01,34807566
8.216678073636799e+03,8.214913367754446e+03,5.882352941176471e-01,34807567
8.217714567567922e+03,8.212420449920863e+03,1.764705882352941e+00,34807565
8.219333691798389e+03,8.216975289451463e+03,5.882352941176471e-01,34807570
8.221098397680742e+03,8.219129719285967e+03,5.882352941176471e-01,34807572
8.221243979332628e+03,8.215804280033683e+03,1.764705882352941e+00,34807568
8.222417647423477e+03,8.220048992411051e+03,5.882352941176471e-01,34807574
8.223410356941064e+03,8.216592113132605e+03,1.176470588235294e+00,34807569
8.225392212972016e+03,8.223041659908672e+03,5.882352941176471e-01,34807576
8.225947059188182e+03,8.223844657238262e+03,5.882352941176470e-01,34807578
8.225947059188182e+03,8.219822143975937e+03,1.764705882352941e+00,34807573
8.227156918854369e+03,8.224314291057862e+03,5.882352941176471e-01,34807579
8.227711765070535e+03,8.225863873532808e+03,5.882352941176471e-01,34807581
8.227711765070535e+03,8.225709672048341e+03,5.882352941176471e-01,34807580
8.228921624736722e+03,8.222047322784795e+03,1.176470588235294e+00,34807575
8.230395246905247e+03,8.228630541022894e+03,5.882352941176471e-01,34807583
8.232517162260056e+03,8.230559680593115e+03,5.882352941176471e-01,34807586
8.233924658669953e+03,8.228150466319235e+03,1.764705882352941e+00,34807582
8.235449327200477e+03,8.228987750495350e+03,1.764705882352941e+00,34807584
8.237189235846800e+03,8.235424529964447e+03,5.882352941176471e-01,34807588
8.238976477614863e+03,8.236739004363139e+03,5.882352941176471e-01,34807591
8.241169896929650e+03,8.235469601735868e+03,1.176470588235294e+00,34807589
8.241866436230144e+03,8.239833904479730e+03,5.882352941176471e-01,34807594
8.242934602812003e+03,8.234807612700733e+03,1.764705882352941e+00,34807587
8.243067811447734e+03,8.241303105565381e+03,5.882352941176471e-01,34807595
8.243631142112497e+03,8.241623183243719e+03,5.882352941176471e-01,34807596
8.244765913012221e+03,8.242347597328007e+03,5.882352941176471e-01,34807597
8.246530618894574e+03,8.244163616478407e+03,5.882352941176471e-01,34807599
8.246530618894574e+03,8.244685194165333e+03,5.882352941176471e-01,34807600
8.247027345241472e+03,8.237842676598604e+03,1.764705882352941e+00,34807593
8.248295324776927e+03,8.245715811944694e+03,5.882352941176471e-01,34807602
8.248792051123825e+03,8.246952990445279e+03,5.882352941176471e-01,34807603
8.250060030659280e+03,8.248040247463601e+03,5.882352941176471e-01,34807604
8.251948918128357e+03,8.249402192448522e+03,5.882352941176471e-01,34807605
8.252073099715082e+03,8.245502809955229e+03,1.764705882352941e+00,34807601
8.252073099715082e+03,8.242834207450868e+03,1.764705882352941e+00,34807598
8.253796411735193e+03,8.250796831581830e+03,5.882352941176471e-01,34807608
8.253796411735193e+03,8.251391921597659e+03,5.882352941176471e-01,34807609
8.255561117617546e+03,8.252338935916580e+03,5.882352941176471e-01,34807610
8.255581852916116e+03,8.253817147033764e+03,5.882352941176471e-01,34807611
8.257325823499899e+03,8.250395829602371e+03,1.764705882352941e+00,34807607
8.258160132980739e+03,8.256395427098386e+03,5.882352941176471e-01,34807613
8.259924838863092e+03,8.257829157646459e+03,5.882352941176471e-01,34807615
8.260855235264605e+03,8.258444656294244e+03,5.882352941176470e-01,34807616
8.260855235264605e+03,8.254093260494233e+03,1.764705882352941e+00,34807612
8.262031314334571e+03,8.259176199619987e+03,5.882352941176471e-01,34807619
8.262619941146958e+03,8.256767122419302e+03,1.176470588235294e+00,34807614
8.264090333623117e+03,8.261569387832023e+03,5.882352941176471e-01,34807623
8.266149352911664e+03,8.260608378041344e+03,1.764705882352941e+00,34807621
8.267619745387823e+03,8.261273930056056e+03,1.764705882352941e+00,34807622
8.267766902090920e+03,8.265302233970153e+03,5.882352941176471e-01,34807626
8.271195566819417e+03,8.268474436809395e+03,5.882352941176471e-01,34807628
8.271249904188739e+03,8.263692075957399e+03,1.764705882352941e+00,34807624
8.271296313855626e+03,8.265290946793365e+03,1.764705882352941e+00,34807625
8.272987441386431e+03,8.271195372775731e+03,5.882352941176471e-01,34807630
8.274825725620332e+03,8.267666155054711e+03,1.764705882352941e+00,34807627
8.276182522116529e+03,8.274417816234176e+03,5.882352941176471e-01,34807631
8.276516853151136e+03,8.270284576750967e+03,1.764705882352941e+00,34807629
8.276917212661391e+03,8.275152506779038e+03,5.882352941176471e-01,34807632
8.280981143476410e+03,8.279151593384998e+03,5.882352941176471e-01,34807636
8.281446006209378e+03,8.279681300327025e+03,5.882352941176471e-01,34807637
8.281476639763588e+03,8.275366178172999e+03,1.764705882352941e+00,34807633
8.283262660353833e+03,8.281497954471480e+03,5.882352941176471e-01,34807639
8.285087448242487e+03,8.277451731711704e+03,1.764705882352941e+00,34807634
8.286275261123469e+03,8.283724935478386e+03,5.882352941176471e-01,34807641
8.286792072118539e+03,8.280002653724548e+03,1.764705882352941e+00,34807638
8.286852154124840e+03,8.281734933481093e+03,1.176470588235294e+00,34807640
8.288298372503357e+03,8.285922547578696e+03,5.882352941176471e-01,34807643
8.288298372503357e+03,8.285704081340564e+03,5.882352941176471e-01,34807642
8.291671000447229e+03,8.288736471772749e+03,5.882352941176471e-01,34807647
8.291949997502136e+03,8.288141588682523e+03,1.176470588235294e+00,34807644
8.293714703384489e+03,8.288403734297013e+03,1.764705882352941e+00,34807645
8.295200412211935e+03,8.288437437177847e+03,1.764705882352941e+00,34807646
8.297187809228641e+03,8.294823362699780e+03,5.882352941176471e-01,34807653
8.298952515110993e+03,8.296761493421734e+03,5.882352941176471e-01,34807656
8.300717220993346e+03,8.297612779063994e+03,5.882352941176471e-01,34807658
8.301207653876864e+03,8.299442947994511e+03,5.882352941176471e-01,34807659
8.303924470077214e+03,8.293018899918022e+03,1.764705882352941e+00,34807649
8.303924470077214e+03,8.292032556972069e+03,1.764705882352941e+00,34807648
8.303998858373310e+03,8.302234152490957e+03,5.882352941176471e-01,34807660
8.305689175959567e+03,8.303753088809989e+03,5.882352941176471e-01,34807662
8.305770654852886e+03,8.304005948970533e+03,5.882352941176471e-01,34807663
8.309218587724272e+03,8.302769547146288e+03,1.764705882352941e+00,34807661
8.309806900261544e+03,8.307531943880227e+03,5.882352941176471e-01,34807668
8.311002809116202e+03,8.308273559547458e+03,5.882352941176471e-01,34807670
8.313051913512403e+03,8.306186733486172e+03,1.176470588235294e+00,34807666
8.314816619394756e+03,8.306046123328572e+03,1.764705882352941e+00,34807665
8.314816619394756e+03,8.304922034631587e+03,1.764705882352941e+00,34807664
8.316778371633278e+03,8.315013665750925e+03,5.882352941176471e-01,34807675
8.318346031159461e+03,8.312264707545994e+03,1.764705882352941e+00,34807673
8.318346031159461e+03,8.309285888647789e+03,1.764705882352941e+00,34807672
8.323389476642632e+03,8.321624770760279e+03,5.882352941176471e-01,34807678
8.325135115280353e+03,8.319840997633294e+03,1.764705882352941e+00,34807676
8.325152191779028e+03,8.319858074131969e+03,1.764705882352941e+00,34807677
8.327002644304325e+03,8.325237938421972e+03,5.882352941176471e-01,34807680
8.329539013013491e+03,8.327774307131138e+03,5.882352941176471e-01,34807681
8.330456057914436e+03,8.325161940267377e+03,1.764705882352941e+00,34807679
8.331717495297740e+03,8.329952789415387e+03,5.882352941176471e-01,34807683
8.332289076269251e+03,8.330524370386898e+03,5.882352941176471e-01,34807684
8.334946902494978e+03,8.329652784847919e+03,1.764705882352941e+00,34807682
8.336947040331358e+03,8.335182334449005e+03,5.882352941176471e-01,34807687
8.337460524858059e+03,8.332166407211000e+03,1.764705882352941e+00,34807685
8.340912261685910e+03,8.334560894143384e+03,1.764705882352941e+00,34807686
8.341697392609650e+03,8.336403274962591e+03,1.764705882352941e+00,34807688
8.342241157978417e+03,8.336787722418414e+03,1.764705882352941e+00,34807689
8.343069533030133e+03,8.340813189075488e+03,5.882352941176471e-01,34807691
8.343069533030133e+03,8.339059094411402e+03,5.882352941176471e-01,34807690
8.344420051386628e+03,8.341923643735836e+03,5.882352941176471e-01,34807693
8.344420051386628e+03,8.341854466574445e+03,5.882352941176471e-01,34807692
8.346397057339630e+03,8.344632351457277e+03,5.882352941176471e-01,34807695
8.347565574351469e+03,8.344036162586763e+03,1.176470588235294e+00,34807694
8.351898016939036e+03,8.349924857011641e+03,5.882352941176471e-01,34807699
8.352965421916739e+03,8.347671304269680e+03,1.764705882352941e+00,34807696
8.353197123683808e+03,8.347903006036749e+03,1.764705882352941e+00,34807697
8.355012342926574e+03,8.353247637044221e+03,5.882352941176471e-01,34807702
8.357141621225681e+03,8.348368605174330e+03,1.764705882352941e+00,34807698
8.358400647127539e+03,8.352067350591056e+03,1.764705882352941e+00,34807701
8.358400647127539e+03,8.350268691904610e+03,1.764705882352941e+00,34807700
8.360003242154729e+03,8.358238536272376e+03,5.882352941176471e-01,34807703
8.360711699113613e+03,8.358946993231260e+03,5.882352941176471e-01,34807704
8.364219028600564e+03,8.361797286287456e+03,5.882352941176471e-01,34807708
8.366131378114457e+03,8.360773235508085e+03,1.764705882352941e+00,34807706
8.366131378114457e+03,8.360689616835859e+03,1.764705882352941e+00,34807705
8.367846869452964e+03,8.364824876231505e+03,5.882352941176471e-01,34807711
8.369611575335317e+03,8.366716579680127e+03,5.882352941176471e-01,34807713
8.372644943107969e+03,8.363558339747451e+03,1.764705882352941e+00,34807709
8.372644943107969e+03,8.360901285426712e+03,1.764705882352941e+00,34807707
8.373617367513994e+03,8.370614527070954e+03,5.882352941176471e-01,34807716
8.374409648990322e+03,8.372624178074530e+03,5.882352941176471e-01,34807719
8.374409648990322e+03,8.372004607403204e+03,5.882352941176471e-01,34807718
8.375382073396347e+03,8.373032087817085e+03,5.882352941176471e-01,34807720
8.377542920016864e+03,8.374957896476076e+03,5.882352941176471e-01,34807724
8.377542920016864e+03,8.374570274091647e+03,5.882352941176471e-01,34807723
8.377834096198478e+03,8.368066339538823e+03,1.176470588235294e+00,34807714
8.381266449235979e+03,8.374158037255988e+03,1.764705882352941e+00,34807721
8.381266449235979e+03,8.369936009977726e+03,1.764705882352941e+00,34807715
8.382837037663923e+03,8.379991449375732e+03,5.882352941176471e-01,34807727
8.383177379721426e+03,8.377384121959960e+03,1.176470588235294e+00,34807725
8.384706810698245e+03,8.381841455938880e+03,5.882352941176471e-01,34807730
8.384706810698245e+03,8.381574915291696e+03,5.882352941176471e-01,34807729
8.386549941549109e+03,8.384206463463395e+03,5.882352941176471e-01,34807732
8.386549941549109e+03,8.383993073497602e+03,5.882352941176471e-01,34807731
8.386706791486132e+03,8.381282466085509e+03,1.764705882352941e+00,34807728
8.388393072399973e+03,8.385528560219724e+03,5.882352941176471e-01,34807734
8.388393072399973e+03,8.385840892963052e+03,5.882352941176471e-01,34807735
8.388393072399973e+03,8.386342977288835e+03,5.882352941176471e-01,34807736
8.390157778282326e+03,8.387868437051877e+03,5.882352941176471e-01,34807738
8.390416336368690e+03,8.388651630486337e+03,5.882352941176471e-01,34807740
8.392008670193467e+03,8.389102029146935e+03,5.882352941176471e-01,34807741
8.392008670193467e+03,8.389663743794736e+03,5.882352941176471e-01,34807742
8.392008670193467e+03,8.390044225475675e+03,5.882352941176471e-01,34807743
8.395538081958173e+03,8.388216828885646e+03,1.764705882352941e+00,34807739
8.396423638411070e+03,8.394658932528717e+03,5.882352941176471e-01,34807744
8.397105110143005e+03,8.395340404260652e+03,5.882352941176471e-01,34807745
8.397643654568126e+03,8.395878948685773e+03,5.882352941176471e-01,34807746
8.399051915245249e+03,8.397287209362896e+03,5.882352941176471e-01,34807747
8.399712972089313e+03,8.397948266206960e+03,5.882352941176471e-01,34807748
8.399988677071325e+03,8.398223971188972e+03,5.882352941176471e-01,34807749
8.401477677971666e+03,8.399493307231253e+03,5.882352941176471e-01,34807752
8.404566728885310e+03,8.398392933901498e+03,1.764705882352941e+00,34807750
8.406385304502081e+03,8.404017928819426e+03,5.882352941176471e-01,34807757
8.406882718242562e+03,8.401108185406616e+03,1.764705882352941e+00,34807753
8.408150010384434e+03,8.405729334419467e+03,5.882352941176471e-01,34807759
8.408150010384434e+03,8.405349504896703e+03,5.882352941176471e-01,34807758
8.409492285552830e+03,8.402909762471794e+03,1.176470588235294e+00,34807755
8.409492285552830e+03,8.403556507603698e+03,1.176470588235294e+00,34807756
8.411256991435183e+03,8.409156868467484e+03,5.882352941176470e-01,34807760
8.411256991435183e+03,8.401625471778329e+03,1.764705882352941e+00,34807754
8.413432057876211e+03,8.411667351993858e+03,5.882352941176471e-01,34807762
8.414786403199889e+03,8.409326202020710e+03,1.764705882352941e+00,34807761
8.415071550583798e+03,8.413306844701445e+03,5.882352941176471e-01,34807763
8.415465808269446e+03,8.413701102387093e+03,5.882352941176471e-01,34807764
8.418072138701480e+03,8.416307432819127e+03,5.882352941176471e-01,34807765
8.418823739704811e+03,8.417059033822458e+03,5.882352941176471e-01,34807767
8.421991891210090e+03,8.416697773563031e+03,1.764705882352941e+00,34807766
8.422196196650428e+03,8.420431490768075e+03,5.882352941176471e-01,34807769
8.424683501128373e+03,8.419389383481315e+03,1.764705882352941e+00,34807768
8.426533263822955e+03,8.424768557940602e+03,5.882352941176471e-01,34807770
8.427984041044750e+03,8.426219335162397e+03,5.882352941176471e-01,34807771
8.430091947044803e+03,8.428327241162450e+03,5.882352941176471e-01,34807772
8.430245905384066e+03,8.428481199501713e+03,5.882352941176471e-01,34807773
8.430577223344966e+03,8.428812517462613e+03,5.882352941176471e-01,34807774
8.433518567863194e+03,8.431753861980841e+03,5.882352941176471e-01,34807776
8.434860536135293e+03,8.433095830252940e+03,5.882352941176471e-01,34807777
8.436192647239120e+03,8.430898529592061e+03,1.764705882352941e+00,34807775
8.438470005715420e+03,8.434940593950714e+03,1.176470588235294e+00,34807778
8.439296984853228e+03,8.437532278970875e+03,5.882352941176471e-01,34807780
8.440306740178551e+03,8.438344804585895e+03,5.882352941176471e-01,34807782
8.442071446060904e+03,8.439873559276625e+03,5.882352941176471e-01,34807786
8.442317150918652e+03,8.436849356994623e+03,1.176470588235294e+00,34807779
8.443210779566865e+03,8.440798149894047e+03,5.882352941176471e-01,34807787
8.443999955181755e+03,8.441650519961900e+03,5.882352941176471e-01,34807789
8.443999955181755e+03,8.441493586791789e+03,5.882352941176471e-01,34807788
8.445043605892810e+03,8.442538532387894e+03,5.882352941176471e-01,34807791
8.445764661064108e+03,8.443347020454049e+03,5.882352941176471e-01,34807793
8.446889585526411e+03,8.445124879644058e+03,5.882352941176471e-01,34807794
8.447529366946461e+03,8.438978353213473e+03,1.764705882352941e+00,34807783
8.449391245620919e+03,8.447626539738566e+03,5.882352941176471e-01,34807795
8.449701107876558e+03,8.447936401994205e+03,5.882352941176471e-01,34807796
8.452494831578284e+03,8.448965419813579e+03,1.176470588235294e+00,34807797
8.454305796791280e+03,8.452541090908927e+03,5.882352941176471e-01,34807798
8.455221682659354e+03,8.453456976777001e+03,5.882352941176471e-01,34807799
8.459469961209032e+03,8.457216908179589e+03,5.882352941176471e-01,34807805
8.461815597031503e+03,8.455115738565446e+03,1.176470588235294e+00,34807800
8.462632006307448e+03,8.460860543195563e+03,5.882352941176471e-01,34807807
8.463580302913856e+03,8.461150193188238e+03,5.882352941176470e-01,34807808
8.463580302913856e+03,8.455515695891746e+03,1.764705882352941e+00,34807801
8.466635566375358e+03,8.459102594542742e+03,1.764705882352941e+00,34807806
8.466635566375358e+03,8.457064558106480e+03,1.764705882352941e+00,34807804
8.468400272257711e+03,8.465400709887145e+03,5.882352941176471e-01,34807810
8.470616922037194e+03,8.465322804390136e+03,1.764705882352941e+00,34807809
8.472453048171067e+03,8.470688342288714e+03,5.882352941176471e-01,34807817
8.473907615423027e+03,8.466773925927227e+03,1.176470588235294e+00,34807811
8.475672321305380e+03,8.467607250259042e+03,1.764705882352941e+00,34807812
8.477514561845331e+03,8.475453097056482e+03,5.882352941176471e-01,34807822
8.477514561845331e+03,8.474581410134020e+03,5.882352941176471e-01,34807821
8.478941833482733e+03,8.469039561291845e+03,1.176470588235294e+00,34807815
8.478941833482733e+03,8.469278035222152e+03,1.176470588235294e+00,34807816
8.480706539365086e+03,8.472447965923701e+03,1.764705882352941e+00,34807818
8.481000014060505e+03,8.479235308178152e+03,5.882352941176471e-01,34807823
8.484684961772580e+03,8.482020900105293e+03,5.882352941176471e-01,34807827
8.486449667654933e+03,8.483866323558783e+03,5.882352941176471e-01,34807829
8.487195866235704e+03,8.481060918619453e+03,1.764705882352941e+00,34807824
8.488214373537286e+03,8.482591753069599e+03,1.764705882352941e+00,34807828
8.489979079419639e+03,8.487703789438375e+03,5.882352941176471e-01,34807835
8.490847254846316e+03,8.489082548963963e+03,5.882352941176471e-01,34807836
8.491743785301992e+03,8.484858136228657e+03,1.764705882352941e+00,34807830
8.493386514338439e+03,8.486466888315703e+03,1.764705882352941e+00,34807834
8.496957116471861e+03,8.491662998824803e+03,1.764705882352941e+00,34807837
8.497744174420650e+03,8.495979468538297e+03,5.882352941176471e-01,34807838
8.497818726272764e+03,8.496054020390411e+03,5.882352941176471e-01,34807839
8.499546156229060e+03,8.497554102376469e+03,5.882352941176471e-01,34807843
8.499546156229060e+03,8.497320032052341e+03,5.882352941176471e-01,34807842
8.500667986026807e+03,8.498400435105094e+03,5.882352941176471e-01,34807844
8.501310862111413e+03,8.496390178077270e+03,1.176470588235294e+00,34807840
8.501310862111413e+03,8.499366392973089e+03,5.882352941176471e-01,34807845
8.502432691909160e+03,8.500404466422812e+03,5.882352941176471e-01,34807846
8.504951008049890e+03,8.501421596285184e+03,1.176470588235294e+00,34807847
8.506042940335940e+03,8.504278234453587e+03,5.882352941176471e-01,34807849
8.508771962333898e+03,8.503477844686839e+03,1.764705882352941e+00,34807848
8.509000677398388e+03,8.507235971516035e+03,5.882352941176471e-01,34807850
8.510805001537655e+03,8.509040295655302e+03,5.882352941176471e-01,34807851
8.514744701584996e+03,8.512979995702643e+03,5.882352941176471e-01,34807853
8.516864113163324e+03,8.511569995516265e+03,1.764705882352941e+00,34807852
8.518181842314931e+03,8.516417136432578e+03,5.882352941176471e-01,34807855
8.519613952840782e+03,8.514319835193723e+03,1.764705882352941e+00,34807854
8.521202696002230e+03,8.517673284237524e+03,1.176470588235294e+00,34807856
8.523163745403011e+03,8.521399039520658e+03,5.882352941176471e-01,34807859
8.524813618238927e+03,8.519519500591868e+03,1.764705882352941e+00,34807857
8.525593288993412e+03,8.520299171346353e+03,1.764705882352941e+00,34807858
8.525603804553797e+03,8.523839098671444e+03,5.882352941176471e-01,34807860
8.526688052411649e+03,8.524923346529297e+03,5.882352941176471e-01,34807861
8.527840547667643e+03,8.526075841785290e+03,5.882352941176471e-01,34807863
8.528452758294002e+03,8.526519574115581e+03,5.882352941176471e-01,34807864
8.529605253549996e+03,8.527695373613125e+03,5.882352941176471e-01,34807866
8.531262311469332e+03,8.526878204927036e+03,1.176470588235294e+00,34807865
8.531982170058708e+03,8.525415281228493e+03,1.764705882352941e+00,34807862
8.532893388918763e+03,8.530975670798112e+03,5.882352941176471e-01,34807869
8.532893388918763e+03,8.530593418276147e+03,5.882352941176471e-01,34807868
8.534658094801116e+03,8.532239177252415e+03,5.882352941176471e-01,34807870
8.535511581823414e+03,8.529230348721135e+03,1.764705882352941e+00,34807867
8.536343387564018e+03,8.534578681681665e+03,5.882352941176471e-01,34807871
8.536448979692075e+03,8.534684273809722e+03,5.882352941176471e-01,34807872
8.537421338497413e+03,8.535656632615060e+03,5.882352941176471e-01,34807873
8.540069492630596e+03,8.536540080865890e+03,1.176470588235294e+00,34807874
8.542025612909921e+03,8.540244838113337e+03,5.882352941176471e-01,34807878
8.543598904395302e+03,8.537274383552516e+03,1.764705882352941e+00,34807875
8.543790318792273e+03,8.541661917886615e+03,5.882352941176471e-01,34807880
8.544584092083691e+03,8.542819386201339e+03,5.882352941176471e-01,34807881
8.546864002526836e+03,8.545099296644483e+03,5.882352941176471e-01,34807882
8.547172297424068e+03,8.538651669048203e+03,1.764705882352941e+00,34807877
8.547172297424068e+03,8.538496201145215e+03,1.764705882352941e+00,34807876
8.549083197036740e+03,8.547318491154387e+03,5.882352941176471e-01,34807883
8.553149127926196e+03,8.551384422043843e+03,5.882352941176471e-01,34807884
8.554592569419613e+03,8.552827863537261e+03,5.882352941176471e-01,34807886
8.557574573058122e+03,8.552280455411064e+03,1.764705882352941e+00,34807885
8.559339278940475e+03,8.557497385101760e+03,5.882352941176471e-01,34807889
8.560647568367557e+03,8.555353450720499e+03,1.764705882352941e+00,34807887
8.561312295341637e+03,8.559547589459284e+03,5.882352941176471e-01,34807890
8.562433804710309e+03,8.557139687063251e+03,1.764705882352941e+00,34807888
8.565952451244816e+03,8.559994797281152e+03,1.764705882352941e+00,34807891
8.567468690472724e+03,8.565703984590371e+03,5.882352941176471e-01,34807893
8.568567842508553e+03,8.566803136626200e+03,5.882352941176471e-01,34807894
8.569642798773554e+03,8.567878092891202e+03,5.882352941176471e-01,34807896
8.570332548390906e+03,8.568048713159035e+03,5.882352941176471e-01,34807897
8.572507469150367e+03,8.567213351503308e+03,1.764705882352941e+00,34807895
8.574403140742829e+03,8.572638434860476e+03,5.882352941176471e-01,34807898
8.575560689393763e+03,8.573795983511410e+03,5.882352941176471e-01,34807899
8.576706124260236e+03,8.574941418377883e+03,5.882352941176471e-01,34807900
8.578647340757820e+03,8.576882634875467e+03,5.882352941176471e-01,34807903
8.579720480871016e+03,8.577955774988663e+03,5.882352941176471e-01,34807904
8.580712891237332e+03,8.578314895137878e+03,5.882352941176471e-01,34807905
8.581013735834491e+03,8.575719618187433e+03,1.764705882352941e+00,34807901
8.582477597119685e+03,8.580116923333147e+03,5.882352941176471e-01,34807908
8.583132822670226e+03,8.576073999140815e+03,1.176470588235294e+00,34807902
8.584720338075888e+03,8.579317713894182e+03,1.176470588235294e+00,34807907
8.586210354207277e+03,8.583266432716556e+03,5.882352941176471e-01,34807911
8.586485043958241e+03,8.580994622838949e+03,1.764705882352941e+00,34807909
8.588112404965112e+03,8.585237125773913e+03,5.882352941176471e-01,34807914
8.589877110847465e+03,8.586905177457714e+03,5.882352941176471e-01,34807916
8.590224522472683e+03,8.581887273464387e+03,1.764705882352941e+00,34807910
8.591641816729818e+03,8.586083394134038e+03,1.764705882352941e+00,34807915
8.592522760543546e+03,8.590758054661193e+03,5.882352941176471e-01,34807917
8.593712298916442e+03,8.591947593034089e+03,5.882352941176471e-01,34807918
8.593755452739481e+03,8.591990746857128e+03,5.882352941176471e-01,34807919
8.594447565016064e+03,8.592682859133711e+03,5.882352941176471e-01,34807920
8.596058484998445e+03,8.594293779116092e+03,5.882352941176471e-01,34807921
8.596773155426472e+03,8.595008449544119e+03,5.882352941176471e-01,34807922
8.598655509720780e+03,8.596890803838427e+03,5.882352941176471e-01,34807926
8.599663131886032e+03,8.597898426003679e+03,5.882352941176471e-01,34807927
8.600301657839350e+03,8.595124957563841e+03,1.176470588235294e+00,34807923
8.600593454309059e+03,8.598828748426706e+03,5.882352941176471e-01,34807928
8.602125642603595e+03,8.596848621589759e+03,1.176470588235294e+00,34807925
8.603192543650738e+03,8.601114859763522e+03,5.882352941176471e-01,34807930
8.603890348485948e+03,8.595383555960974e+03,1.764705882352941e+00,34807924
8.605655054368301e+03,8.599060595136747e+03,1.764705882352941e+00,34807929
8.608486661297796e+03,8.602295820353968e+03,1.764705882352941e+00,34807931
8.609515229263450e+03,8.604221111616392e+03,1.764705882352941e+00,34807932
8.610251367180149e+03,8.608085788299444e+03,5.882352941176471e-01,34807937
8.611279935145803e+03,8.609162901597447e+03,5.882352941176471e-01,34807938
8.613555940960101e+03,8.607157814510289e+03,1.764705882352941e+00,34807934
8.613555940960101e+03,8.606174673503623e+03,1.764705882352941e+00,34807933
8.615159539251330e+03,8.612755009948969e+03,5.882352941176471e-01,34807943
8.616924245133683e+03,8.613996922114693e+03,5.882352941176471e-01,34807944
8.616924245133683e+03,8.615028853768545e+03,5.882352941176471e-01,34807945
8.617085352724807e+03,8.610270171758760e+03,1.764705882352941e+00,34807939
8.618688951016036e+03,8.615270259962335e+03,5.882352941176471e-01,34807946
8.620614764489513e+03,8.611563562270348e+03,1.764705882352941e+00,34807942
8.622218362780741e+03,8.615837962061733e+03,1.764705882352941e+00,34807947
8.622379470371866e+03,8.620613854082126e+03,5.882352941176471e-01,34807950
8.624486331173603e+03,8.622721625291250e+03,5.882352941176471e-01,34807951
8.625747774545447e+03,8.619183437000890e+03,1.764705882352941e+00,34807949
8.625747774545447e+03,8.617361584418522e+03,1.764705882352941e+00,34807948
8.626251037055956e+03,8.624162812647997e+03,5.882352941176471e-01,34807952
8.627512480427800e+03,8.624910237413520e+03,5.882352941176471e-01,34807954
8.628918472000074e+03,8.627153766117721e+03,5.882352941176471e-01,34807955
8.629277186310153e+03,8.624899110287955e+03,1.176470588235294e+00,34807953
8.633018235381610e+03,8.631253529499257e+03,5.882352941176471e-01,34807958
8.633516069869585e+03,8.629986658104879e+03,1.176470588235294e+00,34807957
8.634346571819950e+03,8.629052454172891e+03,1.764705882352941e+00,34807956
8.635100960578545e+03,8.633336254696193e+03,5.882352941176471e-01,34807959
8.636945227064914e+03,8.635180521182561e+03,5.882352941176471e-01,34807961
8.637607601716791e+03,8.635842895834439e+03,5.882352941176471e-01,34807962
8.638709932947267e+03,8.636187381478730e+03,5.882352941176471e-01,34807963
8.639463028125657e+03,8.637193130797487e+03,5.882352941176471e-01,34807964
8.639553748652170e+03,8.634259631005111e+03,1.764705882352941e+00,34807960
8.640876672789925e+03,8.639111966907572e+03,5.882352941176471e-01,34807966
8.642370416445339e+03,8.640605710562986e+03,5.882352941176471e-01,34807968
8.644135122327692e+03,8.642165762882820e+03,5.882352941176471e-01,34807970
8.644899043815176e+03,8.639604926168118e+03,1.764705882352941e+00,34807967
8.645955326962602e+03,8.644190621080249e+03,5.882352941176471e-01,34807971
8.646170790436984e+03,8.640764186985404e+03,1.764705882352941e+00,34807969
8.648712050067162e+03,8.646947344184809e+03,5.882352941176471e-01,34807974
8.649227647272640e+03,8.647462941390287e+03,5.882352941176471e-01,34807975
8.649364743931163e+03,8.645563611727045e+03,1.176470588235294e+00,34807972
8.652241461831868e+03,8.645969955947346e+03,1.764705882352941e+00,34807973
8.652832430817648e+03,8.650325067461633e+03,5.882352941176471e-01,34807978
8.654006167714221e+03,8.651944228674235e+03,5.882352941176471e-01,34807980
8.654755608151828e+03,8.649303019052942e+03,1.176470588235294e+00,34807976
8.656520314034181e+03,8.654586381273057e+03,5.882352941176470e-01,34807982
8.656520314034181e+03,8.649619961956596e+03,1.764705882352941e+00,34807977
8.657883845470534e+03,8.651573784952932e+03,1.176470588235294e+00,34807979
8.659064417367622e+03,8.657299711485269e+03,5.882352941176471e-01,34807984
8.662464039919833e+03,8.656467405579787e+03,1.176470588235294e+00,34807983
8.663557320963573e+03,8.658880536081422e+03,1.176470588235294e+00,34807989
8.665322026845926e+03,8.658849220947203e+03,1.764705882352941e+00,34807988
8.667020037431297e+03,8.660883087899110e+03,1.764705882352941e+00,34807990
8.667086732728279e+03,8.665200059130546e+03,5.882352941176471e-01,34807992
8.668246709069002e+03,8.662952591421943e+03,1.764705882352941e+00,34807991
8.670011414951355e+03,8.668168189812717e+03,5.882352941176471e-01,34807995
8.672314155078355e+03,8.666551127295308e+03,1.764705882352941e+00,34807993
8.672689981594764e+03,8.667395863947705e+03,1.764705882352941e+00,34807994
8.675041836571221e+03,8.673277130688868e+03,5.882352941176471e-01,34807997
8.675439195742356e+03,8.673674489860003e+03,5.882352941176471e-01,34807998
8.676736446766129e+03,8.674154183108270e+03,5.882352941176471e-01,34807999
8.678571248335927e+03,8.673207035001423e+03,1.764705882352941e+00,34807996
8.680300906374557e+03,8.676460916786830e+03,1.176470588235294e+00,34808001
8.681679715035589e+03,8.678755346027318e+03,5.882352941176471e-01,34808003
8.682065612256910e+03,8.676800841068876e+03,1.176470588235294e+00,34808002
8.682065612256910e+03,8.676385597388530e+03,1.764705882352941e+00,34808000
8.684568190495149e+03,8.682803484612796e+03,5.882352941176471e-01,34808005
8.686262372949577e+03,8.683218850455204e+03,5.882352941176471e-01,34808008
8.686262372949577e+03,8.683184846709220e+03,5.882352941176471e-01,34808007
8.686805001884590e+03,8.685040296002237e+03,5.882352941176471e-01,34808010
8.688027078831930e+03,8.685533048742167e+03,5.882352941176471e-01,34808011
8.688166630273042e+03,8.683012064067095e+03,1.176470588235294e+00,34808006
8.689791784714282e+03,8.687876657483834e+03,5.882352941176471e-01,34808012
8.689931336155394e+03,8.682591914329020e+03,1.764705882352941e+00,34808004
8.693028975647831e+03,8.691264269765478e+03,5.882352941176471e-01,34808015
8.694731590507135e+03,8.689437472860076e+03,1.764705882352941e+00,34808013
8.694950070431483e+03,8.691761817402358e+03,5.882352941176471e-01,34808017
8.696714776313836e+03,8.694773303675793e+03,5.882352941176471e-01,34808022
8.698384146623567e+03,8.696244546507033e+03,5.882352941176471e-01,34808025
8.698384146623567e+03,8.694969430841275e+03,5.882352941176471e-01,34808024
8.700005368859062e+03,8.689713565842503e+03,1.176470588235294e+00,34808014
8.703866960948629e+03,8.691965743382758e+03,1.176470588235294e+00,34808018
8.705395142270693e+03,8.703248076337841e+03,5.882352941176471e-01,34808034
8.705631666830982e+03,8.691577047568075e+03,1.764705882352941e+00,34808016
8.707159848153046e+03,8.704218015579180e+03,5.882352941176471e-01,34808035
8.707571900028610e+03,8.700165172079045e+03,1.764705882352941e+00,34808032
8.707678649670337e+03,8.705913943787984e+03,5.882352941176471e-01,34808036
8.708924554035399e+03,8.707123706370304e+03,5.882352941176471e-01,34808037
8.712047927765588e+03,8.710283221883235e+03,5.882352941176471e-01,34808040
8.713929231882300e+03,8.712164525999947e+03,5.882352941176471e-01,34808042
8.714474228862305e+03,8.709180111215246e+03,1.764705882352941e+00,34808038
8.715966436254655e+03,8.713683446098119e+03,5.882352941176471e-01,34808045
8.715966436254655e+03,8.713653577523709e+03,5.882352941176471e-01,34808044
8.717313390246485e+03,8.715130183288692e+03,5.882352941176471e-01,34808046
8.717731142137008e+03,8.715679864955680e+03,5.882352941176471e-01,34808048
8.719334028115090e+03,8.717569322232737e+03,5.882352941176471e-01,34808049
8.719379249785002e+03,8.710123386125524e+03,1.764705882352941e+00,34808039
8.720169325015276e+03,8.711601641143352e+03,1.176470588235294e+00,34808041
8.721934030897629e+03,8.712876958466335e+03,1.764705882352941e+00,34808043
8.722035983484747e+03,8.720271277602394e+03,5.882352941176471e-01,34808050
8.723073545566329e+03,8.721308839683976e+03,5.882352941176471e-01,34808051
8.723943552696114e+03,8.722178846813762e+03,5.882352941176471e-01,34808053
8.725203923949654e+03,8.723035436572209e+03,5.882352941176471e-01,34808055
8.725203923949654e+03,8.722834424763777e+03,5.882352941176471e-01,34808054
8.727472964460820e+03,8.722040184685920e+03,1.764705882352941e+00,34808052
8.730160547954574e+03,8.728395842072221e+03,5.882352941176471e-01,34808057
8.730791184577067e+03,8.729026478694714e+03,5.882352941176471e-01,34808058
8.732209632313529e+03,8.730444926431176e+03,5.882352941176471e-01,34808059
8.732751040942965e+03,8.730986335060612e+03,5.882352941176471e-01,34808060
8.733652192827142e+03,8.728358075180083e+03,1.764705882352941e+00,34808056
8.734245042510600e+03,8.731627052828785e+03,5.882352941176471e-01,34808062
8.735713323551224e+03,8.733197351982244e+03,5.882352941176471e-01,34808064
8.735713323551224e+03,8.733076564088394e+03,5.882352941176471e-01,34808063
8.737478029433577e+03,8.734876584260517e+03,5.882352941176471e-01,34808065
8.737478029433577e+03,8.735601071782861e+03,5.882352941176471e-01,34808066
8.737774454275306e+03,8.731203810449337e+03,1.764705882352941e+00,34808061
8.740704337260697e+03,8.738939631378345e+03,5.882352941176471e-01,34808067
8.741225460136777e+03,8.739460754254425e+03,5.882352941176471e-01,34808068
8.741621272508905e+03,8.739856566626552e+03,5.882352941176471e-01,34808069
8.742469043143050e+03,8.740298202368412e+03,5.882352941176471e-01,34808070
8.742990166019130e+03,8.740958881771212e+03,5.882352941176471e-01,34808071
8.743385978391258e+03,8.741617193028670e+03,5.882352941176471e-01,34808072
8.745998454907756e+03,8.741732573434789e+03,1.176470588235294e+00,34808073
8.746860403609593e+03,8.745095697727240e+03,5.882352941176471e-01,34808075
8.748817019215581e+03,8.743522901568522e+03,1.764705882352941e+00,34808074
8.751193901680031e+03,8.749429195797678e+03,5.882352941176471e-01,34808078
8.753160399809046e+03,8.751395693926693e+03,5.882352941176471e-01,34808079
8.753372174704429e+03,8.748078057057370e+03,1.764705882352941e+00,34808076
8.754149483338745e+03,8.748855365691686e+03,1.764705882352941e+00,34808077
8.756689811573752e+03,8.752791408983257e+03,1.176470588235294e+00,34808080
8.757150387927251e+03,8.755385682044898e+03,5.882352941176471e-01,34808082
8.757272558948531e+03,8.755507853066178e+03,5.882352941176471e-01,34808083
8.760079620377349e+03,8.753603544222717e+03,1.764705882352941e+00,34808081
8.760854476619619e+03,8.759045220060517e+03,5.882352941176471e-01,34808088
8.762176947479734e+03,8.757325064854913e+03,1.176470588235294e+00,34808085
8.763941653362087e+03,8.761377035371119e+03,5.882352941176470e-01,34808089
8.763941653362087e+03,8.756941125250217e+03,1.764705882352941e+00,34808084
8.764383888384325e+03,8.758280302010565e+03,1.764705882352941e+00,34808086
8.767118723957504e+03,8.765354018075151e+03,5.882352941176471e-01,34808091
8.768482706090733e+03,8.764953294326027e+03,1.176470588235294e+00,34808090
8.772132572743028e+03,8.766838455095969e+03,1.764705882352941e+00,34808092
8.774474802000492e+03,8.769180684353434e+03,1.764705882352941e+00,34808093
8.774870715938099e+03,8.773106010055746e+03,5.882352941176471e-01,34808095
8.777434839825089e+03,8.775670133942736e+03,5.882352941176471e-01,34808097
8.778294268157693e+03,8.773000150510634e+03,1.764705882352941e+00,34808094
8.779484232677497e+03,8.777333848572375e+03,5.882352941176471e-01,34808098
8.779768919647551e+03,8.774148317396019e+03,1.764705882352941e+00,34808096
8.780513373130624e+03,8.778748667248271e+03,5.882352941176471e-01,34808100
8.782278079012977e+03,8.780465670890486e+03,5.882352941176471e-01,34808103
8.783935018430941e+03,8.782103095440988e+03,5.882352941176471e-01,34808104
8.785195113336858e+03,8.779900995689799e+03,1.764705882352941e+00,34808101
8.785699724313294e+03,8.782461327756887e+03,5.882352941176471e-01,34808106
8.785807490777683e+03,8.780405606666235e+03,1.176470588235294e+00,34808102
8.788331950329991e+03,8.786567244447638e+03,5.882352941176471e-01,34808107
8.788724525101564e+03,8.782377367907315e+03,1.764705882352941e+00,34808105
8.788921221227593e+03,8.787156515345240e+03,5.882352941176471e-01,34808108
8.790358372726726e+03,8.788056035542183e+03,5.882352941176471e-01,34808110
8.790358372726726e+03,8.787186844320381e+03,5.882352941176471e-01,34808109
8.792157997801115e+03,8.790393291918762e+03,5.882352941176471e-01,34808113
8.794085287816391e+03,8.792320581934038e+03,5.882352941176471e-01,34808115
8.795633114144198e+03,8.790338996497139e+03,1.764705882352941e+00,34808112
8.795703543506934e+03,8.790409425859875e+03,1.764705882352941e+00,34808114
8.796620027417667e+03,8.794855321535314e+03,5.882352941176471e-01,34808116
8.798970867041379e+03,8.797206161159026e+03,5.882352941176471e-01,34808117
8.799089041638855e+03,8.797324335756502e+03,5.882352941176471e-01,34808118
8.799470361807160e+03,8.797705655924807e+03,5.882352941176471e-01,34808119
8.800814355988716e+03,8.798202142812839e+03,5.882352941176471e-01,34808120
8.802579061871069e+03,8.800061944957735e+03,5.882352941176471e-01,34808124
8.804343767753422e+03,8.798447866324372e+03,1.764705882352941e+00,34808121
8.806108473635775e+03,8.799320584398449e+03,1.764705882352941e+00,34808123
8.806529185336572e+03,8.801131178726706e+03,1.764705882352941e+00,34808125
8.810607931123311e+03,8.805313813476252e+03,1.764705882352941e+00,34808126
8.811433999078660e+03,8.805481227147462e+03,1.764705882352941e+00,34808127
8.811823302983631e+03,8.806171289227428e+03,1.764705882352941e+00,34808129
8.812372637005663e+03,8.809563971681178e+03,5.882352941176471e-01,34808130
8.813667080513016e+03,8.811902374630663e+03,5.882352941176471e-01,34808131
8.814763263083431e+03,8.812998557201078e+03,5.882352941176471e-01,34808133
8.815431786395369e+03,8.813416769881716e+03,5.882352941176471e-01,34808134
8.816045524755203e+03,8.813673258669436e+03,5.882352941176471e-01,34808135
8.817196492277722e+03,8.815194035555531e+03,5.882352941176471e-01,34808137
8.818292674848137e+03,8.814650396894824e+03,1.176470588235294e+00,34808136
8.819574936519909e+03,8.812516112990497e+03,1.764705882352941e+00,34808132
8.819701004182589e+03,8.817936298300236e+03,5.882352941176471e-01,34808138
8.820057380730490e+03,8.817947838940807e+03,5.882352941176471e-01,34808139
8.821402676233602e+03,8.819324453357903e+03,5.882352941176471e-01,34808141
8.821402676233602e+03,8.819087011828947e+03,5.882352941176471e-01,34808140
8.826242860992471e+03,8.824478155110119e+03,5.882352941176471e-01,34808144
8.828288019745151e+03,8.822993902098092e+03,1.764705882352941e+00,34808142
8.829317800827174e+03,8.826532916715258e+03,5.882352941176471e-01,34808147
8.831234301038578e+03,8.828418754597706e+03,5.882352941176471e-01,34808152
8.831677205074693e+03,8.829621389485276e+03,5.882352941176471e-01,34808154
8.831731628502084e+03,8.829966922619731e+03,5.882352941176471e-01,34808155
8.832999006920931e+03,8.830823683801204e+03,5.882352941176471e-01,34808156
8.833370197208121e+03,8.823928341985242e+03,1.176470588235294e+00,34808143
8.835011172994744e+03,8.832858819186363e+03,5.882352941176471e-01,34808159
8.835011172994744e+03,8.832292540373154e+03,5.882352941176471e-01,34808158
8.836462026469557e+03,8.827564908667795e+03,1.176470588235294e+00,34808150
8.838226732351910e+03,8.835623341146528e+03,5.882352941176470e-01,34808161
8.838226732351910e+03,8.826108001776874e+03,1.764705882352941e+00,34808146
8.838226732351910e+03,8.825764761616521e+03,1.764705882352941e+00,34808145
8.840117053525804e+03,8.838352347643451e+03,5.882352941176471e-01,34808163
8.841756144116616e+03,8.837284330869334e+03,1.176470588235294e+00,34808162
8.842558538437874e+03,8.840793832555521e+03,5.882352941176471e-01,34808164
8.845186652335872e+03,8.843421946453519e+03,5.882352941176471e-01,34808166
8.845968968891301e+03,8.844204263008948e+03,5.882352941176471e-01,34808167
8.846948633062696e+03,8.844271083437534e+03,5.882352941176471e-01,34808168
8.847736832935576e+03,8.845972127053223e+03,5.882352941176471e-01,34808173
8.848713338945049e+03,8.846043891351645e+03,5.882352941176471e-01,34808174
8.850474886665480e+03,8.843408320675877e+03,1.764705882352941e+00,34808165
8.851266244700282e+03,8.844296766469322e+03,1.764705882352941e+00,34808169
8.853320562620094e+03,8.849791150855388e+03,1.176470588235294e+00,34808175
8.853343100913956e+03,8.851578395031603e+03,5.882352941176471e-01,34808176
8.854102420399653e+03,8.852337714517300e+03,5.882352941176471e-01,34808177
8.858225328495306e+03,8.854695916730600e+03,1.176470588235294e+00,34808178
8.858892537918437e+03,8.857127832036084e+03,5.882352941176471e-01,34808179
8.859416311939183e+03,8.857651606056830e+03,5.882352941176471e-01,34808180
8.859990034377659e+03,8.857926160048446e+03,5.882352941176471e-01,34808181
8.860919130811163e+03,8.858774994305397e+03,5.882352941176471e-01,34808183
8.862197704919512e+03,8.860432999037159e+03,5.882352941176471e-01,34808184
8.863879832723228e+03,8.862115126840876e+03,5.882352941176471e-01,34808185
8.863992214524221e+03,8.862227508641868e+03,5.882352941176471e-01,34808186
8.864448542575868e+03,8.858225457216659e+03,1.764705882352941e+00,34808182
8.865700729506077e+03,8.863527088744402e+03,5.882352941176471e-01,34808188
8.865700729506077e+03,8.863422218775798e+03,5.882352941176471e-01,34808187
8.867927073500177e+03,8.866162367617824e+03,5.882352941176471e-01,34808189
8.869734495869575e+03,8.867969789987222e+03,5.882352941176471e-01,34808190
8.869925771706777e+03,8.868161065824424e+03,5.882352941176471e-01,34808191
8.870419793876208e+03,8.868655087993855e+03,5.882352941176471e-01,34808192
8.871594839670529e+03,8.869452385054876e+03,5.882352941176471e-01,34808194
8.871594839670529e+03,8.868660058369315e+03,5.882352941176471e-01,34808193
8.873359545552882e+03,8.870951459191758e+03,5.882352941176471e-01,34808196
8.876185177353415e+03,8.870891059706357e+03,1.764705882352941e+00,34808195
8.876365366343637e+03,8.873851048999620e+03,5.882352941176471e-01,34808199
8.876888957317588e+03,8.874790409168107e+03,5.882352941176471e-01,34808200
8.877952874540418e+03,8.876188168658066e+03,5.882352941176471e-01,34808201
8.878604663546786e+03,8.872835954578931e+03,1.176470588235294e+00,34808197
8.879717580422771e+03,8.877076797805074e+03,5.882352941176471e-01,34808203
8.881942332479840e+03,8.876648214832781e+03,1.764705882352941e+00,34808202
8.883305722490980e+03,8.881541016608627e+03,5.882352941176471e-01,34808205
8.883944396629528e+03,8.878650278982470e+03,1.764705882352941e+00,34808204
8.885070428373333e+03,8.883280573605879e+03,5.882352941176471e-01,34808207
8.886262802569730e+03,8.882733390805025e+03,1.176470588235294e+00,34808206
8.888372666934190e+03,8.886607961051837e+03,5.882352941176471e-01,34808208
8.889370550880867e+03,8.887605844998514e+03,5.882352941176471e-01,34808209
8.891201149766790e+03,8.888838221904135e+03,5.882352941176471e-01,34808212
8.891902078698896e+03,8.890131421238361e+03,5.882352941176471e-01,34808217
8.893524606262494e+03,8.891360375062723e+03,5.882352941176471e-01,34808219
8.894072480384305e+03,8.888094261874863e+03,1.176470588235294e+00,34808210
8.894730561531496e+03,8.892510622403480e+03,5.882352941176471e-01,34808220
8.895998107270845e+03,8.893823117016365e+03,5.882352941176471e-01,34808222
8.896774642720525e+03,8.894713681370705e+03,5.882352941176471e-01,34808225
8.897762813153198e+03,8.895800194057806e+03,5.882352941176471e-01,34808226
8.898539348602877e+03,8.896468382542927e+03,5.882352941176471e-01,34808227
8.899178093889952e+03,8.890462055521800e+03,1.176470588235294e+00,34808218
8.899527519035551e+03,8.897732760651137e+03,5.882352941176471e-01,34808228
8.902865137457896e+03,8.901100431575543e+03,5.882352941176471e-01,34808231
8.903833466249936e+03,8.898447629745159e+03,1.764705882352941e+00,34808229
8.904188780331264e+03,8.901166721673181e+03,5.882352941176471e-01,34808232
8.904629843340249e+03,8.900659368566558e+03,1.176470588235294e+00,34808230
8.905775829172953e+03,8.903666074650098e+03,5.882352941176471e-01,34808234
8.908910135555350e+03,8.905380723790644e+03,1.176470588235294e+00,34808235
8.909305240937659e+03,8.905663314914260e+03,1.176470588235294e+00,34808236
8.909305240937659e+03,8.903266638414224e+03,1.764705882352941e+00,34808233
8.910761791297644e+03,8.907899145223691e+03,5.882352941176471e-01,34808237
8.912680574941181e+03,8.909984702231568e+03,5.882352941176471e-01,34808243
8.912680574941181e+03,8.909672797496029e+03,5.882352941176471e-01,34808242
8.914445280823534e+03,8.911611030628622e+03,5.882352941176471e-01,34808245
8.914958540236513e+03,8.913167084754001e+03,5.882352941176471e-01,34808246
8.916392427885694e+03,8.913393171424367e+03,5.882352941176471e-01,34808247
8.916453241612297e+03,8.909040560345261e+03,1.764705882352941e+00,34808240
8.918487952001219e+03,8.911128399246680e+03,1.764705882352941e+00,34808244
8.919921839650400e+03,8.917013329629146e+03,5.882352941176471e-01,34808253
8.922008346255154e+03,8.916705211097324e+03,1.764705882352941e+00,34808252
8.922008346255154e+03,8.915957735270339e+03,1.764705882352941e+00,34808251
8.923506523140709e+03,8.920361604916665e+03,5.882352941176471e-01,34808255
8.925271229023061e+03,8.923263003651946e+03,5.882352941176471e-01,34808260
8.925537758019860e+03,8.923608883251295e+03,5.882352941176470e-01,34808261
8.925537758019860e+03,8.919611133993940e+03,1.764705882352941e+00,34808254
8.927258042402746e+03,8.923844890924457e+03,5.882352941176471e-01,34808262
8.927258042402746e+03,8.924193729317508e+03,5.882352941176471e-01,34808264
8.929022748285099e+03,8.927075299363073e+03,5.882352941176471e-01,34808269
8.929105188855232e+03,8.927340482972879e+03,5.882352941176471e-01,34808270
8.930787454167452e+03,8.928300603263136e+03,5.882352941176471e-01,34808271
8.931669807108629e+03,8.924008806952040e+03,1.176470588235294e+00,34808263
8.933434512990982e+03,8.921760241166890e+03,1.764705882352941e+00,34808259
8.934758042402746e+03,8.928827728364904e+03,1.764705882352941e+00,34808272
8.934758042402746e+03,8.925692112781625e+03,1.764705882352941e+00,34808268
8.935329817475333e+03,8.932076091482696e+03,5.882352941176471e-01,34808273
8.936903931666824e+03,8.933608644460313e+03,5.882352941176471e-01,34808277
8.938668637549177e+03,8.934041920963985e+03,1.176470588235294e+00,34808278
8.938668637549177e+03,8.934100421869658e+03,1.176470588235294e+00,34808279
8.938668637549177e+03,8.936379560754649e+03,5.882352941176471e-01,34808283
8.942198049313882e+03,8.937182612553855e+03,1.176470588235294e+00,34808284
8.942311058262593e+03,8.940546352380240e+03,5.882352941176471e-01,34808286
8.943962755196235e+03,8.937931789163187e+03,1.764705882352941e+00,34808285
8.946116038713264e+03,8.944351332830911e+03,5.882352941176471e-01,34808289
8.947492166960941e+03,8.942111848838339e+03,1.764705882352941e+00,34808287
8.947765454504688e+03,8.945294727247845e+03,5.882352941176471e-01,34808291
8.947765454504688e+03,8.944700235311406e+03,5.882352941176471e-01,34808290
8.951021578725647e+03,8.944005462558125e+03,1.764705882352941e+00,34808288
8.951066971467767e+03,8.949302265585414e+03,5.882352941176471e-01,34808293
8.953291804373960e+03,8.951527098491607e+03,5.882352941176471e-01,34808294
8.954019165729682e+03,8.952254459847329e+03,5.882352941176471e-01,34808295
8.954170274274000e+03,8.952405568391647e+03,5.882352941176471e-01,34808296
8.958930053890618e+03,8.953635936243559e+03,1.764705882352941e+00,34808297
8.959356697459194e+03,8.957297692135165e+03,5.882352941176471e-01,34808301
8.960665785339475e+03,8.958524048342532e+03,5.882352941176471e-01,34808302
8.962743894701041e+03,8.955827285694488e+03,1.764705882352941e+00,34808299
8.962743894701041e+03,8.955371667692416e+03,1.764705882352941e+00,34808298
8.964463646075925e+03,8.960866163513481e+03,5.882352941176471e-01,34808306
8.964463646075925e+03,8.961341296654197e+03,5.882352941176471e-01,34808307
8.964463646075925e+03,8.961786706273549e+03,5.882352941176471e-01,34808308
8.968427783061323e+03,8.964980786465675e+03,5.882352941176471e-01,34808313
8.968427783061323e+03,8.965404052874798e+03,5.882352941176471e-01,34808314
8.970192488943676e+03,8.967967252841046e+03,5.882352941176471e-01,34808317
8.971957194826029e+03,8.970112923907420e+03,5.882352941176471e-01,34808318
8.972968279333687e+03,8.962879982204373e+03,1.764705882352941e+00,34808310
8.972968279333687e+03,8.959433050051503e+03,1.764705882352941e+00,34808303
8.974395957046821e+03,8.971889082407070e+03,5.882352941176471e-01,34808320
8.976160662929174e+03,8.974157672598729e+03,5.882352941176471e-01,34808322
8.976270060732389e+03,8.974505354850037e+03,5.882352941176471e-01,34808323
8.976424477943861e+03,8.970823015738640e+03,1.176470588235294e+00,34808319
8.978249751964582e+03,8.976485046082229e+03,5.882352941176471e-01,34808327
8.980014457846935e+03,8.978152843184956e+03,5.882352941176471e-01,34808328
8.981527712445043e+03,8.975158397669066e+03,1.764705882352941e+00,34808325
8.981527712445043e+03,8.975032984879412e+03,1.764705882352941e+00,34808324
8.982788000128027e+03,8.979969673362040e+03,5.882352941176471e-01,34808331
8.986317411892733e+03,8.979784584668533e+03,1.764705882352941e+00,34808330
8.986317411892733e+03,8.979191906563107e+03,1.764705882352941e+00,34808329
8.986502063130827e+03,8.984032320423411e+03,5.882352941176471e-01,34808333
8.988082117775085e+03,8.982972651366121e+03,1.176470588235294e+00,34808332
8.993241082486481e+03,8.987946964839422e+03,1.764705882352941e+00,34808334
8.994183813607524e+03,8.992419107725171e+03,5.882352941176471e-01,34808335
8.995720435193391e+03,8.993955729311038e+03,5.882352941176471e-01,34808336
8.998067534825459e+03,8.996302828943106e+03,5.882352941176471e-01,34808337
8.999402060569242e+03,8.997637354686889e+03,5.882352941176471e-01,34808339
9.000320021723611e+03,8.998555315841258e+03,5.882352941176471e-01,34808340
9.000440142104302e+03,8.998594931438899e+03,5.882352941176471e-01,34808341
9.002144787796310e+03,8.999683427562810e+03,5.882352941176471e-01,34808342
9.002931472333948e+03,8.996910730339596e+03,1.764705882352941e+00,34808338
9.003909493678663e+03,9.001133959791097e+03,5.882352941176471e-01,34808345
9.004751346797390e+03,9.002264968623957e+03,5.882352941176471e-01,34808346
9.005674199561015e+03,9.003041809496127e+03,5.882352941176471e-01,34808348
9.005771327069551e+03,9.004006621187198e+03,5.882352941176471e-01,34808349
9.008693621189641e+03,9.000676506964393e+03,1.764705882352941e+00,34808344
9.008693621189641e+03,8.999843469771168e+03,1.764705882352941e+00,34808343
9.011787378216900e+03,9.008845341879755e+03,5.882352941176471e-01,34808353
9.011787378216900e+03,9.009055184665833e+03,5.882352941176471e-01,34808354
9.012223032954347e+03,9.005703318069763e+03,1.764705882352941e+00,34808350
9.015783509719219e+03,9.010165811715968e+03,1.176470588235294e+00,34808357
9.016152988475935e+03,9.006437843312525e+03,1.764705882352941e+00,34808351
9.017081495863959e+03,9.014417962405410e+03,5.882352941176471e-01,34808360
9.019257766454676e+03,9.017493060572323e+03,5.882352941176471e-01,34808362
9.019381723358761e+03,9.015852311594055e+03,1.176470588235294e+00,34808361
9.019613598365805e+03,9.013121361449009e+03,1.764705882352941e+00,34808359
9.023117195198357e+03,9.018411462084454e+03,1.176470588235294e+00,34808363
9.024582401343154e+03,9.021827374297322e+03,5.882352941176471e-01,34808369
9.024881901080710e+03,9.019271217140319e+03,1.764705882352941e+00,34808365
9.026496857094285e+03,9.024282231228054e+03,5.882352941176471e-01,34808375
9.026496857094285e+03,9.023394526465332e+03,5.882352941176471e-01,34808374
9.027622838005432e+03,9.019409481186234e+03,1.176470588235294e+00,34808366
9.031790974741344e+03,9.026477129324783e+03,1.764705882352941e+00,34808377
9.031790974741344e+03,9.026276914827519e+03,1.764705882352941e+00,34808376
9.032916955652490e+03,9.027566192918352e+03,1.764705882352941e+00,34808378
9.033610480061853e+03,9.031845774179500e+03,5.882352941176471e-01,34808380
9.036333472215868e+03,9.034568766333516e+03,5.882352941176471e-01,34808381
9.037085092388403e+03,9.031176849917219e+03,1.764705882352941e+00,34808379
9.038849798270756e+03,9.036629014923070e+03,5.882352941176471e-01,34808386
9.039128238599372e+03,9.037363532717019e+03,5.882352941176471e-01,34808387
9.040059912452042e+03,9.037469536762568e+03,5.882352941176471e-01,34808388
9.040614504153109e+03,9.038550466940844e+03,5.882352941176471e-01,34808389
9.041824618334395e+03,9.039303805735025e+03,5.882352941176471e-01,34808390
9.042379210035462e+03,9.040068974264438e+03,5.882352941176471e-01,34808391
9.042566186640017e+03,9.035507363110605e+03,1.764705882352941e+00,34808382
9.045123752451722e+03,9.043359046569369e+03,5.882352941176471e-01,34808392
9.045354030099101e+03,9.035592958835620e+03,1.764705882352941e+00,34808383
9.049307207954852e+03,9.047542502072499e+03,5.882352941176471e-01,34808393
9.050863282855598e+03,9.049098576973245e+03,5.882352941176471e-01,34808395
9.054392694620304e+03,9.048758965183969e+03,1.764705882352941e+00,34808394
9.054683301964482e+03,9.049389184317424e+03,1.764705882352941e+00,34808396
9.056072497555338e+03,9.053110012364172e+03,5.882352941176471e-01,34808401
9.056072497555338e+03,9.052920058334351e+03,5.882352941176471e-01,34808400
9.058532758385260e+03,9.050077934756694e+03,1.764705882352941e+00,34808397
9.059601909320044e+03,9.057794369815115e+03,5.882352941176471e-01,34808404
9.061593197258958e+03,9.058607469183633e+03,5.882352941176471e-01,34808405
9.061819779315520e+03,9.056283270834015e+03,1.764705882352941e+00,34808403
9.061819779315520e+03,9.055323391276626e+03,1.764705882352941e+00,34808402
9.063357903141311e+03,9.060752275922186e+03,5.882352941176471e-01,34808407
9.067626767443318e+03,9.065862061560965e+03,5.882352941176471e-01,34808409
9.067902667553357e+03,9.062608549906298e+03,1.764705882352941e+00,34808408
9.071052285253499e+03,9.069287579371146e+03,5.882352941176471e-01,34808412
9.071390671265938e+03,9.066096553618879e+03,1.764705882352941e+00,34808410
9.072665072575367e+03,9.070654387419243e+03,5.882352941176471e-01,34808414
9.072665072575367e+03,9.070569630561288e+03,5.882352941176471e-01,34808413
9.074920083030644e+03,9.068983742250177e+03,1.764705882352941e+00,34808411
9.077959190222426e+03,9.072085632038011e+03,1.764705882352941e+00,34808415
9.079507222826972e+03,9.077742516944619e+03,5.882352941176471e-01,34808417
9.081261093327514e+03,9.078840333265729e+03,5.882352941176471e-01,34808420
9.081261093327514e+03,9.078413769041424e+03,5.882352941176471e-01,34808419
9.083025799209867e+03,9.081143763993222e+03,5.882352941176471e-01,34808421
9.084026881554674e+03,9.077720846180997e+03,1.764705882352941e+00,34808416
9.086183043036789e+03,9.084418337154436e+03,5.882352941176471e-01,34808424
9.087775618420053e+03,9.085379424973323e+03,5.882352941176471e-01,34808426
9.087947748919142e+03,9.086039077263292e+03,5.882352941176471e-01,34808428
9.091021084699274e+03,9.083431323501993e+03,1.764705882352941e+00,34808422
9.091305030184759e+03,9.087757141768503e+03,1.176470588235294e+00,34808429
9.093174757972508e+03,9.091410052090155e+03,5.882352941176471e-01,34808431
9.093349985705793e+03,9.088055868058734e+03,1.764705882352941e+00,34808430
9.093458715942119e+03,9.091694010059766e+03,5.882352941176471e-01,34808432
9.099171521446299e+03,9.093877403799240e+03,1.764705882352941e+00,34808433
9.100185838453970e+03,9.094891720806911e+03,1.764705882352941e+00,34808434
9.101346766606023e+03,9.099150121309597e+03,5.882352941176471e-01,34808436
9.101950544336323e+03,9.099992600001041e+03,5.882352941176471e-01,34808438
9.102457253078892e+03,9.100295421781705e+03,5.882352941176471e-01,34808439
9.104430053144885e+03,9.102665347262532e+03,5.882352941176471e-01,34808441
9.105479956101029e+03,9.098927841314186e+03,1.764705882352941e+00,34808435
9.106353243397089e+03,9.104135231218217e+03,5.882352941176471e-01,34808443
9.106640884253082e+03,9.104747021884587e+03,5.882352941176471e-01,34808445
9.107493675381885e+03,9.101236405078538e+03,1.176470588235294e+00,34808440
9.108117949279442e+03,9.105977982898035e+03,5.882352941176471e-01,34808446
9.110885146616289e+03,9.109120440733936e+03,5.882352941176471e-01,34808448
9.113415364220030e+03,9.108121246572971e+03,1.764705882352941e+00,34808447
9.114080902970220e+03,9.111545746241290e+03,5.882352941176471e-01,34808452
9.114080902970220e+03,9.111114043824048e+03,5.882352941176471e-01,34808451
9.115512839477478e+03,9.110490046209823e+03,1.176470588235294e+00,34808450
9.115512839477478e+03,9.110217835794739e+03,1.176470588235294e+00,34808449
9.119733849068909e+03,9.114439731421850e+03,1.764705882352941e+00,34808453
9.121222725238865e+03,9.119458019356512e+03,5.882352941176471e-01,34808455
9.121521065806819e+03,9.119756359924466e+03,5.882352941176471e-01,34808456
9.122054415541589e+03,9.116760297894530e+03,1.764705882352941e+00,34808454
9.123054490370769e+03,9.121289784488416e+03,5.882352941176471e-01,34808457
9.123328683003531e+03,9.121563977121178e+03,5.882352941176471e-01,34808458
9.123996149383294e+03,9.122231443500941e+03,5.882352941176471e-01,34808459
9.124956292569503e+03,9.122991326721140e+03,5.882352941176471e-01,34808461
9.124956292569503e+03,9.122402037780277e+03,5.882352941176471e-01,34808460
9.126954149446317e+03,9.125189443563964e+03,5.882352941176471e-01,34808462
9.128750639299145e+03,9.126985933416792e+03,5.882352941176471e-01,34808463
9.129984573386393e+03,9.128219867504040e+03,5.882352941176471e-01,34808464
9.130106508312684e+03,9.128341802430331e+03,5.882352941176471e-01,34808465
9.130725005214094e+03,9.128960299331741e+03,5.882352941176471e-01,34808466
9.133788601798811e+03,9.132023895916459e+03,5.882352941176471e-01,34808467
9.136449450864379e+03,9.134684744982026e+03,5.882352941176471e-01,34808470
9.138029607143149e+03,9.132735489496090e+03,1.764705882352941e+00,34808468
9.138214156746732e+03,9.136239975604754e+03,5.882352941176471e-01,34808471
9.139404413700047e+03,9.134110296052988e+03,1.764705882352941e+00,34808469
9.142026995127941e+03,9.140262289245588e+03,5.882352941176471e-01,34808473
9.143670680275223e+03,9.138376562628164e+03,1.764705882352941e+00,34808472
9.143934722276428e+03,9.142170016394075e+03,5.882352941176471e-01,34808474
9.144145671334901e+03,9.142380965452548e+03,5.882352941176471e-01,34808475
9.146413498487522e+03,9.144648792605169e+03,5.882352941176471e-01,34808477
9.147672156803200e+03,9.145907450920847e+03,5.882352941176471e-01,34808478
9.149211669632462e+03,9.143917551985403e+03,1.764705882352941e+00,34808476
9.149284185997574e+03,9.147519480115221e+03,5.882352941176471e-01,34808479
9.149630486283340e+03,9.147865780400987e+03,5.882352941176471e-01,34808480
9.152747266697562e+03,9.150982560815209e+03,5.882352941176471e-01,34808481
9.153175279076243e+03,9.151410573193890e+03,5.882352941176471e-01,34808482
9.154511972579915e+03,9.152486351229085e+03,5.882352941176471e-01,34808484
9.155837430297404e+03,9.152308018532698e+03,1.176470588235294e+00,34808483
9.155964911913116e+03,9.154200206030763e+03,5.882352941176471e-01,34808485
9.160539370033721e+03,9.158774664151368e+03,5.882352941176471e-01,34808488
9.161646597219633e+03,9.156352479572574e+03,1.764705882352941e+00,34808486
9.162304075916074e+03,9.159802738790504e+03,5.882352941176471e-01,34808489
9.162321984793819e+03,9.157027867146760e+03,1.764705882352941e+00,34808487
9.165193387582443e+03,9.163428681700091e+03,5.882352941176471e-01,34808492
9.166166357543032e+03,9.163906831566870e+03,5.882352941176471e-01,34808493
9.168184225962488e+03,9.162636945778326e+03,1.176470588235294e+00,34808490
9.168567462833612e+03,9.166672682617237e+03,5.882352941176471e-01,34808496
9.169948931844840e+03,9.167576209303028e+03,5.882352941176471e-01,34808497
9.170332168715965e+03,9.168475465952665e+03,5.882352941176471e-01,34808498
9.170718894891849e+03,9.164714923645516e+03,1.764705882352941e+00,34808494
9.171720767753371e+03,9.168889990976022e+03,5.882352941176471e-01,34808499
9.172483600774202e+03,9.170438959886247e+03,5.882352941176471e-01,34808503
9.174428228717200e+03,9.172663522834847e+03,5.882352941176471e-01,34808505
9.175455458951579e+03,9.171926047186873e+03,1.176470588235294e+00,34808504
9.175626286363024e+03,9.169959626884107e+03,1.764705882352941e+00,34808502
9.176600662903879e+03,9.174835957021526e+03,5.882352941176471e-01,34808506
9.177220164833932e+03,9.175424596321136e+03,5.882352941176471e-01,34808507
9.180845633137108e+03,9.179080927254755e+03,5.882352941176471e-01,34808511
9.181866659090534e+03,9.176572541443475e+03,1.764705882352941e+00,34808508
9.183421624578659e+03,9.177261786098129e+03,1.764705882352941e+00,34808509
9.184375044901814e+03,9.178181942205873e+03,1.764705882352941e+00,34808510
9.185354122776394e+03,9.182297199034545e+03,5.882352941176471e-01,34808514
9.186139750784167e+03,9.183850214940256e+03,5.882352941176471e-01,34808518
9.187904456666520e+03,9.185884867042689e+03,5.882352941176471e-01,34808519
9.188883534541100e+03,9.182255357626627e+03,1.764705882352941e+00,34808513
9.188883534541100e+03,9.181543105627983e+03,1.764705882352941e+00,34808512
9.192239740712981e+03,9.190475034830628e+03,5.882352941176471e-01,34808521
9.193564290350450e+03,9.188270172703391e+03,1.764705882352941e+00,34808520
9.197392936537059e+03,9.192098818890000e+03,1.764705882352941e+00,34808522
9.199157642419412e+03,9.194340001055614e+03,1.176470588235294e+00,34808525
9.199620282324561e+03,9.194072019588119e+03,1.764705882352941e+00,34808524
9.199620282324561e+03,9.192815603884532e+03,1.764705882352941e+00,34808523
9.202687054184118e+03,9.198622298391176e+03,1.176470588235294e+00,34808526
9.202718100650030e+03,9.200953394767677e+03,5.882352941176471e-01,34808527
9.202991170598726e+03,9.201226464716373e+03,5.882352941176471e-01,34808528
9.204475044915905e+03,9.201721242656893e+03,5.882352941176471e-01,34808529
9.204855988685066e+03,9.202900838343083e+03,5.882352941176471e-01,34808533
9.206239750798258e+03,9.203191395006700e+03,5.882352941176471e-01,34808535
9.208131437936998e+03,9.205531316998744e+03,5.882352941176471e-01,34808537
9.208131437936998e+03,9.205639358203008e+03,5.882352941176471e-01,34808538
9.208385400449772e+03,9.201917743296898e+03,1.764705882352941e+00,34808530
9.209896143819351e+03,9.203682035012796e+03,1.176470588235294e+00,34808536
9.211816239726183e+03,9.210051533843830e+03,5.882352941176471e-01,34808541
9.211991491263465e+03,9.210226785381113e+03,5.882352941176471e-01,34808542
9.213479268009476e+03,9.208185150362417e+03,1.764705882352941e+00,34808540
9.213668571377177e+03,9.211343670977622e+03,5.882352941176471e-01,34808544
9.215314320661097e+03,9.212294885504149e+03,5.882352941176471e-01,34808545
9.215433277259530e+03,9.213619961548012e+03,5.882352941176471e-01,34808547
9.217138504842666e+03,9.213864939760491e+03,5.882352941176471e-01,34808548
9.217197983141883e+03,9.210433892609334e+03,1.764705882352941e+00,34808543
9.219054748495561e+03,9.217290042613208e+03,5.882352941176471e-01,34808550
9.220667916607372e+03,9.214655842465684e+03,1.764705882352941e+00,34808549
9.220881522976934e+03,9.219116817094581e+03,5.882352941176471e-01,34808551
9.221107971072334e+03,9.219343265189981e+03,5.882352941176471e-01,34808552
9.223005097156754e+03,9.221240391274401e+03,5.882352941176471e-01,34808553
9.227772276515168e+03,9.222478158868109e+03,1.764705882352941e+00,34808554
9.228303914832288e+03,9.223009797185229e+03,1.764705882352941e+00,34808555
9.228885555034001e+03,9.225223500335650e+03,5.882352941176471e-01,34808557
9.229536982397521e+03,9.227485851792437e+03,5.882352941176471e-01,34808559
9.232414966798707e+03,9.224991140628507e+03,1.764705882352941e+00,34808556
9.233003319027388e+03,9.231238613145035e+03,5.882352941176471e-01,34808561
9.233598032479346e+03,9.228140567184800e+03,1.764705882352941e+00,34808560
9.234355805346072e+03,9.231488071568391e+03,5.882352941176471e-01,34808562
9.235362738361699e+03,9.233356910961950e+03,5.882352941176471e-01,34808566
9.236120511228425e+03,9.233602309141114e+03,5.882352941176471e-01,34808567
9.238297436674446e+03,9.232679165796225e+03,1.764705882352941e+00,34808565
9.241111512887655e+03,9.239337136308959e+03,5.882352941176471e-01,34808571
9.242638391496072e+03,9.237344273849013e+03,1.764705882352941e+00,34808568
9.242876218770008e+03,9.240173144518701e+03,5.882352941176471e-01,34808573
9.246262140379991e+03,9.238076708040228e+03,1.764705882352941e+00,34808570
9.246262140379991e+03,9.237582101122950e+03,1.764705882352941e+00,34808569
9.247313609276445e+03,9.242019491629386e+03,1.764705882352941e+00,34808574
9.249791552144697e+03,9.244311742513848e+03,1.176470588235294e+00,34808575
9.250312567397516e+03,9.246783155632810e+03,1.176470588235294e+00,34808576
9.253746431496589e+03,9.251981725614236e+03,5.882352941176471e-01,34808579
9.254332125691604e+03,9.249038008044545e+03,1.764705882352941e+00,34808577
9.255582305719307e+03,9.252456616066224e+03,5.882352941176471e-01,34808580
9.255653474059672e+03,9.250359356412613e+03,1.764705882352941e+00,34808578
9.259461643860813e+03,9.255932232096107e+03,1.176470588235294e+00,34808583
9.260815134965044e+03,9.255521017317985e+03,1.764705882352941e+00,34808582
9.261190310176197e+03,9.259425604293844e+03,5.882352941176471e-01,34808584
9.264290647179495e+03,9.262525941297143e+03,5.882352941176471e-01,34808587
9.265729264674831e+03,9.260435147027772e+03,1.764705882352941e+00,34808585
9.266207470640493e+03,9.260913352993434e+03,1.764705882352941e+00,34808586
9.267008326263053e+03,9.265243620380700e+03,5.882352941176471e-01,34808588
9.268860142293638e+03,9.267095436411285e+03,5.882352941176471e-01,34808589
9.271114461807547e+03,9.269349755925194e+03,5.882352941176471e-01,34808590
9.272073324650350e+03,9.270308618767997e+03,5.882352941176471e-01,34808592
9.275448933444254e+03,9.273321779175183e+03,5.882352941176471e-01,34808595
9.275602736415056e+03,9.270154815797195e+03,1.764705882352941e+00,34808591
9.276408579454606e+03,9.270771495559899e+03,1.764705882352941e+00,34808593
9.277328991554709e+03,9.274475310504274e+03,5.882352941176471e-01,34808597
9.278173285336959e+03,9.275603774331263e+03,5.882352941176471e-01,34808600
9.279094835405936e+03,9.277330129523583e+03,5.882352941176471e-01,34808601
9.279937991219311e+03,9.277854953909714e+03,5.882352941176471e-01,34808602
9.280859541288289e+03,9.278256224287786e+03,5.882352941176471e-01,34808603
9.281120815512480e+03,9.271646462355067e+03,1.764705882352941e+00,34808594
9.282658454351891e+03,9.280237699198281e+03,5.882352941176471e-01,34808605
9.283467402984017e+03,9.281150706477221e+03,5.882352941176471e-01,34808608
9.284423160234244e+03,9.282498527762304e+03,5.882352941176471e-01,34808609
9.286705873954131e+03,9.280927955650786e+03,1.764705882352941e+00,34808607
9.286705873954131e+03,9.279755434354457e+03,1.764705882352941e+00,34808604
9.289973515218330e+03,9.288190102950537e+03,5.882352941176471e-01,34808614
9.290235285718837e+03,9.288285461049524e+03,5.882352941176470e-01,34808615
9.290235285718837e+03,9.283771656017859e+03,1.764705882352941e+00,34808610
9.291905729561804e+03,9.286700340790651e+03,1.176470588235294e+00,34808613
9.291926745179454e+03,9.290162039297101e+03,5.882352941176471e-01,34808616
9.293670435444157e+03,9.284605988584961e+03,1.764705882352941e+00,34808611
9.294424953850928e+03,9.292660247968575e+03,5.882352941176471e-01,34808617
9.295492930137898e+03,9.293728224255545e+03,5.882352941176471e-01,34808618
9.296360654746636e+03,9.294070795590675e+03,5.882352941176471e-01,34808620
9.297378451257684e+03,9.295134060950778e+03,5.882352941176471e-01,34808623
9.298125360628989e+03,9.295901412440922e+03,5.882352941176471e-01,34808624
9.299143157140037e+03,9.297152183304367e+03,5.882352941176471e-01,34808625
9.299516611825689e+03,9.294766943877638e+03,1.176470588235294e+00,34808622
9.299516611825689e+03,9.293969854730411e+03,1.176470588235294e+00,34808619
9.304348039761783e+03,9.302013239450918e+03,5.882352941176471e-01,34808629
9.304909444297697e+03,9.300818627997077e+03,1.176470588235294e+00,34808627
9.305032871667199e+03,9.299738754020140e+03,1.764705882352941e+00,34808626
9.309283971985597e+03,9.307519266103244e+03,5.882352941176471e-01,34808631
9.312257556686753e+03,9.306963439039695e+03,1.764705882352941e+00,34808630
9.314323948010510e+03,9.312559242128157e+03,5.882352941176471e-01,34808634
9.315483722959728e+03,9.312855225525390e+03,5.882352941176471e-01,34808635
9.317248428842081e+03,9.315082544434782e+03,5.882352941176471e-01,34808638
9.317548453669175e+03,9.315783747786822e+03,5.882352941176471e-01,34808639
9.318232657987352e+03,9.311796724526133e+03,1.764705882352941e+00,34808632
9.320653247231059e+03,9.318888541348706e+03,5.882352941176471e-01,34808640
9.320663885969835e+03,9.313876603746264e+03,1.764705882352941e+00,34808637
9.321671268921170e+03,9.319906563038817e+03,5.882352941176471e-01,34808641
9.322444336863105e+03,9.320679630980752e+03,5.882352941176471e-01,34808643
9.323435974803523e+03,9.321379494424488e+03,5.882352941176471e-01,34808644
9.325200680685876e+03,9.322637286824214e+03,5.882352941176471e-01,34808646
9.325947364878117e+03,9.320354939055403e+03,1.764705882352941e+00,34808642
9.326550477672082e+03,9.323939859138637e+03,5.882352941176471e-01,34808647
9.326965386568229e+03,9.325196253172276e+03,5.882352941176471e-01,34808649
9.328315183554435e+03,9.325979513771798e+03,5.882352941176471e-01,34808651
9.328730092450582e+03,9.326804307764651e+03,5.882352941176471e-01,34808652
9.329778333039806e+03,9.327124343522955e+03,5.882352941176471e-01,34808654
9.331018918627547e+03,9.328443310403781e+03,5.882352941176471e-01,34808656
9.331018918627547e+03,9.328393558056788e+03,5.882352941176471e-01,34808655
9.331851453592618e+03,9.330086747710265e+03,5.882352941176471e-01,34808657
9.333235842929794e+03,9.322610584524830e+03,1.176470588235294e+00,34808645
9.335000548812147e+03,9.325674949404380e+03,1.764705882352941e+00,34808650
9.336624801006034e+03,9.334710142328742e+03,5.882352941176471e-01,34808663
9.336624801006034e+03,9.333966619591911e+03,5.882352941176471e-01,34808662
9.338389506888387e+03,9.336362561727072e+03,5.882352941176471e-01,34808666
9.340154212770740e+03,9.338164132869634e+03,5.882352941176471e-01,34808668
9.340983090733192e+03,9.330158023133964e+03,1.764705882352941e+00,34808658
9.341918918653093e+03,9.340058135876494e+03,5.882352941176471e-01,34808670
9.341918918653093e+03,9.339447381714729e+03,5.882352941176471e-01,34808669
9.343215710575495e+03,9.340867819625263e+03,5.882352941176471e-01,34808672
9.343215710575495e+03,9.340246865961504e+03,5.882352941176471e-01,34808671
9.346312858366067e+03,9.335198136565688e+03,1.764705882352941e+00,34808664
9.346312858366067e+03,9.336071267310006e+03,1.764705882352941e+00,34808665
9.346312858366067e+03,9.337797891105479e+03,1.764705882352941e+00,34808667
9.348077564248420e+03,9.345933698269663e+03,5.882352941176471e-01,34808673
9.348803877085380e+03,9.347039171203027e+03,5.882352941176471e-01,34808674
9.351837317213358e+03,9.348307905448652e+03,1.176470588235294e+00,34808675
9.352354101044802e+03,9.350589395162449e+03,5.882352941176471e-01,34808676
9.357947556183776e+03,9.351293515302582e+03,1.764705882352941e+00,34808677
9.359077845411877e+03,9.352698279978234e+03,1.764705882352941e+00,34808679
9.359077845411877e+03,9.352359354451648e+03,1.764705882352941e+00,34808678
9.362862018512024e+03,9.360607871887231e+03,5.882352941176471e-01,34808690
9.362930292637794e+03,9.361165586755441e+03,5.882352941176471e-01,34808691
9.364442866063818e+03,9.361538893156891e+03,5.882352941176471e-01,34808692
9.365812360058223e+03,9.356000181868051e+03,1.176470588235294e+00,34808682
9.365812360058223e+03,9.358019372184565e+03,1.176470588235294e+00,34808684
9.367577065940576e+03,9.365257240828991e+03,5.882352941176470e-01,34808697
9.367577065940576e+03,9.353350777950125e+03,1.764705882352941e+00,34808681
9.369483192115115e+03,9.366283761032179e+03,5.882352941176471e-01,34808698
9.369577472309907e+03,9.359587368082760e+03,1.764705882352941e+00,34808688
9.371279324729065e+03,9.369305202817396e+03,5.882352941176471e-01,34808705
9.373044030611418e+03,9.370401383702797e+03,5.882352941176471e-01,34808707
9.373044030611418e+03,9.369848241963222e+03,5.882352941176471e-01,34808706
9.373516063187777e+03,9.366426452994289e+03,1.176470588235294e+00,34808699
9.376799821345928e+03,9.373721504193753e+03,5.882352941176471e-01,34808714
9.377045474952483e+03,9.375156867963701e+03,5.882352941176471e-01,34808718
9.378646411763799e+03,9.375641010091709e+03,5.882352941176471e-01,34808719
9.378646411763799e+03,9.375732170222442e+03,5.882352941176471e-01,34808720
9.380411117646152e+03,9.378205712646482e+03,5.882352941176471e-01,34808723
9.380411117646152e+03,9.377173684934168e+03,5.882352941176471e-01,34808722
9.380963534968472e+03,9.379198829086119e+03,5.882352941176471e-01,34808724
9.382175823528505e+03,9.380170586572737e+03,5.882352941176471e-01,34808726
9.382175823528505e+03,9.379709873542361e+03,5.882352941176471e-01,34808725
9.382728240850825e+03,9.380701885813654e+03,5.882352941176471e-01,34808727
9.384492946733178e+03,9.382271712361224e+03,5.882352941176471e-01,34808728
9.385652285128378e+03,9.372011365196489e+03,1.764705882352941e+00,34808709
9.385652285128378e+03,9.371987373593604e+03,1.764705882352941e+00,34808708
9.386322113118887e+03,9.382765784947592e+03,5.882352941176471e-01,34808729
9.387416991010731e+03,9.384621867739890e+03,5.882352941176471e-01,34808731
9.389181696893084e+03,9.384974964388777e+03,1.176470588235294e+00,34808732
9.389181696893084e+03,9.386856790430781e+03,5.882352941176471e-01,34808734
9.390946402775437e+03,9.388257991277766e+03,5.882352941176471e-01,34808736
9.393380936648299e+03,9.386273392631410e+03,1.764705882352941e+00,34808733
9.394475814540143e+03,9.388622363319328e+03,1.764705882352941e+00,34808737
9.394475814540143e+03,9.388213300058551e+03,1.764705882352941e+00,34808735
9.395817043248679e+03,9.391742651859010e+03,5.882352941176471e-01,34808738
9.396240520422496e+03,9.394388037725340e+03,5.882352941176471e-01,34808741
9.396324928662298e+03,9.394560222779945e+03,5.882352941176471e-01,34808742
9.397793487717940e+03,9.395684024859132e+03,5.882352941176471e-01,34808744
9.400149363047107e+03,9.398384657164754e+03,5.882352941176471e-01,34808745
9.400198353827514e+03,9.398433647945161e+03,5.882352941176471e-01,34808746
9.401322899482646e+03,9.394719699364689e+03,1.764705882352941e+00,34808743
9.401938564319664e+03,9.399905243447322e+03,5.882352941176471e-01,34808748
9.401938564319664e+03,9.399781907415763e+03,5.882352941176471e-01,34808747
9.408556140088395e+03,9.406791434206042e+03,5.882352941176471e-01,34808751
9.409912675988744e+03,9.404618558341686e+03,1.764705882352941e+00,34808749
9.410320845970748e+03,9.408190957812692e+03,5.882352941176471e-01,34808752
9.411266264890557e+03,9.405972147243498e+03,1.764705882352941e+00,34808750
9.414159947740656e+03,9.412395241858303e+03,5.882352941176471e-01,34808753
9.416059593277908e+03,9.412530181513202e+03,1.176470588235294e+00,34808754
9.417768372837438e+03,9.414238961072733e+03,1.176470588235294e+00,34808755
9.418148288178928e+03,9.416383582296575e+03,5.882352941176471e-01,34808757
9.418370918550905e+03,9.414841506786199e+03,1.176470588235294e+00,34808756
9.420138767912886e+03,9.418374062030533e+03,5.882352941176471e-01,34808759
9.421994259749869e+03,9.420229553867516e+03,5.882352941176471e-01,34808760
9.423062632872152e+03,9.417768515225094e+03,1.764705882352941e+00,34808758
9.423889296714439e+03,9.422124590832086e+03,5.882352941176471e-01,34808761
9.424331442366879e+03,9.422566736484526e+03,5.882352941176471e-01,34808762
9.426906633930401e+03,9.425141928048048e+03,5.882352941176471e-01,34808765
9.428197100961724e+03,9.424667689197018e+03,1.176470588235294e+00,34808764
9.428356750519211e+03,9.422993414103192e+03,1.764705882352941e+00,34808763
9.429961806844077e+03,9.428083485931406e+03,5.882352941176471e-01,34808767
9.431549082094000e+03,9.429784376211647e+03,5.882352941176471e-01,34808768
9.432438051507550e+03,9.427143933860491e+03,1.764705882352941e+00,34808766
9.433356700974480e+03,9.431078398612101e+03,5.882352941176471e-01,34808770
9.434260278494846e+03,9.432495572612493e+03,5.882352941176471e-01,34808773
9.435875819597274e+03,9.433840746697819e+03,5.882352941176471e-01,34808775
9.437732169154609e+03,9.430581701950216e+03,1.764705882352941e+00,34808769
9.439058572883420e+03,9.436380788207891e+03,5.882352941176471e-01,34808781
9.440823278765773e+03,9.439033061843015e+03,5.882352941176471e-01,34808782
9.442237250435619e+03,9.431634908090254e+03,1.764705882352941e+00,34808772
9.442587984648126e+03,9.436226538103018e+03,1.764705882352941e+00,34808780
9.446294620156723e+03,9.444529914274370e+03,5.882352941176471e-01,34808785
9.446729260563637e+03,9.441435142916578e+03,1.764705882352941e+00,34808783
9.448010059079991e+03,9.445498217745987e+03,5.882352941176471e-01,34808787
9.450258672328343e+03,9.444283579478947e+03,1.764705882352941e+00,34808784
9.451539470844697e+03,9.448143343729389e+03,5.882352941176471e-01,34808793
9.454641949770618e+03,9.445391844852582e+03,1.764705882352941e+00,34808786
9.454641949770618e+03,9.447504066571156e+03,1.764705882352941e+00,34808791
9.454641949770618e+03,9.447515546046567e+03,1.764705882352941e+00,34808792
9.457112538005912e+03,9.452186461602117e+03,5.882352941176471e-01,34808795
9.457112538005912e+03,9.452223439833370e+03,5.882352941176471e-01,34808796
9.457112538005912e+03,9.452629915093976e+03,5.882352941176471e-01,34808797
9.459005941564276e+03,9.457241235681923e+03,5.882352941176471e-01,34808800
9.460641949770618e+03,9.449654443884679e+03,1.764705882352941e+00,34808794
9.461328501019471e+03,9.459563795137118e+03,5.882352941176471e-01,34808802
9.462406655652971e+03,9.460129894973536e+03,5.882352941176471e-01,34808803
9.463423044829370e+03,9.458128927182311e+03,1.764705882352941e+00,34808801
9.465862559476095e+03,9.464097853593742e+03,5.882352941176471e-01,34808806
9.467627265358448e+03,9.465158804113216e+03,5.882352941176471e-01,34808807
9.467803368451882e+03,9.462509250804823e+03,1.764705882352941e+00,34808804
9.468352083969204e+03,9.463057966322145e+03,1.764705882352941e+00,34808805
9.469480022787518e+03,9.467033411468341e+03,5.882352941176471e-01,34808809
9.470116789851557e+03,9.467826411292175e+03,5.882352941176471e-01,34808810
9.471244728669871e+03,9.468754029761744e+03,5.882352941176471e-01,34808811
9.473009434552224e+03,9.466139355145096e+03,1.764705882352941e+00,34808808
9.473227959400630e+03,9.471463253518277e+03,5.882352941176471e-01,34808812
9.473641172611577e+03,9.471876466729224e+03,5.882352941176471e-01,34808813
9.475023857961497e+03,9.473259152079144e+03,5.882352941176471e-01,34808814
9.475534639401417e+03,9.473769933519064e+03,5.882352941176471e-01,34808816
9.476788563843850e+03,9.474715396354650e+03,5.882352941176471e-01,34808817
9.478758041650865e+03,9.473463924003806e+03,1.764705882352941e+00,34808815
9.479024889406040e+03,9.477260183523687e+03,5.882352941176471e-01,34808819
9.480522747533218e+03,9.478228551414821e+03,5.882352941176471e-01,34808820
9.482328109162884e+03,9.477033991515825e+03,1.764705882352941e+00,34808818
9.482772508517916e+03,9.481007802635563e+03,5.882352941176471e-01,34808821
9.483907809413120e+03,9.482143103530767e+03,5.882352941176471e-01,34808822
9.484537214400268e+03,9.482748964674057e+03,5.882352941176471e-01,34808824
9.485842970356186e+03,9.483756648021350e+03,5.882352941176471e-01,34808826
9.487607676238539e+03,9.485674293621359e+03,5.882352941176471e-01,34808829
9.488242179241672e+03,9.486477473359319e+03,5.882352941176471e-01,34808830
9.491269972438955e+03,9.483230856500146e+03,1.764705882352941e+00,34808825
9.491269972438955e+03,9.482484013652192e+03,1.764705882352941e+00,34808823
9.492266372946296e+03,9.488652059269557e+03,5.882352941176471e-01,34808832
9.493270885676368e+03,9.491506179794015e+03,5.882352941176471e-01,34808835
9.494297127838625e+03,9.488181882622368e+03,1.176470588235294e+00,34808831
9.494297127838625e+03,9.484624743135881e+03,1.176470588235294e+00,34808828
9.496534770181727e+03,9.494770064299374e+03,5.882352941176471e-01,34808836
9.496800297441074e+03,9.490996449003861e+03,1.764705882352941e+00,34808834
9.496921071958902e+03,9.495156366076549e+03,5.882352941176471e-01,34808837
9.498340734057078e+03,9.496576028174725e+03,5.882352941176471e-01,34808838
9.498614913999889e+03,9.496850208117536e+03,5.882352941176471e-01,34808839
9.500576448899202e+03,9.498811743016849e+03,5.882352941176471e-01,34808840
9.504822180857914e+03,9.503057474975561e+03,5.882352941176471e-01,34808843
9.504850468795274e+03,9.499556351148215e+03,1.764705882352941e+00,34808841
9.506141572032329e+03,9.500847454385270e+03,1.764705882352941e+00,34808842
9.506601030708947e+03,9.503431909807857e+03,5.882352941176471e-01,34808844
9.508068077788046e+03,9.505368952687288e+03,5.882352941176471e-01,34808846
9.508365736591300e+03,9.506465171779057e+03,5.882352941176471e-01,34808848
9.509832783670399e+03,9.506994986488593e+03,5.882352941176471e-01,34808849
9.510130442473653e+03,9.503446400088291e+03,1.764705882352941e+00,34808845
9.510157844803608e+03,9.508393138921255e+03,5.882352941176471e-01,34808850
9.515082719287423e+03,9.512614022873755e+03,5.882352941176471e-01,34808855
9.515325340519627e+03,9.509029903821108e+03,1.764705882352941e+00,34808852
9.515325340519627e+03,9.508826233889828e+03,1.764705882352941e+00,34808851
9.517090046401980e+03,9.515310075498457e+03,5.882352941176471e-01,34808862
9.517090046401980e+03,9.515252026982002e+03,5.882352941176471e-01,34808861
9.518789877566424e+03,9.516752896958353e+03,5.882352941176471e-01,34808864
9.518789877566424e+03,9.515880452161667e+03,5.882352941176471e-01,34808863
9.520554583448777e+03,9.518298612419088e+03,5.882352941176471e-01,34808866
9.522351726690084e+03,9.513558225663433e+03,1.764705882352941e+00,34808858
9.522351726690084e+03,9.511072883005991e+03,1.764705882352941e+00,34808854
9.524116432572437e+03,9.519124719232233e+03,1.176470588235294e+00,34808867
9.525875732228298e+03,9.523423691883351e+03,5.882352941176471e-01,34808872
9.525881138454790e+03,9.517299670020849e+03,1.764705882352941e+00,34808865
9.527643141223897e+03,9.525265582198687e+03,5.882352941176471e-01,34808874
9.527643141223897e+03,9.525276374950530e+03,5.882352941176471e-01,34808875
9.529407847106250e+03,9.526331355362544e+03,5.882352941176471e-01,34808877
9.529407847106250e+03,9.526548079933967e+03,5.882352941176471e-01,34808878
9.529407847106250e+03,9.527447058725022e+03,5.882352941176471e-01,34808879
9.531172552988603e+03,9.529205013441039e+03,5.882352941176471e-01,34808881
9.531172552988603e+03,9.528346078489741e+03,5.882352941176471e-01,34808880
9.532349023576838e+03,9.522059549305317e+03,1.176470588235294e+00,34808870
9.532349023576838e+03,9.524586133481598e+03,1.176470588235294e+00,34808873
9.534113729459191e+03,9.531423742242188e+03,5.882352941176470e-01,34808882
9.534113729459191e+03,9.522934272091233e+03,1.764705882352941e+00,34808871
9.535878435341544e+03,9.533188534532424e+03,5.882352941176471e-01,34808884
9.536003865163808e+03,9.534239159281455e+03,5.882352941176471e-01,34808885
9.539493217602977e+03,9.537098309557288e+03,5.882352941176471e-01,34808892
9.540176507499114e+03,9.538411801616761e+03,5.882352941176471e-01,34808894
9.541660572412849e+03,9.533046447505692e+03,1.176470588235294e+00,34808883
9.543425278295202e+03,9.541599942927349e+03,5.882352941176470e-01,34808895
9.543425278295202e+03,9.534880376214434e+03,1.764705882352941e+00,34808888
9.543425278295202e+03,9.534245352170642e+03,1.764705882352941e+00,34808886
9.545189984177555e+03,9.541987399024409e+03,5.882352941176471e-01,34808896
9.545189984177555e+03,9.543133619340855e+03,5.882352941176471e-01,34808897
9.546954690059908e+03,9.543306602791584e+03,1.176470588235294e+00,34808898
9.547779140179542e+03,9.546014434297189e+03,5.882352941176471e-01,34808899
9.548719395942261e+03,9.546477369516562e+03,5.882352941176470e-01,34808900
9.548719395942261e+03,9.537672592713717e+03,1.764705882352941e+00,34808893
9.550484101824614e+03,9.548205235670138e+03,5.882352941176471e-01,34808902
9.552294938824090e+03,9.550530232941737e+03,5.882352941176471e-01,34808903
9.552813158272336e+03,9.551048452389983e+03,5.882352941176471e-01,34808904
9.553073257826601e+03,9.547445060270858e+03,1.764705882352941e+00,34808901
9.555397023399251e+03,9.553632317516898e+03,5.882352941176471e-01,34808907
9.556342570037042e+03,9.554318354643606e+03,5.882352941176471e-01,34808908
9.557277416444508e+03,9.554768095818862e+03,5.882352941176471e-01,34808909
9.557589056471149e+03,9.551126535916435e+03,1.764705882352941e+00,34808905
9.558392475750529e+03,9.555628397725060e+03,5.882352941176471e-01,34808911
9.559042122326861e+03,9.556912969699310e+03,5.882352941176471e-01,34808913
9.559353762353502e+03,9.557570137587957e+03,5.882352941176471e-01,34808914
9.560170768274029e+03,9.558406062391676e+03,5.882352941176471e-01,34808915
9.562557947450420e+03,9.552543627404009e+03,1.764705882352941e+00,34808906
9.564440999950526e+03,9.562676294068173e+03,5.882352941176471e-01,34808917
9.564957391663715e+03,9.559663274016657e+03,1.764705882352941e+00,34808916
9.566914641395770e+03,9.563385229631064e+03,1.176470588235294e+00,34808918
9.570589562158859e+03,9.568824856276506e+03,5.882352941176471e-01,34808920
9.570958807673553e+03,9.569194101791200e+03,5.882352941176471e-01,34808921
9.571871591065730e+03,9.569574203033207e+03,5.882352941176471e-01,34808922
9.573636296948083e+03,9.571748391323511e+03,5.882352941176471e-01,34808925
9.575826964075524e+03,9.569614180233760e+03,1.764705882352941e+00,34808923
9.575826964075524e+03,9.567859502325541e+03,1.764705882352941e+00,34808919
9.577418049448843e+03,9.575653343566490e+03,5.882352941176471e-01,34808927
9.579182755331196e+03,9.576988843029308e+03,5.882352941176471e-01,34808928
9.579230205472202e+03,9.573374717116514e+03,1.764705882352941e+00,34808926
9.579230205472202e+03,9.570674078540589e+03,1.764705882352941e+00,34808924
9.580971186284052e+03,9.577720896893975e+03,5.882352941176471e-01,34808929
9.584180625637835e+03,9.582415919755482e+03,5.882352941176471e-01,34808931
9.584500598048758e+03,9.577765812008986e+03,1.764705882352941e+00,34808930
9.586158646460803e+03,9.583696508937415e+03,5.882352941176471e-01,34808934
9.586158646460803e+03,9.583545143684465e+03,5.882352941176471e-01,34808933
9.588800420013761e+03,9.583506302366702e+03,1.764705882352941e+00,34808932
9.588836710802942e+03,9.587072004920589e+03,5.882352941176471e-01,34808937
9.592034507853385e+03,9.586740390206327e+03,1.764705882352941e+00,34808936
9.592385722711194e+03,9.590621016828841e+03,5.882352941176471e-01,34808938
9.592387683283977e+03,9.590622977401624e+03,5.882352941176471e-01,34808939
9.595527380217055e+03,9.593762674334702e+03,5.882352941176471e-01,34808942
9.596108870051955e+03,9.594344164169602e+03,5.882352941176471e-01,34808943
9.598013291244268e+03,9.595530118314323e+03,5.882352941176471e-01,34808945
9.598153006554227e+03,9.592508009436693e+03,1.764705882352941e+00,34808940
9.599417394554191e+03,9.595078462961797e+03,1.176470588235294e+00,34808944
9.601182100436544e+03,9.592930337757725e+03,1.764705882352941e+00,34808941
9.601326067324936e+03,9.599561361442583e+03,5.882352941176471e-01,34808947
9.601668004076124e+03,9.599903298193771e+03,5.882352941176471e-01,34808948
9.602946806318897e+03,9.600194918376881e+03,5.882352941176471e-01,34808949
9.605437619777883e+03,9.603672913895530e+03,5.882352941176471e-01,34808951
9.606042959695543e+03,9.602513547930837e+03,1.176470588235294e+00,34808950
9.606179470540125e+03,9.604414764657772e+03,5.882352941176471e-01,34808952
9.607504995619066e+03,9.604712570372550e+03,5.882352941176471e-01,34808954
9.611034407383772e+03,9.604455923401536e+03,1.764705882352941e+00,34808953
9.611612925150584e+03,9.606318807503525e+03,1.764705882352941e+00,34808955
9.613631611646219e+03,9.611866905763866e+03,5.882352941176471e-01,34808957
9.614432765186349e+03,9.610903353421643e+03,1.176470588235294e+00,34808956
9.615396317528572e+03,9.613499108464145e+03,5.882352941176471e-01,34808959
9.616521273887175e+03,9.614756568004822e+03,5.882352941176471e-01,34808960
9.618112832745571e+03,9.612818715098512e+03,1.764705882352941e+00,34808958
9.619725215468990e+03,9.617960509586637e+03,5.882352941176471e-01,34808962
9.619890150476156e+03,9.618125444593803e+03,5.882352941176471e-01,34808963
9.621970353029709e+03,9.620205647147356e+03,5.882352941176471e-01,34808965
9.622347337088260e+03,9.618623885206616e+03,1.176470588235294e+00,34808964
9.623254627233695e+03,9.617053219441201e+03,1.764705882352941e+00,34808961
9.623986381617763e+03,9.621312142178420e+03,5.882352941176471e-01,34808966
9.627515793382468e+03,9.621845595064603e+03,1.764705882352941e+00,34808967
9.628548744880754e+03,9.623202366909779e+03,1.764705882352941e+00,34808969
9.629280499264821e+03,9.626378567459039e+03,5.882352941176470e-01,34808971
9.629280499264821e+03,9.623727978578247e+03,1.764705882352941e+00,34808970
9.630313450763107e+03,9.628294770089362e+03,5.882352941176471e-01,34808973
9.631045205147174e+03,9.628550999400303e+03,5.882352941176471e-01,34808974
9.634574616911880e+03,9.629248152095321e+03,1.764705882352941e+00,34808975
9.635475905119558e+03,9.633711199237205e+03,5.882352941176471e-01,34808977
9.636113302220003e+03,9.630819184572944e+03,1.764705882352941e+00,34808976
9.636789966898072e+03,9.633968915480927e+03,5.882352941176471e-01,34808979
9.639449639271648e+03,9.637684933389295e+03,5.882352941176471e-01,34808980
9.640319378662778e+03,9.633755666725477e+03,1.764705882352941e+00,34808978
9.641294386555263e+03,9.639387340314244e+03,5.882352941176471e-01,34808983
9.641294386555263e+03,9.638327921990780e+03,5.882352941176471e-01,34808982
9.643059092437616e+03,9.641169408226605e+03,5.882352941176471e-01,34808987
9.643059092437616e+03,9.640390544781193e+03,5.882352941176471e-01,34808986
9.645649079369044e+03,9.643273781894021e+03,5.882352941176471e-01,34808992
9.646660067354457e+03,9.644124601136969e+03,5.882352941176471e-01,34808993
9.649027747554362e+03,9.639844721385537e+03,1.764705882352941e+00,34808984
9.649027747554362e+03,9.637845016191820e+03,1.764705882352941e+00,34808981
9.650552360509570e+03,9.647077418359368e+03,5.882352941176471e-01,34808995
9.650792453436715e+03,9.645711167640058e+03,1.176470588235294e+00,34808994
9.650792453436715e+03,9.648969095322421e+03,5.882352941176471e-01,34808998
9.652317066391923e+03,9.649413018205615e+03,5.882352941176471e-01,34808999
9.653457159727928e+03,9.651692453845575e+03,5.882352941176471e-01,34809000
9.654876684003329e+03,9.653111978120976e+03,5.882352941176471e-01,34809002
9.655241535315511e+03,9.653476829433158e+03,5.882352941176471e-01,34809003
9.657347487792290e+03,9.655582781909937e+03,5.882352941176471e-01,34809004
9.658094414477325e+03,9.652800296830267e+03,1.764705882352941e+00,34809001
9.658685347267281e+03,9.656920641384928e+03,5.882352941176471e-01,34809005
9.660065863704184e+03,9.658301157821831e+03,5.882352941176471e-01,34809006
9.660792439307851e+03,9.659027733425498e+03,5.882352941176471e-01,34809008
9.661830569586537e+03,9.659301913398418e+03,5.882352941176471e-01,34809009
9.662557145190204e+03,9.658947085996106e+03,1.176470588235294e+00,34809007
9.666005909525518e+03,9.660376313729308e+03,1.764705882352941e+00,34809010
9.666573097449209e+03,9.664064535563389e+03,5.882352941176471e-01,34809014
9.667705961460331e+03,9.665280193271131e+03,5.882352941176471e-01,34809016
9.667705961460331e+03,9.665162367893137e+03,5.882352941176471e-01,34809015
9.668275390742739e+03,9.662220123329370e+03,1.176470588235294e+00,34809011
9.669470667342684e+03,9.667606628828846e+03,5.882352941176471e-01,34809019
9.671235373225037e+03,9.668987920494913e+03,5.882352941176471e-01,34809020
9.672161067383532e+03,9.663043685684503e+03,1.764705882352941e+00,34809012
9.673000079107390e+03,9.667467677850103e+03,1.764705882352941e+00,34809018
9.674523655310195e+03,9.672758949427842e+03,5.882352941176471e-01,34809022
9.674925162630487e+03,9.673160456748135e+03,5.882352941176471e-01,34809023
9.676351022263979e+03,9.674586316381626e+03,5.882352941176471e-01,34809024
9.677351696785620e+03,9.672057579138561e+03,1.764705882352941e+00,34809021
9.680219280277546e+03,9.674858280038928e+03,1.764705882352941e+00,34809025
9.681645139911038e+03,9.676188415197146e+03,1.764705882352941e+00,34809026
9.682010022058674e+03,9.679998324842625e+03,5.882352941176471e-01,34809029
9.682010022058674e+03,9.679856373654910e+03,5.882352941176471e-01,34809028
9.683518727359163e+03,9.680644293756915e+03,5.882352941176471e-01,34809030
9.683774727941027e+03,9.681862903042582e+03,5.882352941176471e-01,34809032
9.685454100296092e+03,9.682284669608943e+03,5.882352941176471e-01,34809033
9.685454100296092e+03,9.682517501003799e+03,5.882352941176471e-01,34809034
9.685539433823380e+03,9.678506646192742e+03,1.764705882352941e+00,34809027
9.687218806178445e+03,9.685214510480876e+03,5.882352941176471e-01,34809037
9.691273249479775e+03,9.686436612402473e+03,1.176470588235294e+00,34809039
9.693037955362128e+03,9.690138946082248e+03,5.882352941176470e-01,34809042
9.693037955362128e+03,9.685768389936313e+03,1.764705882352941e+00,34809038
9.693037955362128e+03,9.684140668857920e+03,1.764705882352941e+00,34809036
9.694802661244481e+03,9.692793410014623e+03,5.882352941176471e-01,34809046
9.696032312009466e+03,9.694267606127113e+03,5.882352941176471e-01,34809048
9.698007787531472e+03,9.696243081649119e+03,5.882352941176471e-01,34809049
9.699430106069563e+03,9.694135988422504e+03,1.764705882352941e+00,34809047
9.699772493413825e+03,9.697765426027579e+03,5.882352941176471e-01,34809051
9.702877350871912e+03,9.698609723722181e+03,1.176470588235294e+00,34809052
9.702959517834269e+03,9.697583233224853e+03,1.764705882352941e+00,34809050
9.705819304522258e+03,9.700525186875199e+03,1.764705882352941e+00,34809053
9.708970060660400e+03,9.704377355298117e+03,1.176470588235294e+00,34809056
9.709179520292725e+03,9.703716206651427e+03,1.764705882352941e+00,34809055
9.709179520292725e+03,9.703675943013342e+03,1.764705882352941e+00,34809054
9.713750797803981e+03,9.711986091921628e+03,5.882352941176471e-01,34809059
9.715931419028348e+03,9.710637301381289e+03,1.764705882352941e+00,34809057
9.716942362540078e+03,9.714560257934467e+03,5.882352941176471e-01,34809061
9.717280209568687e+03,9.711648244893019e+03,1.764705882352941e+00,34809058
9.719125034195637e+03,9.717360328313284e+03,5.882352941176471e-01,34809063
9.720471774304784e+03,9.712792733983506e+03,1.764705882352941e+00,34809060
9.721225536675407e+03,9.715403189310097e+03,1.764705882352941e+00,34809062
9.724323124282783e+03,9.722558418400430e+03,5.882352941176471e-01,34809064
9.724686840144653e+03,9.722922134262300e+03,5.882352941176471e-01,34809065
9.729077877371312e+03,9.727313171488959e+03,5.882352941176471e-01,34809067
9.730793538366123e+03,9.725499420719064e+03,1.764705882352941e+00,34809066
9.732262454404851e+03,9.730497748522498e+03,5.882352941176471e-01,34809068
9.732327468981703e+03,9.730562763099350e+03,5.882352941176471e-01,34809069
9.732783411532032e+03,9.731018705649680e+03,5.882352941176471e-01,34809070
9.735067364937096e+03,9.733302659054743e+03,5.882352941176471e-01,34809071
9.736167148230943e+03,9.734402442348590e+03,5.882352941176471e-01,34809073
9.737132314696282e+03,9.733602902931577e+03,1.176470588235294e+00,34809072
9.737479544280459e+03,9.735714838398106e+03,5.882352941176471e-01,34809074
9.739159494338404e+03,9.737394788456051e+03,5.882352941176471e-01,34809076
9.740230094610243e+03,9.738465388727890e+03,5.882352941176471e-01,34809077
9.740926305825079e+03,9.739161599942726e+03,5.882352941176471e-01,34809078
9.742275406009355e+03,9.736981288362297e+03,1.764705882352941e+00,34809075
9.745765058315488e+03,9.744000352433135e+03,5.882352941176471e-01,34809080
9.747508871328444e+03,9.742214753681385e+03,1.764705882352941e+00,34809079
9.747884990090952e+03,9.746120284208599e+03,5.882352941176471e-01,34809082
9.748692117845158e+03,9.746190094818206e+03,5.882352941176471e-01,34809083
9.749461636592051e+03,9.746988433413643e+03,5.882352941176471e-01,34809085
9.751226342474404e+03,9.748848536747445e+03,5.882352941176471e-01,34809087
9.752221529609864e+03,9.745101684629614e+03,1.764705882352941e+00,34809081
9.752991048356757e+03,9.747019102976660e+03,1.764705882352941e+00,34809086
9.753143361499881e+03,9.749869559938231e+03,5.882352941176471e-01,34809088
9.756335110034572e+03,9.754570404152219e+03,5.882352941176471e-01,34809094
9.758092075690559e+03,9.754737563176972e+03,5.882352941176471e-01,34809095
9.758092075690559e+03,9.754865830944986e+03,5.882352941176471e-01,34809096
9.758112239267228e+03,9.751530968760653e+03,1.764705882352941e+00,34809090
9.759856781572912e+03,9.758020209292933e+03,5.882352941176471e-01,34809098
9.759856781572912e+03,9.757890805220339e+03,5.882352941176471e-01,34809097
9.761641651031933e+03,9.754554923699488e+03,1.764705882352941e+00,34809093
9.761793884152947e+03,9.760029178270594e+03,5.882352941176471e-01,34809099
9.762034459972762e+03,9.760269754090409e+03,5.882352941176471e-01,34809100
9.763406356914286e+03,9.761245435498760e+03,5.882352941176471e-01,34809101
9.763558590035299e+03,9.761758722833785e+03,5.882352941176471e-01,34809102
9.763799165855115e+03,9.761871957738092e+03,5.882352941176471e-01,34809103
9.766095679131101e+03,9.764330973248748e+03,5.882352941176471e-01,34809106
9.766935768678992e+03,9.764605197052407e+03,5.882352941176471e-01,34809107
9.767174141789583e+03,9.765212266101416e+03,5.882352941176471e-01,34809108
9.767912278367739e+03,9.766147572485386e+03,5.882352941176471e-01,34809109
9.768793714439498e+03,9.763644730024877e+03,1.176470588235294e+00,34809105
9.770558420321851e+03,9.763225687781355e+03,1.764705882352941e+00,34809104
9.773426098456675e+03,9.768131980809616e+03,1.764705882352941e+00,34809110
9.774509693320614e+03,9.772744987438261e+03,5.882352941176471e-01,34809111
9.776702354641191e+03,9.773172942876485e+03,1.176470588235294e+00,34809112
9.779774566828591e+03,9.778009860946238e+03,5.882352941176471e-01,34809115
9.781082252970658e+03,9.775788135323599e+03,1.764705882352941e+00,34809113
9.781539272710944e+03,9.778734178578529e+03,5.882352941176471e-01,34809117
9.782138505688531e+03,9.779936830020184e+03,5.882352941176471e-01,34809118
9.783075468723154e+03,9.780674025402583e+03,5.882352941176471e-01,34809119
9.783777757154171e+03,9.776718933624759e+03,1.176470588235294e+00,34809114
9.785726700425228e+03,9.783961994542875e+03,5.882352941176471e-01,34809121
9.786604880487860e+03,9.780988500370660e+03,1.764705882352941e+00,34809120
9.786604880487860e+03,9.778609093923825e+03,1.764705882352941e+00,34809116
9.787583563314714e+03,9.785054384076720e+03,5.882352941176471e-01,34809122
9.788369586370213e+03,9.785864935935928e+03,5.882352941176471e-01,34809125
9.791803097844660e+03,9.790038391962307e+03,5.882352941176471e-01,34809126
9.793133405873384e+03,9.791368699991031e+03,5.882352941176471e-01,34809128
9.793809419360169e+03,9.792044713477816e+03,5.882352941176471e-01,34809129
9.794695709502534e+03,9.792281653695772e+03,5.882352941176471e-01,34809131
9.794695709502534e+03,9.792213890157998e+03,5.882352941176471e-01,34809130
9.795574125242522e+03,9.793424863699928e+03,5.882352941176471e-01,34809132
9.796460415384887e+03,9.790963895484625e+03,1.176470588235294e+00,34809127
9.796460415384887e+03,9.794466810759818e+03,5.882352941176471e-01,34809133
9.797608111795549e+03,9.795843405913196e+03,5.882352941176471e-01,34809134
9.798225121267240e+03,9.796227407436613e+03,5.882352941176471e-01,34809135
9.802603578382399e+03,9.797309460735340e+03,1.764705882352941e+00,34809136
9.803263979067693e+03,9.801499273185340e+03,5.882352941176471e-01,34809137
9.804174377303312e+03,9.802409671420959e+03,5.882352941176471e-01,34809138
9.805601947303996e+03,9.803837241421643e+03,5.882352941176471e-01,34809140
9.808118604710576e+03,9.802824487063517e+03,1.764705882352941e+00,34809139
9.808509904219040e+03,9.806316301155833e+03,5.882352941176471e-01,34809143
9.809507334830816e+03,9.805134929127883e+03,1.176470588235294e+00,34809142
9.809507334830816e+03,9.804980492454334e+03,1.176470588235294e+00,34809141
9.811635379118171e+03,9.809870673235818e+03,5.882352941176471e-01,34809144
9.812743430290621e+03,9.810978724408268e+03,5.882352941176471e-01,34809146
9.814404548698249e+03,9.812115939763286e+03,5.882352941176471e-01,34809148
9.814508136172974e+03,9.812659737207509e+03,5.882352941176471e-01,34809151
9.817242084090571e+03,9.810835348150316e+03,1.764705882352941e+00,34809145
9.817985754200317e+03,9.814373187779613e+03,1.176470588235294e+00,34809153
9.819378625027797e+03,9.817157774119271e+03,5.882352941176471e-01,34809155
9.819750460082670e+03,9.814025259651206e+03,1.764705882352941e+00,34809152
9.822908036792503e+03,9.820579563907086e+03,5.882352941176470e-01,34809158
9.822908036792503e+03,9.816660171420236e+03,1.764705882352941e+00,34809154
9.823905093693714e+03,9.821650273436098e+03,5.882352941176471e-01,34809159
9.824672742674856e+03,9.822646185748170e+03,5.882352941176471e-01,34809160
9.825669799576067e+03,9.823679292801459e+03,5.882352941176471e-01,34809162
9.826469975201856e+03,9.824201001145682e+03,5.882352941176471e-01,34809164
9.827434505458420e+03,9.825547416344167e+03,5.882352941176471e-01,34809165
9.828234681084209e+03,9.826150179836217e+03,5.882352941176471e-01,34809167
9.828234681084209e+03,9.825884213044165e+03,5.882352941176471e-01,34809166
9.829999386966562e+03,9.827896408123504e+03,5.882352941176471e-01,34809170
9.831194868555668e+03,9.828935946516047e+03,5.882352941176471e-01,34809172
9.833409995076530e+03,9.831645289194177e+03,5.882352941176471e-01,34809173
9.833496272086621e+03,9.820375681929008e+03,1.764705882352941e+00,34809157
9.833496272086621e+03,9.818237816012391e+03,1.764705882352941e+00,34809156
9.835174700958883e+03,9.832187775476802e+03,5.882352941176471e-01,34809174
9.836939406841236e+03,9.833769796401776e+03,5.882352941176471e-01,34809175
9.837049840849277e+03,9.824106557047670e+03,1.764705882352941e+00,34809163
9.837049840849277e+03,9.822973090081798e+03,1.764705882352941e+00,34809161
9.839028432748359e+03,9.837263726866006e+03,5.882352941176471e-01,34809176
9.839460439924109e+03,9.837695734041756e+03,5.882352941176471e-01,34809177
9.842605804770574e+03,9.840841098888221e+03,5.882352941176471e-01,34809178
9.846985480113989e+03,9.845220774231636e+03,5.882352941176471e-01,34809181
9.847119778372392e+03,9.843590366607686e+03,1.176470588235294e+00,34809180
9.848344120375053e+03,9.843050002727994e+03,1.764705882352941e+00,34809179
9.848850909690144e+03,9.845986462830191e+03,5.882352941176471e-01,34809183
9.848850909690144e+03,9.845725399467954e+03,5.882352941176471e-01,34809182
9.851433773495823e+03,9.849669067613470e+03,5.882352941176471e-01,34809186
9.852064639836232e+03,9.850299933953879e+03,5.882352941176471e-01,34809187
9.852649863855496e+03,9.850885157973143e+03,5.882352941176471e-01,34809188
9.853513912548380e+03,9.850948623115921e+03,5.882352941176471e-01,34809189
9.854498327888418e+03,9.852104646901443e+03,5.882352941176471e-01,34809191
9.855278618430733e+03,9.851029147815534e+03,1.176470588235294e+00,34809190
9.855278618430733e+03,9.852817380156633e+03,5.882352941176471e-01,34809193
9.856859023840507e+03,9.855094317958154e+03,5.882352941176471e-01,34809194
9.859447110884891e+03,9.857682405002538e+03,5.882352941176471e-01,34809199
9.860388435605213e+03,9.858399845875326e+03,5.882352941176471e-01,34809200
9.860795295822285e+03,9.858836641979178e+03,5.882352941176471e-01,34809201
9.861680487104816e+03,9.855913715075006e+03,1.176470588235294e+00,34809196
9.862560001704638e+03,9.860503259520700e+03,5.882352941176471e-01,34809202
9.863445192987168e+03,9.855501178175226e+03,1.764705882352941e+00,34809195
9.865209898869521e+03,9.863066539715989e+03,5.882352941176471e-01,34809206
9.865209898869521e+03,9.862909693847377e+03,5.882352941176471e-01,34809205
9.866264259540714e+03,9.856144778514496e+03,1.764705882352941e+00,34809197
9.867145035606779e+03,9.864307942617850e+03,5.882352941176471e-01,34809208
9.867145035606779e+03,9.864235566772647e+03,5.882352941176471e-01,34809207
9.868616149467110e+03,9.865721191434237e+03,5.882352941176471e-01,34809210
9.868616149467110e+03,9.865721839331039e+03,5.882352941176471e-01,34809211
9.868616149467110e+03,9.866149973343626e+03,5.882352941176471e-01,34809212
9.870380855349463e+03,9.867907017361698e+03,5.882352941176471e-01,34809213
9.870380855349463e+03,9.868005448876986e+03,5.882352941176471e-01,34809214
9.873910267114169e+03,9.870528254757971e+03,5.882352941176470e-01,34809217
9.873910267114169e+03,9.868555167893245e+03,1.764705882352941e+00,34809215
9.873910267114169e+03,9.861368296695376e+03,1.764705882352941e+00,34809203
9.875674972996522e+03,9.869748622480380e+03,1.176470588235294e+00,34809216
9.877948390677126e+03,9.876183684794773e+03,5.882352941176471e-01,34809220
9.878782397635635e+03,9.876639326031652e+03,5.882352941176471e-01,34809221
9.880130100038733e+03,9.875252985870929e+03,1.176470588235294e+00,34809218
9.881090091647404e+03,9.878849749556764e+03,5.882352941176471e-01,34809223
9.881894805921086e+03,9.875795974000345e+03,1.764705882352941e+00,34809219
9.883659511803439e+03,9.881294964770346e+03,5.882352941176471e-01,34809227
9.885424217685792e+03,9.880146128861256e+03,1.176470588235294e+00,34809225
9.885877471858240e+03,9.877121805807760e+03,1.764705882352941e+00,34809222
9.887415550654369e+03,9.885378363026090e+03,5.882352941176471e-01,34809231
9.887415550654369e+03,9.885335237938049e+03,5.882352941176471e-01,34809230
9.888350577052527e+03,9.886067617294872e+03,5.882352941176471e-01,34809232
9.891412475618154e+03,9.886685096484415e+03,1.176470588235294e+00,34809234
9.893177181500507e+03,9.884160584271895e+03,1.764705882352941e+00,34809229
9.893177181500507e+03,9.882801314265982e+03,1.764705882352941e+00,34809228
9.894941887382860e+03,9.887988873936946e+03,1.764705882352941e+00,34809236
9.898471299147566e+03,9.895809452629332e+03,5.882352941176471e-01,34809246
9.898699340424038e+03,9.892239897588798e+03,1.176470588235294e+00,34809238
9.900464046306391e+03,9.898494820139230e+03,5.882352941176470e-01,34809251
9.900464046306391e+03,9.893449929187706e+03,1.764705882352941e+00,34809242
9.902123551922381e+03,9.900118910148300e+03,5.882352941176471e-01,34809253
9.903923324560188e+03,9.901303507839275e+03,5.882352941176471e-01,34809254
9.903923324560188e+03,9.901657221623075e+03,5.882352941176471e-01,34809255
9.903993458071096e+03,9.897162675818156e+03,1.764705882352941e+00,34809247
9.905911747805039e+03,9.904147041922686e+03,5.882352941176471e-01,34809257
9.907452736324894e+03,9.899703912675228e+03,1.764705882352941e+00,34809252
9.911246525872490e+03,9.908445122044404e+03,5.882352941176471e-01,34809264
9.911246525872490e+03,9.908372068463118e+03,5.882352941176471e-01,34809263
9.911774044781229e+03,9.906216786008320e+03,1.176470588235294e+00,34809258
9.913187071391089e+03,9.910222961476841e+03,5.882352941176471e-01,34809265
9.913187071391089e+03,9.911030990757884e+03,5.882352941176471e-01,34809267
9.915288586578821e+03,9.907340284035052e+03,1.176470588235294e+00,34809261
9.916997157576944e+03,9.914035937890398e+03,5.882352941176471e-01,34809270
9.916997157576944e+03,9.913860690001847e+03,5.882352941176471e-01,34809269
9.917053292461174e+03,9.907326853302061e+03,1.764705882352941e+00,34809260
9.918795544389835e+03,9.915414228822160e+03,5.882352941176471e-01,34809276
9.918795544389835e+03,9.915567526831244e+03,5.882352941176471e-01,34809277
9.920560250272188e+03,9.917458502378330e+03,5.882352941176471e-01,34809280
9.920624998520683e+03,9.918860292638330e+03,5.882352941176471e-01,34809282
9.922324956154541e+03,9.919485028787082e+03,5.882352941176471e-01,34809283
9.922390136783748e+03,9.920625430901395e+03,5.882352941176471e-01,34809284
9.924133115789698e+03,9.920876152053032e+03,5.882352941176471e-01,34809285
9.924215022612712e+03,9.912038664413525e+03,1.764705882352941e+00,34809268
9.927683004260158e+03,9.924884933603554e+03,5.882352941176471e-01,34809289
9.927703480965911e+03,9.920991115438124e+03,1.764705882352941e+00,34809286
9.927703480965911e+03,9.917508634231333e+03,1.764705882352941e+00,34809281
9.930085115921962e+03,9.928320410039609e+03,5.882352941176471e-01,34809291
9.931212416024864e+03,9.923989160171263e+03,1.764705882352941e+00,34809288
9.934471634100052e+03,9.932706928217700e+03,5.882352941176471e-01,34809293
9.935526921705344e+03,9.930232804058285e+03,1.764705882352941e+00,34809292
9.936313050537104e+03,9.933194251465631e+03,5.882352941176471e-01,34809295
9.937291627587697e+03,9.935368139627329e+03,5.882352941176471e-01,34809298
9.938124379532365e+03,9.935970677896439e+03,5.882352941176471e-01,34809300
9.939889085414718e+03,9.937298458910742e+03,5.882352941176471e-01,34809306
9.941446741864745e+03,9.932821994049748e+03,1.176470588235294e+00,34809294
9.943211447747098e+03,9.935722975482947e+03,1.764705882352941e+00,34809299
9.943211447747098e+03,9.933382668371682e+03,1.764705882352941e+00,34809296
9.943262388019898e+03,9.940229795176447e+03,5.882352941176471e-01,34809308
9.944993133720384e+03,9.941523152273946e+03,5.882352941176471e-01,34809311
9.944993133720384e+03,9.942310368283101e+03,5.882352941176471e-01,34809312
9.944993133720384e+03,9.942683841715068e+03,5.882352941176471e-01,34809313
9.946757839602737e+03,9.943306850758541e+03,5.882352941176471e-01,34809314
9.946826434797390e+03,9.945061728915037e+03,5.882352941176471e-01,34809316
9.948522545485090e+03,9.946158402451469e+03,5.882352941176471e-01,34809318
9.948522545485090e+03,9.945111246599896e+03,5.882352941176471e-01,34809317
9.948633500635315e+03,9.946868794752962e+03,5.882352941176471e-01,34809319
9.950324236417518e+03,9.948184432506542e+03,5.882352941176471e-01,34809321
9.950324236417518e+03,9.948439464215873e+03,5.882352941176471e-01,34809322
9.952088942299871e+03,9.950101363615930e+03,5.882352941176471e-01,34809325
9.953853648182224e+03,9.951974191237373e+03,5.882352941176471e-01,34809326
9.955507398914352e+03,9.938051908894324e+03,1.764705882352941e+00,34809307
9.956107095166594e+03,9.953066424503905e+03,5.882352941176471e-01,34809327
9.956351465717602e+03,9.943747660580770e+03,1.764705882352941e+00,34809315
9.957272104796705e+03,9.955325780356739e+03,5.882352941176471e-01,34809330
9.958057592537145e+03,9.956292886654792e+03,5.882352941176471e-01,34809331
9.958116171599955e+03,9.956342970041762e+03,5.882352941176471e-01,34809332
9.959036810679057e+03,9.956886640177107e+03,5.882352941176471e-01,34809333
9.962796499644462e+03,9.961031793762109e+03,5.882352941176471e-01,34809335
9.964728852567667e+03,9.959434734920608e+03,1.764705882352941e+00,34809334
9.964973099416091e+03,9.963208393533738e+03,5.882352941176471e-01,34809336
9.964974852053312e+03,9.963210146170959e+03,5.882352941176471e-01,34809337
9.966493558450020e+03,9.963266955979323e+03,5.882352941176471e-01,34809338
9.966870608571524e+03,9.965105902689171e+03,5.882352941176471e-01,34809339
9.969111728982195e+03,9.967347023099842e+03,5.882352941176471e-01,34809341
9.970466946201106e+03,9.965172828554047e+03,1.764705882352941e+00,34809340
9.971123783033739e+03,9.968993382741667e+03,5.882352941176471e-01,34809344
9.971123783033739e+03,9.968046475744864e+03,5.882352941176471e-01,34809343
9.972231652083459e+03,9.970076558460359e+03,5.882352941176471e-01,34809345
9.972888488916092e+03,9.970647577823338e+03,5.882352941176471e-01,34809346
9.973013141980183e+03,9.971248436097830e+03,5.882352941176471e-01,34809347
9.975761063848165e+03,9.973435381368389e+03,5.882352941176471e-01,34809351
9.976355574148753e+03,9.967841719438224e+03,1.176470588235294e+00,34809342
9.978671727212080e+03,9.976907021329727e+03,5.882352941176471e-01,34809352
9.978941961440313e+03,9.972352472587110e+03,1.764705882352941e+00,34809349
9.978941961440313e+03,9.972187573844522e+03,1.764705882352941e+00,34809348
9.980571550208549e+03,9.976925118126584e+03,5.882352941176471e-01,34809353
9.981168963613068e+03,9.979404257730715e+03,5.882352941176471e-01,34809355
9.982535393892408e+03,9.980063169486981e+03,5.882352941176471e-01,34809356
9.982535393892408e+03,9.980222747511278e+03,5.882352941176471e-01,34809357
9.982535393892408e+03,9.980400506025130e+03,5.882352941176471e-01,34809358
9.984300099774761e+03,9.977862010520975e+03,1.176470588235294e+00,34809354
9.986064805657114e+03,9.983956925388192e+03,5.882352941176471e-01,34809361
9.986909157193408e+03,9.984902397146445e+03,5.882352941176471e-01,34809362
9.987829511539467e+03,9.982422627759511e+03,1.764705882352941e+00,34809359
9.988673863075761e+03,9.986807769170797e+03,5.882352941176471e-01,34809363
9.989594217421820e+03,9.983379745428702e+03,1.764705882352941e+00,34809360
9.989626327691544e+03,9.987861621809191e+03,5.882352941176471e-01,34809364
9.993025922648854e+03,9.991261216766501e+03,5.882352941176471e-01,34809365
9.996718758849257e+03,9.994954052966904e+03,5.882352941176471e-01,34809367
9.997270253201936e+03,9.991976135554877e+03,1.764705882352941e+00,34809366
