FinishTime,ArrivalTime,ServiceTime,ID
3.236902969058642e+00,1.472197086705701e+00,5.882352941176471e-01,16870648
3.857356217368351e+00,2.092650335015410e+00,5.882352941176471e-01,16870649
6.760524137176048e+00,4.995818254823107e+00,5.882352941176471e-01,16870652
8.710591639159294e+00,3.661666169311246e+00,1.176470588235294e+00,16870650
8.955783816370070e+00,7.143600936014035e+00,5.882352941176471e-01,16870655
1.057328879234879e+01,7.792042330770109e+00,5.882352941176471e-01,16870656
1.072048969872301e+01,8.906574180832410e+00,5.882352941176471e-01,16870658
1.106623073188003e+01,5.420017913367895e+00,1.764705882352941e+00,16870653
1.246066209668025e+01,9.280297211800942e+00,5.882352941176471e-01,16870660
1.246066209668025e+01,9.057870303074137e+00,5.882352941176471e-01,16870659
1.468559559644438e+01,1.256881122652450e+01,5.882352941176471e-01,16870668
1.614348306718986e+01,1.115618383173850e+01,1.176470588235294e+00,16870665
1.790818894954280e+01,1.578290147027158e+01,5.882352941176470e-01,16870669
1.790818894954280e+01,1.182104309958222e+01,1.764705882352941e+00,16870667
1.790818894954280e+01,1.128168961949231e+01,1.764705882352941e+00,16870666
1.967289483189574e+01,1.751162936762445e+01,5.882352941176471e-01,16870671
2.320230659660163e+01,1.659640158060443e+01,1.764705882352941e+00,16870670
2.520072919529903e+01,1.990661154824020e+01,1.764705882352941e+00,16870672
2.555993971138672e+01,2.379523382903378e+01,5.882352941176471e-01,16870674
2.697627698540514e+01,2.436126745790380e+01,5.882352941176471e-01,16870676
2.697627698540514e+01,2.404217554027779e+01,5.882352941176471e-01,16870675
2.885710573720292e+01,2.583392153419653e+01,5.882352941176471e-01,16870677
2.885710573720292e+01,2.596319636818358e+01,5.882352941176471e-01,16870678
2.908935147609260e+01,2.345770712845242e+01,1.764705882352941e+00,16870673
3.401892180419346e+01,3.225421592184052e+01,5.882352941176471e-01,16870680
3.418044323852734e+01,3.241573735617440e+01,5.882352941176471e-01,16870681
3.586438840371334e+01,3.369519130245509e+01,5.882352941176471e-01,16870683
3.762909428606628e+01,3.543297766722312e+01,5.882352941176471e-01,16870686
3.762909428606628e+01,3.502557874284326e+01,5.882352941176471e-01,16870685
3.811958878445370e+01,3.282547113739488e+01,1.764705882352941e+00,16870682
4.164900054915958e+01,3.388896514605988e+01,1.764705882352941e+00,16870684
4.292321193312511e+01,3.759699957493527e+01,1.764705882352941e+00,16870688
4.292321193312511e+01,3.696643866411670e+01,1.764705882352941e+00,16870687
4.598490028825187e+01,4.422019440589893e+01,5.882352941176471e-01,16870690
4.694311819621841e+01,3.967436635757361e+01,1.764705882352941e+00,16870689
4.827028680267746e+01,4.650558092032452e+01,5.882352941176471e-01,16870691
5.300298597389756e+01,5.088128286907354e+01,5.882352941176471e-01,16870696
5.369531001882016e+01,5.193060413646722e+01,5.882352941176471e-01,16870697
5.667131367391364e+01,4.930582729841341e+01,1.764705882352941e+00,16870692
5.667131367391364e+01,4.964132111996995e+01,1.764705882352941e+00,16870693
5.667131367391364e+01,4.989032201512225e+01,1.764705882352941e+00,16870694
5.843601955626658e+01,5.083565818545207e+01,1.176470588235294e+00,16870695
5.843601955626658e+01,5.511796599575988e+01,5.882352941176471e-01,16870699
5.843601955626658e+01,5.395952241688689e+01,5.882352941176471e-01,16870698
6.020072543861952e+01,5.739046567959033e+01,5.882352941176471e-01,16870700
6.116577652852549e+01,5.940107064617255e+01,5.882352941176471e-01,16870702
6.257906714305099e+01,6.081436126069804e+01,5.882352941176471e-01,16870703
6.320682682669968e+01,6.144212094434674e+01,5.882352941176471e-01,16870704
6.381312910788324e+01,5.851901146082442e+01,1.764705882352941e+00,16870701
6.513676450181286e+01,6.283384591044469e+01,5.882352941176471e-01,16870706
6.584753788313181e+01,6.364905424548899e+01,5.882352941176471e-01,16870709
6.793487524436764e+01,6.258782901132155e+01,1.176470588235294e+00,16870705
6.866617626651874e+01,6.649280084089758e+01,5.882352941176471e-01,16870712
7.251404027022875e+01,6.564861426328966e+01,1.764705882352941e+00,16870711
7.251404027022875e+01,6.461407057597740e+01,1.764705882352941e+00,16870710
7.379080397365942e+01,6.749030239914439e+01,1.764705882352941e+00,16870713
7.427874615258169e+01,7.226027468411085e+01,5.882352941176471e-01,16870716
7.427874615258169e+01,7.196492346573352e+01,5.882352941176471e-01,16870715
7.589140001622521e+01,7.412669413387227e+01,5.882352941176471e-01,16870717
7.750930891792336e+01,7.574460303557042e+01,5.882352941176471e-01,16870718
7.816214856010941e+01,7.639744267775647e+01,5.882352941176471e-01,16870720
8.014036370038198e+01,7.837565781802904e+01,5.882352941176471e-01,16870721
8.016758313617672e+01,7.840287725382378e+01,5.882352941176471e-01,16870722
8.129738752403033e+01,7.600326987697151e+01,1.764705882352941e+00,16870719
8.190506958273492e+01,7.905881272311135e+01,5.882352941176471e-01,16870723
8.501125869646937e+01,8.324655281411643e+01,5.882352941176471e-01,16870726
8.677596457882231e+01,8.448343068516523e+01,5.882352941176471e-01,16870727
8.720571169369515e+01,8.191159404663632e+01,1.764705882352941e+00,16870724
8.751200744614581e+01,8.221788979908699e+01,1.764705882352941e+00,16870725
8.854067046117525e+01,8.509498625878465e+01,5.882352941176471e-01,16870728
8.911338216998527e+01,8.734867628763233e+01,5.882352941176471e-01,16870729
9.000137210458469e+01,8.823666622223174e+01,5.882352941176471e-01,16870730
9.176607798693763e+01,8.947852940734857e+01,5.882352941176471e-01,16870733
9.326595853761607e+01,8.947172144123570e+01,1.176470588235294e+00,16870732
9.421077597286773e+01,9.015940583587558e+01,1.176470588235294e+00,16870734
9.503066441996901e+01,8.891665832580891e+01,1.764705882352941e+00,16870731
9.679537030232196e+01,9.488095675415484e+01,5.882352941176471e-01,16870737
9.989636966021110e+01,9.772089802493922e+01,5.882352941176471e-01,16870741
1.003544433172666e+02,9.434765898378195e+01,1.764705882352941e+00,16870735
1.021191491996195e+02,1.002294749955275e+02,5.882352941176471e-01,16870742
1.035368165366891e+02,9.662155092487555e+01,1.764705882352941e+00,16870739
1.035368165366891e+02,9.579567106759200e+01,1.764705882352941e+00,16870738
1.040411603760954e+02,1.005334811682965e+02,5.882352941176471e-01,16870743
1.053015224190421e+02,1.023288895917834e+02,5.882352941176471e-01,16870747
1.074517880361029e+02,1.056870821537500e+02,5.882352941176471e-01,16870749
1.095301152624107e+02,1.077654093800578e+02,5.882352941176471e-01,16870751
1.102709294502849e+02,1.049768118032261e+02,1.764705882352941e+00,16870748
1.125836052327326e+02,1.072894875856738e+02,1.764705882352941e+00,16870750
1.142728229181991e+02,1.125081170358461e+02,5.882352941176471e-01,16870753
1.152176531631784e+02,1.099235355161195e+02,1.764705882352941e+00,16870752
1.160878542651430e+02,1.130558824897452e+02,5.882352941176471e-01,16870756
1.160878542651430e+02,1.130540159166067e+02,5.882352941176471e-01,16870755
1.169823590455313e+02,1.125826593789151e+02,1.176470588235294e+00,16870754
1.179179110923118e+02,1.161532052099589e+02,5.882352941176471e-01,16870758
1.180142228911207e+02,1.162495170087677e+02,5.882352941176471e-01,16870759
1.215858523497524e+02,1.198211464673995e+02,5.882352941176471e-01,16870761
1.224679545372492e+02,1.171738368901904e+02,1.764705882352941e+00,16870760
1.235658128422727e+02,1.218011069599198e+02,5.882352941176471e-01,16870762
1.294635564541490e+02,1.241694388070902e+02,1.764705882352941e+00,16870763
1.299049310042459e+02,1.279118626245708e+02,5.882352941176471e-01,16870766
1.312015468671398e+02,1.259074292200810e+02,1.764705882352941e+00,16870764
1.312282623365020e+02,1.263755192395400e+02,1.176470588235294e+00,16870765
1.319467387336941e+02,1.301820328513411e+02,5.882352941176471e-01,16870767
1.341229805081806e+02,1.323582746258277e+02,5.882352941176471e-01,16870768
1.374991910139101e+02,1.357344851315572e+02,5.882352941176471e-01,16870769
1.375492490725697e+02,1.357845431902167e+02,5.882352941176471e-01,16870770
1.410953697611544e+02,1.393306638788015e+02,5.882352941176471e-01,16870773
1.417372468312185e+02,1.364431291841596e+02,1.764705882352941e+00,16870771
1.430107673511285e+02,1.412460614687755e+02,5.882352941176471e-01,16870774
1.444308237669998e+02,1.391367061199410e+02,1.764705882352941e+00,16870772
1.492038986040070e+02,1.474391927216540e+02,5.882352941176471e-01,16870776
1.504830089249338e+02,1.469535971602279e+02,1.176470588235294e+00,16870775
1.556395822334145e+02,1.503454645863557e+02,1.764705882352941e+00,16870777
1.567446570643863e+02,1.514505394173275e+02,1.764705882352941e+00,16870778
1.567542206077348e+02,1.514601029606760e+02,1.764705882352941e+00,16870779
1.609833321609395e+02,1.556892145138807e+02,1.764705882352941e+00,16870780
1.620435564831194e+02,1.595288462649765e+02,5.882352941176471e-01,16870786
1.627480380432925e+02,1.608909604446626e+02,5.882352941176471e-01,16870787
1.640430895521967e+02,1.610082434863703e+02,5.882352941176471e-01,16870788
1.640430895521967e+02,1.615219423121900e+02,5.882352941176471e-01,16870789
1.640430895521967e+02,1.617972397142109e+02,5.882352941176471e-01,16870790
1.658077954345496e+02,1.639046419132565e+02,5.882352941176471e-01,16870792
1.658077954345496e+02,1.633635600976112e+02,5.882352941176471e-01,16870791
1.660341248434877e+02,1.642694189611348e+02,5.882352941176471e-01,16870793
1.694390554332776e+02,1.664401710017115e+02,5.882352941176471e-01,16870795
1.694730048446184e+02,1.566163212603917e+02,1.764705882352941e+00,16870782
1.694730048446184e+02,1.563523107517941e+02,1.764705882352941e+00,16870781
1.712207360213009e+02,1.682745685831938e+02,5.882352941176471e-01,16870799
1.730024166093242e+02,1.657112733740090e+02,1.764705882352941e+00,16870794
1.747501477860068e+02,1.687891914858647e+02,1.764705882352941e+00,16870800
1.747671224916772e+02,1.718680129283167e+02,5.882352941176471e-01,16870802
1.766732218079574e+02,1.713791041608986e+02,1.764705882352941e+00,16870801
1.772182936786918e+02,1.754535877963389e+02,5.882352941176471e-01,16870803
1.787990580265655e+02,1.770343521442125e+02,5.882352941176471e-01,16870805
1.793494337322184e+02,1.770769928681860e+02,5.882352941176471e-01,16870806
1.823284697912714e+02,1.761864561386861e+02,1.764705882352941e+00,16870804
1.828788454969243e+02,1.770917462450351e+02,1.764705882352941e+00,16870807
1.831833923266899e+02,1.798744931197655e+02,5.882352941176471e-01,16870809
1.844600928107262e+02,1.814561624795484e+02,5.882352941176471e-01,16870814
1.867128040913958e+02,1.795677079941939e+02,1.764705882352941e+00,16870808
1.879895045754321e+02,1.814474439669337e+02,1.764705882352941e+00,16870813
1.886142434892382e+02,1.862238731040937e+02,5.882352941176471e-01,16870818
1.903789493715911e+02,1.852914946476423e+02,1.176470588235294e+00,16870817
1.903789493715911e+02,1.881585049913433e+02,5.882352941176471e-01,16870819
1.915189163401380e+02,1.852215652400217e+02,1.764705882352941e+00,16870816
1.921436552539441e+02,1.890902812483226e+02,5.882352941176471e-01,16870820
1.939083611362970e+02,1.918468443402652e+02,5.882352941176471e-01,16870823
1.959699139371004e+02,1.906757962900416e+02,1.764705882352941e+00,16870821
1.968130339871968e+02,1.911809485066950e+02,1.764705882352941e+00,16870822
1.974377729010029e+02,1.936008536006519e+02,1.176470588235294e+00,16870824
1.985777398695498e+02,1.962095131472645e+02,5.882352941176471e-01,16870826
1.992024787833558e+02,1.969484210266268e+02,5.882352941176471e-01,16870827
2.012640315841593e+02,1.959587781381123e+02,1.764705882352941e+00,16870825
2.025907540939879e+02,2.008260482116349e+02,5.882352941176471e-01,16870829
2.038225617784384e+02,2.016457789640564e+02,5.882352941176471e-01,16870831
2.050100208256051e+02,2.030507713192137e+02,5.882352941176471e-01,16870835
2.055872676607913e+02,2.033555997041823e+02,5.882352941176471e-01,16870836
2.066332092957409e+02,2.002733284534339e+02,1.176470588235294e+00,16870828
2.083979151780938e+02,2.014806090608992e+02,1.764705882352941e+00,16870830
2.090197868310283e+02,2.064868711925347e+02,5.882352941176471e-01,16870839
2.090197868310283e+02,2.063907042069444e+02,5.882352941176471e-01,16870838
2.101626210604468e+02,2.061122467192569e+02,1.176470588235294e+00,16870837
2.125491985957342e+02,2.087731642759424e+02,1.176470588235294e+00,16870840
2.135465313904729e+02,2.117818255081199e+02,5.882352941176471e-01,16870841
2.146814817765045e+02,2.129167758941515e+02,5.882352941176471e-01,16870842
2.155651186467351e+02,2.138004127643822e+02,5.882352941176471e-01,16870843
2.161200486214305e+02,2.143553427390775e+02,5.882352941176471e-01,16870844
2.177001126546390e+02,2.159354067722860e+02,5.882352941176471e-01,16870846
2.185500173584811e+02,2.167853114761282e+02,5.882352941176471e-01,16870847
2.199755994235633e+02,2.143558114526414e+02,1.764705882352941e+00,16870845
2.204098006364993e+02,2.179887727833404e+02,5.882352941176471e-01,16870849
2.217403053059163e+02,2.177080707198555e+02,1.176470588235294e+00,16870848
2.247668942492672e+02,2.186926334519790e+02,1.764705882352941e+00,16870852
2.256640751662441e+02,2.238993692838912e+02,5.882352941176471e-01,16870854
2.271710697857131e+02,2.252633165169449e+02,5.882352941176471e-01,16870856
2.284288610129478e+02,2.266641551305949e+02,5.882352941176471e-01,16870857
2.291934869309500e+02,2.236416580210072e+02,1.764705882352941e+00,16870853
2.323377067176364e+02,2.247719685331063e+02,1.764705882352941e+00,16870855
2.327228986956559e+02,2.267471534179643e+02,1.764705882352941e+00,16870858
2.340075541149936e+02,2.315642455378609e+02,5.882352941176471e-01,16870863
2.340075541149936e+02,2.313210069401443e+02,5.882352941176471e-01,16870862
2.357722599973466e+02,2.337702626264317e+02,5.882352941176471e-01,16870864
2.360096410540599e+02,2.342449351717070e+02,5.882352941176471e-01,16870865
2.367759924257497e+02,2.276163016237131e+02,1.764705882352941e+00,16870859
2.375369658796995e+02,2.344834249579974e+02,5.882352941176471e-01,16870866
2.390469889414485e+02,2.372822830590956e+02,5.882352941176471e-01,16870868
2.413037587011187e+02,2.358395540272171e+02,1.764705882352941e+00,16870867
2.428310835267583e+02,2.373931123436672e+02,1.764705882352941e+00,16870869
2.469888826696707e+02,2.452241767873178e+02,5.882352941176471e-01,16870870
2.481882778998864e+02,2.464235720175335e+02,5.882352941176471e-01,16870871
2.483936852601156e+02,2.466289793777627e+02,5.882352941176471e-01,16870872
2.487535885520237e+02,2.468462409931585e+02,5.882352941176471e-01,16870873
2.527811392030651e+02,2.510164333207121e+02,5.882352941176471e-01,16870874
2.547765820135798e+02,2.515818217779969e+02,5.882352941176471e-01,16870877
2.565412878959328e+02,2.519444545030085e+02,1.176470588235294e+00,16870878
2.565412878959328e+02,2.541452716191551e+02,5.882352941176471e-01,16870880
2.572405268042998e+02,2.513625387129548e+02,1.764705882352941e+00,16870875
2.583059937782857e+02,2.561217279032753e+02,5.882352941176471e-01,16870882
2.595609032747105e+02,2.577961973923576e+02,5.882352941176471e-01,16870883
2.618354055429916e+02,2.556281466151616e+02,1.764705882352941e+00,16870881
2.631664375509672e+02,2.614017316686143e+02,5.882352941176471e-01,16870885
2.636001114253445e+02,2.616418059743523e+02,5.882352941176471e-01,16870886
2.642802569675541e+02,2.589861393204953e+02,1.764705882352941e+00,16870884
2.651479803705088e+02,2.625172822072128e+02,5.882352941176471e-01,16870888
2.669126862528618e+02,2.623505594382183e+02,1.176470588235294e+00,16870887
2.673430147739634e+02,2.655783088916105e+02,5.882352941176471e-01,16870889
2.711102335424699e+02,2.658161158954110e+02,1.764705882352941e+00,16870890
2.727408573189958e+02,2.708475715141989e+02,5.882352941176471e-01,16870895
2.733355769664056e+02,2.687913782694042e+02,1.176470588235294e+00,16870891
2.742312395976839e+02,2.720315086256354e+02,5.882352941176471e-01,16870896
2.762702690837017e+02,2.702896538278786e+02,1.764705882352941e+00,16870893
2.766173498705713e+02,2.748526439882184e+02,5.882352941176471e-01,16870897
2.787632064062146e+02,2.769985005238617e+02,5.882352941176471e-01,16870899
2.795197920321494e+02,2.759903802674435e+02,1.176470588235294e+00,16870898
2.808040312185196e+02,2.790393253361667e+02,5.882352941176471e-01,16870900
2.809953316375317e+02,2.792306257551788e+02,5.882352941176471e-01,16870901
2.841590925536340e+02,2.823943866712811e+02,5.882352941176471e-01,16870904
2.850487644268592e+02,2.797546467798004e+02,1.764705882352941e+00,16870902
2.862143491664289e+02,2.837121095236313e+02,5.882352941176471e-01,16870906
2.870256706053883e+02,2.848065203879340e+02,5.882352941176471e-01,16870908
2.908982441786694e+02,2.882168499834210e+02,5.882352941176471e-01,16870913
2.915519480620716e+02,2.829538604307486e+02,1.764705882352941e+00,16870905
2.915519480620716e+02,2.812107822498120e+02,1.764705882352941e+00,16870903
2.931859131677441e+02,2.893693489160041e+02,5.882352941176471e-01,16870915
2.931859131677441e+02,2.895798876391396e+02,5.882352941176471e-01,16870916
2.949506190500970e+02,2.916671509638878e+02,5.882352941176471e-01,16870920
2.949506190500970e+02,2.928064530861005e+02,5.882352941176471e-01,16870922
2.967153249324500e+02,2.942911597576887e+02,5.882352941176471e-01,16870923
2.968964687809686e+02,2.951317628986157e+02,5.882352941176471e-01,16870924
2.988091636454198e+02,2.968200433637802e+02,5.882352941176471e-01,16870926
2.989571526275181e+02,2.854731650192115e+02,1.764705882352941e+00,16870910
3.004093031124643e+02,2.978451513389458e+02,5.882352941176471e-01,16870929
3.021740089948172e+02,2.998636512015329e+02,5.882352941176471e-01,16870931
3.024865643922240e+02,2.955923072781207e+02,1.764705882352941e+00,16870925
3.039387148771702e+02,3.019100600358307e+02,5.882352941176471e-01,16870933
3.039387148771702e+02,3.006525847290282e+02,5.882352941176471e-01,16870932
3.042512702745769e+02,3.022595989732651e+02,5.882352941176471e-01,16870934
3.074681266418761e+02,2.997292387007645e+02,1.764705882352941e+00,16870930
3.074681266418761e+02,2.975344103481937e+02,1.764705882352941e+00,16870928
3.092328325242290e+02,3.048141791410371e+02,1.176470588235294e+00,16870935
3.092888499241566e+02,3.075241440418036e+02,5.882352941176471e-01,16870937
3.105529175973390e+02,3.082432353837953e+02,5.882352941176471e-01,16870939
3.105529175973390e+02,3.078739411883820e+02,5.882352941176471e-01,16870938
3.110535558065095e+02,3.057873463321137e+02,1.176470588235294e+00,16870936
3.123176234796919e+02,3.103938114856566e+02,5.882352941176471e-01,16870940
3.140823293620448e+02,3.122013542723269e+02,5.882352941176471e-01,16870943
3.150297755265617e+02,3.127487542037691e+02,5.882352941176471e-01,16870944
3.163207583266562e+02,3.114778017574986e+02,1.176470588235294e+00,16870941
3.180854642090091e+02,3.115229257662130e+02,1.764705882352941e+00,16870942
3.185591872912675e+02,3.130478720357193e+02,1.764705882352941e+00,16870945
3.218517375148442e+02,3.160791511942018e+02,1.764705882352941e+00,16870946
3.245297502905890e+02,3.226590984398035e+02,5.882352941176471e-01,16870953
3.253543447915801e+02,3.187493050111451e+02,1.764705882352941e+00,16870948
3.262202570156544e+02,3.228720291157559e+02,5.882352941176471e-01,16870954
3.275520067859702e+02,3.252731606632702e+02,5.882352941176471e-01,16870958
3.279919310848263e+02,3.262272252024734e+02,5.882352941176471e-01,16870959
3.291889201476186e+02,3.192239414614926e+02,1.176470588235294e+00,16870949
3.309536260299716e+02,3.205291241994305e+02,1.764705882352941e+00,16870950
3.324789340997660e+02,3.210003385258831e+02,1.176470588235294e+00,16870951
3.342436399821190e+02,3.225424469363735e+02,1.764705882352941e+00,16870952
3.343264735466102e+02,3.312250998230460e+02,5.882352941176471e-01,16870965
3.344830377946774e+02,3.282693189408262e+02,1.764705882352941e+00,16870961
3.360083458644719e+02,3.326446012287484e+02,5.882352941176471e-01,16870967
3.368961541261899e+02,3.351314482438370e+02,5.882352941176471e-01,16870969
3.389306882030000e+02,3.371659823206470e+02,5.882352941176471e-01,16870971
3.399760863959396e+02,3.346819687488807e+02,1.764705882352941e+00,16870968
3.406953940853529e+02,3.387942693731765e+02,5.882352941176471e-01,16870973
3.431677134228648e+02,3.409853304188512e+02,5.882352941176471e-01,16870975
3.438651520053521e+02,3.372881243059763e+02,1.764705882352941e+00,16870972
3.438651520053521e+02,3.351497391970225e+02,1.764705882352941e+00,16870970
3.452811385964614e+02,3.415035515694930e+02,5.882352941176471e-01,16870977
3.473945637700580e+02,3.395320311935591e+02,1.764705882352941e+00,16870974
3.488105503611673e+02,3.420814631823378e+02,1.764705882352941e+00,16870978
3.497948771177674e+02,3.480301712354145e+02,5.882352941176471e-01,16870979
3.532549456842388e+02,3.514902398018858e+02,5.882352941176471e-01,16870980
3.576283676248345e+02,3.558636617424815e+02,5.882352941176471e-01,16870982
3.587884604029875e+02,3.570237545206345e+02,5.882352941176471e-01,16870983
3.595702882843129e+02,3.572085084502725e+02,5.882352941176471e-01,16870984
3.597475030614384e+02,3.544533854143795e+02,1.764705882352941e+00,16870981
3.605531662853404e+02,3.582727471378823e+02,5.882352941176471e-01,16870986
3.614198230505489e+02,3.596551171681959e+02,5.882352941176471e-01,16870987
3.629951375428389e+02,3.612304316604859e+02,5.882352941176471e-01,16870989
3.642525558393373e+02,3.624878499569843e+02,5.882352941176471e-01,16870990
3.653177864365349e+02,3.635530805541820e+02,5.882352941176471e-01,16870991
3.659185770839136e+02,3.606244594368548e+02,1.764705882352941e+00,16870988
3.662580918693476e+02,3.635780178853333e+02,5.882352941176471e-01,16870992
3.673828876425772e+02,3.647946749278368e+02,5.882352941176471e-01,16870997
3.673828876425772e+02,3.645736627028805e+02,5.882352941176471e-01,16870996
3.699820460485025e+02,3.682173401661496e+02,5.882352941176471e-01,16870999
3.704401988858098e+02,3.686754930034569e+02,5.882352941176471e-01,16871000
3.714904986318246e+02,3.697257927494716e+02,5.882352941176471e-01,16871001
3.717467519308555e+02,3.698246427008454e+02,5.882352941176471e-01,16871002
3.751480370460459e+02,3.725367814365103e+02,5.882352941176471e-01,16871007
3.769127429283988e+02,3.746612214331231e+02,5.882352941176471e-01,16871010
3.769127429283988e+02,3.741396826602142e+02,5.882352941176471e-01,16871009
3.774163656359668e+02,3.678784300878639e+02,1.764705882352941e+00,16870998
3.788453230466078e+02,3.767347530586806e+02,5.882352941176471e-01,16871013
3.806100289289607e+02,3.780968502088099e+02,5.882352941176471e-01,16871014
3.825662517379853e+02,3.793815704412885e+02,5.882352941176471e-01,16871015
3.827577686646570e+02,3.711954635046725e+02,1.764705882352941e+00,16871004
3.827577686646570e+02,3.703516552774207e+02,1.764705882352941e+00,16871003
3.865133677996123e+02,3.829839560349065e+02,1.176470588235294e+00,16871017
3.872976982622791e+02,3.855329923799262e+02,5.882352941176471e-01,16871019
3.902569996952378e+02,3.878609182402520e+02,5.882352941176471e-01,16871022
3.906468098310198e+02,3.853526921839610e+02,1.764705882352941e+00,16871018
3.908490074268907e+02,3.887065139438045e+02,5.882352941176471e-01,16871024
3.925126145113082e+02,3.873195956621848e+02,1.176470588235294e+00,16871021
3.925126145113082e+02,3.863988450423766e+02,1.176470588235294e+00,16871020
3.960420262760141e+02,3.900748541347337e+02,1.764705882352941e+00,16871025
3.973158232246496e+02,3.914907399460431e+02,1.764705882352941e+00,16871026
3.980378219410646e+02,3.962731160587116e+02,5.882352941176471e-01,16871027
4.027577695248696e+02,4.009930636425166e+02,5.882352941176471e-01,16871029
4.042513688606826e+02,3.989572512136238e+02,1.764705882352941e+00,16871028
4.054117300977669e+02,4.036470242154139e+02,5.882352941176471e-01,16871031
4.080279487151591e+02,4.056119521170984e+02,5.882352941176471e-01,16871034
4.082751168049298e+02,4.029809991578709e+02,1.764705882352941e+00,16871030
4.090019000443128e+02,4.069582125312240e+02,5.882352941176471e-01,16871036
4.097926545975121e+02,4.072979523437998e+02,5.882352941176471e-01,16871038
4.100398226872827e+02,4.082573116557449e+02,5.882352941176471e-01,16871039
4.108875448122664e+02,4.091228389299135e+02,5.882352941176471e-01,16871040
4.115794546485870e+02,4.098147487662340e+02,5.882352941176471e-01,16871041
4.118045285696356e+02,4.100346822825503e+02,5.882352941176471e-01,16871042
4.146913949679712e+02,4.052989217635490e+02,1.764705882352941e+00,16871033
4.146913949679712e+02,4.041277880173234e+02,1.764705882352941e+00,16871032
4.147086340057742e+02,4.129439281234213e+02,5.882352941176471e-01,16871043
4.183028176547491e+02,4.165381117723961e+02,5.882352941176471e-01,16871047
4.183413894931640e+02,4.143509233224546e+02,1.176470588235294e+00,16871045
4.201060953755169e+02,4.134495948563989e+02,1.764705882352941e+00,16871044
4.218708012578698e+02,4.168826210160537e+02,1.176470588235294e+00,16871048
4.242602157472328e+02,4.189660981001740e+02,1.764705882352941e+00,16871049
4.253809271033683e+02,4.223988496572846e+02,5.882352941176471e-01,16871052
4.254002130225757e+02,4.199136120454516e+02,1.764705882352941e+00,16871050
4.277896275119387e+02,4.213278442679705e+02,1.764705882352941e+00,16871051
4.294078566452135e+02,4.261706184263867e+02,5.882352941176471e-01,16871056
4.301959649145608e+02,4.258011896584981e+02,1.176470588235294e+00,16871054
4.311725625275664e+02,4.290728905524770e+02,5.882352941176471e-01,16871058
4.319606707969137e+02,4.262670399724328e+02,1.176470588235294e+00,16871057
4.329372684099194e+02,4.311243994027562e+02,5.882352941176471e-01,16871061
4.337253766792667e+02,4.312560100584615e+02,5.882352941176471e-01,16871062
4.347019742922723e+02,4.306938564158529e+02,1.176470588235294e+00,16871060
4.364666801746252e+02,4.291762053232103e+02,1.764705882352941e+00,16871059
4.401065860787088e+02,4.348124684316500e+02,1.764705882352941e+00,16871063
4.410502218753584e+02,4.357561042282995e+02,1.764705882352941e+00,16871064
4.416245061168752e+02,4.397353985062886e+02,5.882352941176471e-01,16871066
4.418712919610618e+02,4.380950943521694e+02,1.176470588235294e+00,16871065
4.428336569732150e+02,4.405473882508988e+02,5.882352941176471e-01,16871067
4.435537358953525e+02,4.412823529013254e+02,5.882352941176471e-01,16871070
4.435537358953525e+02,4.410876803063657e+02,5.882352941176471e-01,16871069
4.463630687379208e+02,4.427329555538652e+02,1.176470588235294e+00,16871072
4.472912422852533e+02,4.437618305205474e+02,1.176470588235294e+00,16871073
4.506717834393610e+02,4.453776657923021e+02,1.764705882352941e+00,16871074
4.516571863849797e+02,4.462121601916127e+02,1.764705882352941e+00,16871075
4.524651340769147e+02,4.495833333559203e+02,5.882352941176471e-01,16871077
4.534218922673326e+02,4.489643670674096e+02,1.176470588235294e+00,16871076
4.545403817323650e+02,4.527756758500121e+02,5.882352941176471e-01,16871079
4.559945458416206e+02,4.495931122542823e+02,1.764705882352941e+00,16871078
4.566281958233782e+02,4.543876259654331e+02,5.882352941176471e-01,16871082
4.566281958233782e+02,4.538235012464030e+02,5.882352941176471e-01,16871081
4.577592517239735e+02,4.554017977800284e+02,5.882352941176471e-01,16871083
4.595239576063264e+02,4.573060580210741e+02,5.882352941176471e-01,16871085
4.601576075880841e+02,4.533428342682028e+02,1.764705882352941e+00,16871080
4.630533693710323e+02,4.571810831842993e+02,1.764705882352941e+00,16871084
4.637651538117557e+02,4.616002672721076e+02,5.882352941176471e-01,16871088
4.642399067137110e+02,4.586469881674611e+02,1.764705882352941e+00,16871086
4.655298596941087e+02,4.632588487611596e+02,5.882352941176471e-01,16871090
4.667265319585289e+02,4.645858233833925e+02,5.882352941176471e-01,16871091
4.672945655764616e+02,4.652043880427811e+02,5.882352941176471e-01,16871092
4.676255676556262e+02,4.602357420470499e+02,1.764705882352941e+00,16871087
4.702559437232348e+02,4.631971201938230e+02,1.764705882352941e+00,16871089
4.733938803950108e+02,4.716291745126578e+02,5.882352941176471e-01,16871093
4.748130060897971e+02,4.730483002074442e+02,5.882352941176471e-01,16871094
4.749232508571064e+02,4.731585449747534e+02,5.882352941176471e-01,16871095
4.784977296246496e+02,4.767330237422967e+02,5.882352941176471e-01,16871097
4.788792333335131e+02,4.771145274511602e+02,5.882352941176471e-01,16871098
4.793600597210297e+02,4.758306479563238e+02,1.176470588235294e+00,16871096
4.802624355070025e+02,4.779619750748915e+02,5.882352941176471e-01,16871099
4.806439392158661e+02,4.786425750731258e+02,5.882352941176471e-01,16871100
4.814542621956481e+02,4.796895563132951e+02,5.882352941176471e-01,16871101
4.841364373190651e+02,4.823717314367122e+02,5.882352941176471e-01,16871102
4.867153783903768e+02,4.849506725080238e+02,5.882352941176471e-01,16871103
4.886011118664293e+02,4.850717001017234e+02,1.176470588235294e+00,16871104
4.903254752175490e+02,4.879804302966152e+02,5.882352941176471e-01,16871107
4.903993343486629e+02,4.851052167016041e+02,1.764705882352941e+00,16871105
4.922976424029239e+02,4.905329365205710e+02,5.882352941176471e-01,16871110
4.938548869822549e+02,4.884081041408474e+02,1.764705882352941e+00,16871108
4.938548869822549e+02,4.866417790430422e+02,1.764705882352941e+00,16871106
4.980685859967887e+02,4.945391742320828e+02,1.176470588235294e+00,16871111
4.995500922469475e+02,4.960206804822416e+02,1.176470588235294e+00,16871112
5.020902123274596e+02,5.001475615857606e+02,5.882352941176471e-01,16871118
5.030182832673869e+02,4.990293378658724e+02,1.176470588235294e+00,16871114
5.030182832673869e+02,4.985608005627537e+02,1.176470588235294e+00,16871113
5.038549182098126e+02,5.017502860869495e+02,5.882352941176471e-01,16871119
5.056196240921655e+02,5.038139370997554e+02,5.882352941176471e-01,16871121
5.065476950320927e+02,4.992319504388895e+02,1.764705882352941e+00,16871115
5.086990522780390e+02,5.067648312763335e+02,5.882352941176471e-01,16871124
5.094219653359678e+02,5.041482266891017e+02,1.176470588235294e+00,16871122
5.100771067967986e+02,5.034049346309802e+02,1.764705882352941e+00,16871120
5.115142419487361e+02,5.094054527072220e+02,5.882352941176471e-01,16871129
5.126063075201962e+02,5.108416016378432e+02,5.882352941176471e-01,16871130
5.143710134025491e+02,5.121042202718773e+02,5.882352941176471e-01,16871131
5.149829710919477e+02,5.079301889327112e+02,1.764705882352941e+00,16871125
5.150436537134420e+02,5.091747935619744e+02,1.764705882352941e+00,16871128
5.164416981296013e+02,5.140180653895830e+02,5.882352941176471e-01,16871133
5.164416981296013e+02,5.128460627025651e+02,5.882352941176471e-01,16871132
5.182007589760748e+02,5.164360530937219e+02,5.882352941176471e-01,16871134
5.189395160040859e+02,5.171748101217330e+02,5.882352941176471e-01,16871135
5.234070815106681e+02,5.216423756283152e+02,5.882352941176471e-01,16871136
5.242514005310097e+02,5.224866946486568e+02,5.882352941176471e-01,16871138
5.251717873930211e+02,5.231057560510823e+02,5.882352941176471e-01,16871139
5.254562228329667e+02,5.219268110682608e+02,1.176470588235294e+00,16871137
5.262423292496212e+02,5.244776233672683e+02,5.882352941176471e-01,16871140
5.274343976420669e+02,5.256696917597140e+02,5.882352941176471e-01,16871141
5.280699480948297e+02,5.263052422124767e+02,5.882352941176471e-01,16871143
5.291991035244199e+02,5.271129641005730e+02,5.882352941176471e-01,16871144
5.299582776911003e+02,5.281935718087474e+02,5.882352941176471e-01,16871145
5.309823194605217e+02,5.292176135781687e+02,5.882352941176471e-01,16871146
5.310397719614039e+02,5.257456543143451e+02,1.764705882352941e+00,16871142
5.317229835734533e+02,5.293314909805651e+02,5.882352941176471e-01,16871147
5.329903979283956e+02,5.312256920460426e+02,5.882352941176471e-01,16871149
5.334876894558062e+02,5.315458835183306e+02,5.882352941176471e-01,16871150
5.347439661515986e+02,5.318451851456352e+02,5.882352941176471e-01,16871151
5.347551038107485e+02,5.312145543868927e+02,1.176470588235294e+00,16871148
5.365142408635265e+02,5.338045108334828e+02,5.882352941176471e-01,16871153
5.370171012205121e+02,5.333622603788607e+02,1.176470588235294e+00,16871152
5.388455191862200e+02,5.370808133038670e+02,5.882352941176471e-01,16871155
5.400436526282324e+02,5.344043572419145e+02,1.764705882352941e+00,16871154
5.400745994689845e+02,5.383098935866316e+02,5.882352941176471e-01,16871156
5.420406184984324e+02,5.402759126160794e+02,5.882352941176471e-01,16871158
5.448709199110979e+02,5.395768022640391e+02,1.764705882352941e+00,16871157
5.467470138795307e+02,5.449823079971777e+02,5.882352941176471e-01,16871160
5.478669309364441e+02,5.425728132893853e+02,1.764705882352941e+00,16871159
5.485245583273858e+02,5.467598524450329e+02,5.882352941176471e-01,16871161
5.513963427011500e+02,5.477096901535997e+02,1.176470588235294e+00,16871163
5.525020138059062e+02,5.472078961588473e+02,1.764705882352941e+00,16871162
5.531775721096222e+02,5.508120951498978e+02,5.882352941176471e-01,16871166
5.543691486000785e+02,5.515219356401217e+02,5.882352941176471e-01,16871167
5.561338544824314e+02,5.536931738581514e+02,5.882352941176471e-01,16871171
5.569647847485927e+02,5.496646838710355e+02,1.764705882352941e+00,16871164
5.578985603647843e+02,5.556349676900489e+02,5.882352941176471e-01,16871172
5.584716897566810e+02,5.526556571736352e+02,1.764705882352941e+00,16871170
5.596101286323739e+02,5.578454227500209e+02,5.882352941176471e-01,16871173
5.603706654425634e+02,5.586059595602104e+02,5.882352941176471e-01,16871174
5.620671567452293e+02,5.603024508628764e+02,5.882352941176471e-01,16871175
5.639027262151162e+02,5.603733144504104e+02,1.176470588235294e+00,16871176
5.641581199388179e+02,5.623934140564650e+02,5.882352941176471e-01,16871177
5.649379112434632e+02,5.631732053611102e+02,5.882352941176471e-01,16871178
5.664372907116412e+02,5.646725848292883e+02,5.882352941176471e-01,16871179
5.667026171258161e+02,5.649142397262802e+02,5.882352941176471e-01,16871181
5.684584512088182e+02,5.666937453264653e+02,5.882352941176471e-01,16871183
5.700374209067622e+02,5.669658115154820e+02,5.882352941176471e-01,16871184
5.701081393371773e+02,5.648051498907676e+02,1.764705882352941e+00,16871180
5.718021267891151e+02,5.700358820212881e+02,5.882352941176471e-01,16871186
5.719878629735241e+02,5.663634605874264e+02,1.764705882352941e+00,16871182
5.726587248261429e+02,5.708940189437899e+02,5.882352941176471e-01,16871187
5.744234307084958e+02,5.726092130178315e+02,5.882352941176471e-01,16871190
5.771891125283784e+02,5.750426145780207e+02,5.882352941176471e-01,16871193
5.773793915132263e+02,5.713830732225875e+02,1.764705882352941e+00,16871188
5.779915996785819e+02,5.762268937962289e+02,5.882352941176471e-01,16871194
5.790295793004652e+02,5.733296906559952e+02,1.176470588235294e+00,16871191
5.807942851828181e+02,5.740402587333683e+02,1.764705882352941e+00,16871192
5.815210114432878e+02,5.795182310206892e+02,5.882352941176471e-01,16871198
5.825589910651711e+02,5.805976897004551e+02,5.882352941176471e-01,16871199
5.848092230078148e+02,5.785406434303044e+02,1.764705882352941e+00,16871196
5.848092230078148e+02,5.775557914220996e+02,1.764705882352941e+00,16871195
5.861240428576525e+02,5.831523065667613e+02,5.882352941176471e-01,16871201
5.867782533124511e+02,5.846331074534848e+02,5.882352941176471e-01,16871204
5.867782533124511e+02,5.843949770030751e+02,5.882352941176471e-01,16871203
5.885429591948040e+02,5.866300493883642e+02,5.882352941176471e-01,16871207
5.903076650771569e+02,5.815302988918869e+02,1.764705882352941e+00,16871200
5.914181605047113e+02,5.854221962746647e+02,1.764705882352941e+00,16871206
5.922677418694314e+02,5.895272002680505e+02,5.882352941176471e-01,16871210
5.931828663870642e+02,5.913276936184653e+02,5.882352941176471e-01,16871211
5.940324477517844e+02,5.921040712721899e+02,5.882352941176471e-01,16871212
5.942161121362827e+02,5.889337010146471e+02,1.176470588235294e+00,16871208
5.949475722694172e+02,5.926350706384280e+02,5.882352941176471e-01,16871213
5.957971536341373e+02,5.934876721431844e+02,5.882352941176471e-01,16871214
5.967436794180755e+02,5.949789735357226e+02,5.882352941176471e-01,16871215
5.972382564965410e+02,5.954735506141881e+02,5.882352941176471e-01,16871216
5.994642004386907e+02,5.959347886739849e+02,1.176470588235294e+00,16871217
6.002369515164514e+02,5.984722456340985e+02,5.882352941176471e-01,16871218
6.017724888887563e+02,6.000077830064033e+02,5.882352941176471e-01,16871220
6.028219901919885e+02,6.010572843096356e+02,5.882352941176471e-01,16871221
6.038672030069610e+02,6.021024971246080e+02,5.882352941176471e-01,16871222
6.050617783131112e+02,5.997676606660524e+02,1.764705882352941e+00,16871219
6.066649450802514e+02,6.049002391978985e+02,5.882352941176471e-01,16871223
6.084953207731924e+02,6.067306148908395e+02,5.882352941176471e-01,16871224
6.125531952861710e+02,6.072590776391122e+02,1.764705882352941e+00,16871225
6.128602613596158e+02,6.110955554772628e+02,5.882352941176471e-01,16871227
6.142917368631553e+02,6.123773437033563e+02,5.882352941176471e-01,16871229
6.142917368631553e+02,6.121964872559115e+02,5.882352941176471e-01,16871228
6.162544798478961e+02,6.144897739655432e+02,5.882352941176471e-01,16871230
6.163896731243216e+02,6.107361607930808e+02,1.764705882352941e+00,16871226
6.174873827345093e+02,6.157226768521563e+02,5.882352941176471e-01,16871231
6.194155205028403e+02,6.176508146204873e+02,5.882352941176471e-01,16871232
6.196478713450072e+02,6.178831654626543e+02,5.882352941176471e-01,16871233
6.242882748789172e+02,6.189941572318584e+02,1.764705882352941e+00,16871234
6.251858616040863e+02,6.198917439570275e+02,1.764705882352941e+00,16871235
6.254906637858995e+02,6.225410930601720e+02,5.882352941176471e-01,16871237
6.275559385991777e+02,6.257912327168248e+02,5.882352941176471e-01,16871238
6.278176866436231e+02,6.219612520211936e+02,1.764705882352941e+00,16871236
6.293206444815306e+02,6.267444462943298e+02,5.882352941176471e-01,16871240
6.296130751195009e+02,6.260836633547951e+02,1.176470588235294e+00,16871239
6.313777810018539e+02,6.293352407402380e+02,5.882352941176471e-01,16871243
6.333013478695437e+02,6.315366419871908e+02,5.882352941176471e-01,16871246
6.340159405277670e+02,6.288613636966173e+02,1.176470588235294e+00,16871242
6.355424488573789e+02,6.324654776553981e+02,5.882352941176471e-01,16871247
6.355424488573789e+02,6.329429907883524e+02,5.882352941176471e-01,16871248
6.357806464101199e+02,6.282818622652226e+02,1.764705882352941e+00,16871241
6.390718606220847e+02,6.300110290186029e+02,1.764705882352941e+00,16871245
6.390718606220847e+02,6.296663548151891e+02,1.764705882352941e+00,16871244
6.397698733003000e+02,6.380051674179471e+02,5.882352941176471e-01,16871250
6.408365665044377e+02,6.382176512791157e+02,5.882352941176471e-01,16871251
6.416464231527312e+02,6.398817172703783e+02,5.882352941176471e-01,16871253
6.428998052011353e+02,6.403295617543908e+02,5.882352941176471e-01,16871255
6.428998052011353e+02,6.403283824058218e+02,5.882352941176471e-01,16871254
6.451758349174371e+02,6.395196598436017e+02,1.764705882352941e+00,16871252
6.466254313104410e+02,6.430960195457351e+02,1.176470588235294e+00,16871257
6.473393267397656e+02,6.455746208574127e+02,5.882352941176471e-01,16871258
6.487783930609414e+02,6.470136871785885e+02,5.882352941176471e-01,16871259
6.497997154405448e+02,6.480350095581918e+02,5.882352941176471e-01,16871261
6.506182339311913e+02,6.484427033131224e+02,5.882352941176471e-01,16871262
6.515644213228977e+02,6.474470119817190e+02,1.176470588235294e+00,16871260
6.535491397429744e+02,6.517844338606214e+02,5.882352941176471e-01,16871266
6.545058355111307e+02,6.489286630367353e+02,1.764705882352941e+00,16871264
6.561209743184448e+02,6.508268566713859e+02,1.764705882352941e+00,16871265
6.570785515076803e+02,6.530150570610675e+02,1.176470588235294e+00,16871267
6.578856802007977e+02,6.560340420743541e+02,5.882352941176471e-01,16871269
6.588432573900332e+02,6.565812732021778e+02,5.882352941176471e-01,16871270
6.597999531581896e+02,6.544310228049032e+02,1.764705882352941e+00,16871268
6.610115276189449e+02,6.585318808788279e+02,5.882352941176471e-01,16871273
6.610115276189449e+02,6.584711633353816e+02,5.882352941176471e-01,16871272
6.627762335012978e+02,6.605897410027401e+02,5.882352941176471e-01,16871274
6.633293649228954e+02,6.572811786694953e+02,1.764705882352941e+00,16871271
6.638859327140280e+02,6.621212268316751e+02,5.882352941176471e-01,16871275
6.645409393836507e+02,6.625922602894851e+02,5.882352941176471e-01,16871276
6.656506385963809e+02,6.637585938877173e+02,5.882352941176471e-01,16871278
6.664330543725297e+02,6.646683484901767e+02,5.882352941176471e-01,16871279
6.668587766876013e+02,6.630468567974306e+02,1.176470588235294e+00,16871277
6.695592849646414e+02,6.677945790822885e+02,5.882352941176471e-01,16871280
6.710467317623602e+02,6.692820258800073e+02,5.882352941176471e-01,16871281
6.746465844795279e+02,6.728818785971750e+02,5.882352941176471e-01,16871283
6.747799513934123e+02,6.694858337463534e+02,1.764705882352941e+00,16871282
6.750846181056141e+02,6.733199122232612e+02,5.882352941176471e-01,16871284
6.765002016378038e+02,6.737981169106639e+02,5.882352941176471e-01,16871286
6.765002016378038e+02,6.735771581059945e+02,5.882352941176471e-01,16871285
6.768561798718666e+02,6.750914739895137e+02,5.882352941176471e-01,16871288
6.782649075201567e+02,6.761602152662723e+02,5.882352941176471e-01,16871289
6.812571998823206e+02,6.794924939999677e+02,5.882352941176471e-01,16871290
6.814365039264636e+02,6.796717980441107e+02,5.882352941176471e-01,16871291
6.854670183551616e+02,6.819376065904557e+02,1.176470588235294e+00,16871292
6.860016466301207e+02,6.842369407477677e+02,5.882352941176471e-01,16871295
6.872890825982847e+02,6.819949649512259e+02,1.764705882352941e+00,16871293
6.877663525124736e+02,6.855847548452549e+02,5.882352941176471e-01,16871297
6.889964301198675e+02,6.862671304885985e+02,5.882352941176471e-01,16871298
6.890787868278531e+02,6.873140809455001e+02,5.882352941176471e-01,16871299
6.908023143562132e+02,6.886773595417873e+02,5.882352941176471e-01,16871301
6.912085682764677e+02,6.824100372119184e+02,1.764705882352941e+00,16871294
6.925670202385662e+02,6.906503207459305e+02,5.882352941176471e-01,16871303
6.930017754261557e+02,6.912370695438028e+02,5.882352941176471e-01,16871304
6.945348530810464e+02,6.845337629524727e+02,1.176470588235294e+00,16871296
6.961979954833357e+02,6.939461270284079e+02,5.882352941176471e-01,16871306
6.961979954833357e+02,6.941552843444753e+02,5.882352941176471e-01,16871307
6.962995589633993e+02,6.879472318743339e+02,1.764705882352941e+00,16871300
6.997781889880734e+02,6.917148878981080e+02,1.764705882352941e+00,16871305
6.997781889880734e+02,6.902386567765222e+02,1.764705882352941e+00,16871302
7.015175040004104e+02,6.982629984699754e+02,5.882352941176471e-01,16871311
7.015175040004104e+02,6.982372134147106e+02,5.882352941176471e-01,16871310
7.033864303911149e+02,7.010889234485045e+02,5.882352941176471e-01,16871313
7.034906508994664e+02,6.953307176545084e+02,1.764705882352941e+00,16871308
7.051858764429183e+02,7.023124274088619e+02,5.882352941176471e-01,16871317
7.069505823252713e+02,7.038794140205993e+02,5.882352941176471e-01,16871319
7.098917587958595e+02,7.001442892814476e+02,1.764705882352941e+00,16871312
7.098917587958595e+02,7.018731973207130e+02,1.764705882352941e+00,16871316
7.098917587958595e+02,7.031440950051239e+02,1.764705882352941e+00,16871318
7.116564646782124e+02,7.042001486928939e+02,1.176470588235294e+00,16871320
7.116564646782124e+02,7.074944030994924e+02,5.882352941176471e-01,16871321
7.134211705605654e+02,7.105158882472016e+02,5.882352941176471e-01,16871323
7.151858764429183e+02,7.084272784959596e+02,1.764705882352941e+00,16871322
7.154777541952544e+02,7.137130483129014e+02,5.882352941176471e-01,16871324
7.180616261842903e+02,7.162969203019374e+02,5.882352941176471e-01,16871327
7.196592407518743e+02,7.143651231048155e+02,1.764705882352941e+00,16871325
7.200397922509559e+02,7.173313738254006e+02,5.882352941176471e-01,16871328
7.204799940899771e+02,7.150143791854403e+02,1.764705882352941e+00,16871326
7.237181660874823e+02,7.215546280741423e+02,5.882352941176471e-01,16871337
7.255210510533899e+02,7.237563451710370e+02,5.882352941176471e-01,16871338
7.264236872682008e+02,7.197048568806200e+02,1.764705882352941e+00,16871333
7.264236872682008e+02,7.184885465529155e+02,1.764705882352941e+00,16871330
7.299149199493520e+02,7.205490453091052e+02,1.764705882352941e+00,16871336
7.308151687004488e+02,7.246915599346507e+02,1.764705882352941e+00,16871339
7.317244863386344e+02,7.298482819912713e+02,5.882352941176471e-01,16871342
7.325798745828017e+02,7.301978280551303e+02,5.882352941176471e-01,16871343
7.347450727073298e+02,7.320397413632935e+02,5.882352941176471e-01,16871345
7.352538981033403e+02,7.333808590671521e+02,5.882352941176471e-01,16871347
7.354115256156698e+02,7.282399350808579e+02,1.764705882352941e+00,16871340
7.367641912876880e+02,7.343168072901630e+02,5.882352941176471e-01,16871349
7.371762314980228e+02,7.353000727639025e+02,5.882352941176471e-01,16871350
7.385288971700409e+02,7.356284343422675e+02,5.882352941176471e-01,16871351
7.387349172752083e+02,7.340314463611628e+02,1.176470588235294e+00,16871348
7.403439047904977e+02,7.385791989081448e+02,5.882352941176471e-01,16871352
7.404996231575613e+02,7.311955473938768e+02,1.764705882352941e+00,16871344
7.410864142553282e+02,7.393217083729753e+02,5.882352941176471e-01,16871353
7.421864698563824e+02,7.396835913472728e+02,5.882352941176471e-01,16871354
7.439511757387354e+02,7.420570771286682e+02,5.882352941176471e-01,16871358
7.449629717808875e+02,7.431982658985346e+02,5.882352941176471e-01,16871359
7.460650713644265e+02,7.399993929826349e+02,1.176470588235294e+00,16871355
7.476551823751104e+02,7.452538392738335e+02,5.882352941176471e-01,16871363
7.476551823751104e+02,7.450780030786522e+02,5.882352941176471e-01,16871362
7.494198882574633e+02,7.470431809019412e+02,5.882352941176471e-01,16871365
7.511845941398162e+02,7.489792585343278e+02,5.882352941176471e-01,16871366
7.517427282534716e+02,7.437331223344660e+02,1.764705882352941e+00,16871360
7.517427282534716e+02,7.415253698963166e+02,1.764705882352941e+00,16871357
7.536391213024777e+02,7.518744154201247e+02,5.882352941176471e-01,16871369
7.548613857946967e+02,7.467056229827274e+02,1.176470588235294e+00,16871364
7.551984500730902e+02,7.497925697257341e+02,1.176470588235294e+00,16871367
7.566260916770497e+02,7.541474538879944e+02,5.882352941176471e-01,16871370
7.569631559554431e+02,7.549320453802769e+02,5.882352941176470e-01,16871371
7.569631559554431e+02,7.507972219384116e+02,1.764705882352941e+00,16871368
7.583907975594026e+02,7.561171118922080e+02,5.882352941176471e-01,16871372
7.604925677201490e+02,7.566883060222560e+02,1.176470588235294e+00,16871373
7.616660325864024e+02,7.599013267040495e+02,5.882352941176471e-01,16871374
7.647150121290364e+02,7.629503062466835e+02,5.882352941176471e-01,16871375
7.648793819836165e+02,7.631146761012636e+02,5.882352941176471e-01,16871376
7.659319197493488e+02,7.641672138669958e+02,5.882352941176471e-01,16871377
7.667727518996486e+02,7.650080460172957e+02,5.882352941176471e-01,16871378
7.711800122441223e+02,7.658858945970634e+02,1.764705882352941e+00,16871379
7.718731790065343e+02,7.699997179488855e+02,5.882352941176471e-01,16871382
7.731470531186408e+02,7.683437672418284e+02,1.176470588235294e+00,16871380
7.736378848888873e+02,7.715846822284535e+02,5.882352941176471e-01,16871384
7.762665247226865e+02,7.703728627328106e+02,1.764705882352941e+00,16871383
7.774125341535589e+02,7.756478282712060e+02,5.882352941176471e-01,16871385
7.794107615599000e+02,7.776460556775470e+02,5.882352941176471e-01,16871387
7.811376239028689e+02,7.793729180205159e+02,5.882352941176471e-01,16871388
7.826381131307853e+02,7.773439954837265e+02,1.764705882352941e+00,16871386
7.860043752904923e+02,7.831100216911043e+02,5.882352941176471e-01,16871392
7.861675248954912e+02,7.805471080384345e+02,1.764705882352941e+00,16871389
7.864317415499277e+02,7.811031305529422e+02,1.764705882352941e+00,16871390
7.888508155378362e+02,7.870861096554832e+02,5.882352941176471e-01,16871394
7.895337870551981e+02,7.813299636231024e+02,1.764705882352941e+00,16871391
7.944855007341662e+02,7.927207948518132e+02,5.882352941176471e-01,16871396
7.950674922421502e+02,7.933027863597972e+02,5.882352941176471e-01,16871397
7.959899499043798e+02,7.924605381396739e+02,1.176470588235294e+00,16871395
7.993736022210464e+02,7.958441904563405e+02,1.176470588235294e+00,16871398
8.025101770666202e+02,8.007454711842673e+02,5.882352941176471e-01,16871400
8.035868372101330e+02,7.982927195630742e+02,1.764705882352941e+00,16871399
8.042748829489732e+02,8.015612281330837e+02,5.882352941176471e-01,16871402
8.057395524289093e+02,8.039748465465564e+02,5.882352941176471e-01,16871403
8.066018188265522e+02,8.013077011794934e+02,1.764705882352941e+00,16871401
8.119294466529781e+02,8.101647407706252e+02,5.882352941176471e-01,16871406
8.123123258843818e+02,8.070182082373230e+02,1.764705882352941e+00,16871404
8.148900158759865e+02,8.095958982289277e+02,1.764705882352941e+00,16871405
8.180129355860665e+02,8.121816782248277e+02,1.764705882352941e+00,16871408
8.180129355860665e+02,8.117727505726132e+02,1.764705882352941e+00,16871407
8.189882701823899e+02,8.130533859217826e+02,1.764705882352941e+00,16871409
8.207529760647428e+02,8.182774073623823e+02,5.882352941176471e-01,16871412
8.215916760486099e+02,8.194827534860652e+02,5.882352941176471e-01,16871414
8.215916760486099e+02,8.191553263564870e+02,5.882352941176471e-01,16871413
8.228394130167865e+02,8.199256275619321e+02,5.882352941176471e-01,16871416
8.239802504150512e+02,8.168877273752562e+02,1.176470588235294e+00,16871411
8.257449562974041e+02,8.166617650898944e+02,1.764705882352941e+00,16871410
8.268857936956688e+02,8.213964382041243e+02,1.764705882352941e+00,16871418
8.283791798767984e+02,8.266144739944454e+02,5.882352941176471e-01,16871420
8.292743680621100e+02,8.235966775193643e+02,1.764705882352941e+00,16871419
8.311848821965414e+02,8.294201763141885e+02,5.882352941176471e-01,16871422
8.340461742259033e+02,8.287520565788445e+02,1.764705882352941e+00,16871421
8.351237930048927e+02,8.315943812401868e+02,1.176470588235294e+00,16871423
8.359380112321711e+02,8.341733053498181e+02,5.882352941176471e-01,16871425
8.368956827785119e+02,8.347107392357570e+02,5.882352941176471e-01,16871426
8.369028666697781e+02,8.316087490227193e+02,1.764705882352941e+00,16871424
8.385044877835172e+02,8.367397819011643e+02,5.882352941176471e-01,16871428
8.388578260407897e+02,8.370931201584367e+02,5.882352941176471e-01,16871429
8.404745115074287e+02,8.387098056250757e+02,5.882352941176471e-01,16871431
8.418740234457312e+02,8.383446116810253e+02,1.176470588235294e+00,16871430
8.433415763827235e+02,8.398121646180177e+02,1.176470588235294e+00,16871432
8.443839589044510e+02,8.426192530220980e+02,5.882352941176471e-01,16871433
8.445823993004736e+02,8.428176934181207e+02,5.882352941176471e-01,16871434
8.451062822650765e+02,8.432824954425636e+02,5.882352941176471e-01,16871435
8.492673972583844e+02,8.475026913760315e+02,5.882352941176471e-01,16871437
8.509058156883067e+02,8.456116980412479e+02,1.764705882352941e+00,16871436
8.510321031407374e+02,8.488820953207989e+02,5.882352941176471e-01,16871439
8.529890333394767e+02,8.476949156924179e+02,1.764705882352941e+00,16871438
8.544983711792279e+02,8.520975692118888e+02,5.882352941176471e-01,16871442
8.562630770615809e+02,8.532631866844247e+02,5.882352941176471e-01,16871443
8.563907610828817e+02,8.504840881588153e+02,1.764705882352941e+00,16871441
8.563907610828817e+02,8.497535765303039e+02,1.764705882352941e+00,16871440
8.615571947086397e+02,8.561335120424061e+02,1.764705882352941e+00,16871444
8.628096805939126e+02,8.592802688292068e+02,1.176470588235294e+00,16871445
8.628189157442719e+02,8.610542098619189e+02,5.882352941176471e-01,16871446
8.640643311720595e+02,8.622996252897065e+02,5.882352941176471e-01,16871447
8.646932724500974e+02,8.629285665677445e+02,5.882352941176471e-01,16871448
8.658290370544124e+02,8.634965194974507e+02,5.882352941176471e-01,16871450
8.668224013407622e+02,8.647239145010808e+02,5.882352941176471e-01,16871452
8.693584488191183e+02,8.632929895760563e+02,1.764705882352941e+00,16871449
8.699873900971562e+02,8.640898239876840e+02,1.764705882352941e+00,16871451
8.709260992723329e+02,8.682369258782846e+02,5.882352941176471e-01,16871455
8.709260992723329e+02,8.680606022153613e+02,5.882352941176471e-01,16871454
8.717520959795092e+02,8.697967886518569e+02,5.882352941176471e-01,16871456
8.726908051546859e+02,8.671996320784887e+02,1.176470588235294e+00,16871453
8.763171840949486e+02,8.710230664478898e+02,1.764705882352941e+00,16871457
8.764394011549353e+02,8.746746952725824e+02,5.882352941176471e-01,16871458
8.799178980926114e+02,8.781531922102585e+02,5.882352941176471e-01,16871459
8.802504070329134e+02,8.784857011505604e+02,5.882352941176471e-01,16871460
8.823839002386208e+02,8.806191943562679e+02,5.882352941176471e-01,16871461
8.834337309257743e+02,8.816690250434214e+02,5.882352941176471e-01,16871462
8.843992605674679e+02,8.826345546851150e+02,5.882352941176471e-01,16871463
8.846673121384870e+02,8.829026062561341e+02,5.882352941176471e-01,16871464
8.901818841359236e+02,8.884171782535707e+02,5.882352941176471e-01,16871466
8.913208221596176e+02,8.860267045125588e+02,1.764705882352941e+00,16871465
8.957402241524055e+02,8.889575254474273e+02,1.764705882352941e+00,16871468
8.957402241524055e+02,8.887135897636026e+02,1.764705882352941e+00,16871467
8.975049300347584e+02,8.951539951761447e+02,5.882352941176471e-01,16871474
8.985315263149400e+02,8.960918241292479e+02,5.882352941176471e-01,16871476
8.992745794141558e+02,8.973632755254295e+02,5.882352941176471e-01,16871478
9.013604629980851e+02,8.995957571157322e+02,5.882352941176471e-01,16871484
9.026754519428434e+02,8.996309963697884e+02,5.882352941176471e-01,16871485
9.044401578251963e+02,9.017804663234692e+02,5.882352941176471e-01,16871488
9.051616418827830e+02,8.910079469540233e+02,1.764705882352941e+00,16871470
9.062235363746239e+02,9.033052984352223e+02,5.882352941176471e-01,16871491
9.062235363746239e+02,9.029489309967559e+02,5.882352941176471e-01,16871490
9.069263477651359e+02,9.050036685994729e+02,5.882352941176471e-01,16871494
9.082142137573366e+02,8.975197605258917e+02,1.176470588235294e+00,16871480
9.099789196396895e+02,9.077652090145579e+02,5.882352941176470e-01,16871495
9.099789196396895e+02,8.998613322430358e+02,1.764705882352941e+00,16871486
9.099789196396895e+02,8.990676794016814e+02,1.764705882352941e+00,16871483
9.118148747646218e+02,9.100501688822689e+02,5.882352941176471e-01,16871497
9.135083314043954e+02,9.098138414111791e+02,1.176470588235294e+00,16871496
9.135083314043954e+02,9.027003488322762e+02,1.764705882352941e+00,16871489
9.166527244230760e+02,9.148880185407231e+02,5.882352941176471e-01,16871498
9.184574776914564e+02,9.166927718091035e+02,5.882352941176471e-01,16871499
9.209339517236153e+02,9.191692458412624e+02,5.882352941176471e-01,16871501
9.214219951580213e+02,9.196572892756684e+02,5.882352941176471e-01,16871502
9.217757327087705e+02,9.200110268264175e+02,5.882352941176471e-01,16871503
9.232903156191194e+02,9.215256097367664e+02,5.882352941176471e-01,16871504
9.244137212185155e+02,9.181966786742589e+02,1.764705882352941e+00,16871500
9.265802220374426e+02,9.248155161550896e+02,5.882352941176471e-01,16871506
9.267706579321474e+02,9.250059520497944e+02,5.882352941176471e-01,16871507
9.283449279197955e+02,9.260397136751983e+02,5.882352941176471e-01,16871510
9.301096338021484e+02,9.278330133192517e+02,5.882352941176471e-01,16871513
9.303102271378535e+02,9.284893260118201e+02,5.882352941176471e-01,16871514
9.322921451984887e+02,9.305274393161358e+02,5.882352941176471e-01,16871516
9.329789938963310e+02,9.305571508041358e+02,5.882352941176471e-01,16871517
9.335982865831437e+02,9.239747180908666e+02,1.764705882352941e+00,16871505
9.347436997786839e+02,9.325292841688591e+02,5.882352941176471e-01,16871518
9.359072455506808e+02,9.254285939217926e+02,1.764705882352941e+00,16871508
9.366822653154749e+02,9.349175594331220e+02,5.882352941176471e-01,16871519
9.371276983478496e+02,9.294495821316251e+02,1.764705882352941e+00,16871515
9.402555307578424e+02,9.384908248754895e+02,5.882352941176471e-01,16871523
9.419557776528079e+02,9.366616600057491e+02,1.764705882352941e+00,16871520
9.420202366401953e+02,9.394118988597651e+02,5.882352941176471e-01,16871524
9.426994040373630e+02,9.367164937537335e+02,1.764705882352941e+00,16871521
9.437527130288546e+02,9.408517188755720e+02,5.882352941176471e-01,16871525
9.455174189112075e+02,9.429906835952566e+02,5.882352941176471e-01,16871528
9.462288158020689e+02,9.374149116297071e+02,1.764705882352941e+00,16871522
9.472821247935604e+02,9.448385402790831e+02,5.882352941176471e-01,16871529
9.483716909706860e+02,9.455292164449657e+02,5.882352941176471e-01,16871531
9.520134621840874e+02,9.493535287612948e+02,5.882352941176471e-01,16871538
9.526747505253454e+02,9.503049360260823e+02,5.882352941176471e-01,16871541
9.541088122370694e+02,9.514259378029896e+02,5.882352941176471e-01,16871542
9.541088122370694e+02,9.516871699211247e+02,5.882352941176471e-01,16871543
9.547177131245457e+02,9.414928529947507e+02,1.764705882352941e+00,16871526
9.558780770024037e+02,9.541133711200508e+02,5.882352941176471e-01,16871544
9.581244329351600e+02,9.474791409630128e+02,1.764705882352941e+00,16871534
9.581244329351600e+02,9.469851543745972e+02,1.764705882352941e+00,16871533
9.597687263049121e+02,9.561751678165429e+02,5.882352941176471e-01,16871547
9.597687263049121e+02,9.570074320812159e+02,5.882352941176471e-01,16871548
9.615334321872651e+02,9.590321625879271e+02,5.882352941176471e-01,16871551
9.615334321872651e+02,9.588191259532760e+02,5.882352941176471e-01,16871550
9.632981380696180e+02,9.603538960207317e+02,5.882352941176471e-01,16871552
9.635907229275278e+02,9.547989391451199e+02,1.764705882352941e+00,16871545
9.646845372529144e+02,9.629198313705614e+02,5.882352941176471e-01,16871553
9.659992961615894e+02,9.642345902792365e+02,5.882352941176471e-01,16871554
9.682199051005964e+02,9.664551992182434e+02,5.882352941176471e-01,16871555
9.703074638966988e+02,9.685427580143459e+02,5.882352941176471e-01,16871556
9.721364136413298e+02,9.703717077589769e+02,5.882352941176471e-01,16871558
9.725208028208725e+02,9.707560969385196e+02,5.882352941176471e-01,16871559
9.750307288341368e+02,9.711511174399585e+02,1.176470588235294e+00,16871560
9.756658254060357e+02,9.697366111870780e+02,1.764705882352941e+00,16871557
9.766481745259869e+02,9.737020821741889e+02,5.882352941176471e-01,16871563
9.766481745259869e+02,9.734208463265078e+02,5.882352941176471e-01,16871562
9.774305312883886e+02,9.729715025707782e+02,1.176470588235294e+00,16871561
9.784666118614617e+02,9.767019059791088e+02,5.882352941176471e-01,16871564
9.817370776377683e+02,9.799723717554153e+02,5.882352941176471e-01,16871566
9.824582391827375e+02,9.771641215356787e+02,1.764705882352941e+00,16871565
9.840741956062560e+02,9.823094897239030e+02,5.882352941176471e-01,16871568
9.856655565975682e+02,9.839008507152153e+02,5.882352941176471e-01,16871570
9.875254778931069e+02,9.820580153550074e+02,1.764705882352941e+00,16871567
9.891907045281060e+02,9.861047410556426e+02,5.882352941176471e-01,16871573
9.891907045281060e+02,9.861242211328066e+02,5.882352941176471e-01,16871574
9.891907045281060e+02,9.864220992328147e+02,5.882352941176471e-01,16871575
9.909554104104590e+02,9.885370233031869e+02,5.882352941176471e-01,16871578
9.909554104104590e+02,9.891263352860902e+02,5.882352941176471e-01,16871579
9.927201162928119e+02,9.894974302802258e+02,5.882352941176471e-01,16871580
9.927201162928119e+02,9.901594376343661e+02,5.882352941176471e-01,16871581
9.927201162928119e+02,9.908651776231666e+02,5.882352941176471e-01,16871582
9.944848221751648e+02,9.924585101599006e+02,5.882352941176471e-01,16871583
9.947363098841078e+02,9.929716040017549e+02,5.882352941176471e-01,16871585
9.962495280575178e+02,9.941974550712772e+02,5.882352941176471e-01,16871587
9.965010157664607e+02,9.947096043667278e+02,5.882352941176471e-01,16871588
9.999492254960180e+02,9.973308163999047e+02,5.882352941176471e-01,16871591
1.000589906079014e+03,9.836933645521715e+02,1.764705882352941e+00,16871569
1.001713931378371e+03,9.986178068706688e+02,5.882352941176471e-01,16871595
1.001713931378371e+03,9.985250909612536e+02,5.882352941176471e-01,16871594
1.003478637260724e+03,1.001169647855052e+03,5.882352941176471e-01,16871597
1.003776559942562e+03,1.002011854060209e+03,5.882352941176471e-01,16871598
1.004530656783380e+03,9.926010090377277e+02,1.176470588235294e+00,16871584
1.005280296006030e+03,1.002943266306401e+03,5.882352941176471e-01,16871599
1.006670182277058e+03,1.004519226716525e+03,5.882352941176471e-01,16871603
1.006670182277058e+03,1.004070849655213e+03,5.882352941176471e-01,16871602
1.007637432301279e+03,1.000928107395488e+03,1.176470588235294e+00,16871596
1.008434888159411e+03,1.006204187012937e+03,5.882352941176471e-01,16871604
1.009678043399137e+03,1.007913337516784e+03,5.882352941176471e-01,16871605
1.013974061524226e+03,1.011294853263292e+03,5.882352941176471e-01,16871609
1.014001353968069e+03,1.008707236321010e+03,1.764705882352941e+00,16871606
1.014414927336010e+03,1.012602425919322e+03,5.882352941176471e-01,16871612
1.015772998708521e+03,1.014008292826168e+03,5.882352941176471e-01,16871614
1.016838083824598e+03,1.010390064871834e+03,1.176470588235294e+00,16871607
1.018602789706951e+03,1.010885515571304e+03,1.764705882352941e+00,16871608
1.019302410473227e+03,1.013636972203999e+03,1.764705882352941e+00,16871613
1.020367495589304e+03,1.016118319383575e+03,1.176470588235294e+00,16871615
1.021875709718111e+03,1.020111003835758e+03,5.882352941176471e-01,16871617
1.022379198357947e+03,1.020614492475594e+03,5.882352941176471e-01,16871618
1.025036834743651e+03,1.021113629288371e+03,1.176470588235294e+00,16871619
1.025405121482817e+03,1.019742717096592e+03,1.764705882352941e+00,16871616
1.027340060182955e+03,1.025575354300602e+03,5.882352941176471e-01,16871622
1.028566246508357e+03,1.024748142075964e+03,1.176470588235294e+00,16871621
1.028697504725111e+03,1.023403387078052e+03,1.764705882352941e+00,16871620
1.030102975777371e+03,1.028338269895018e+03,5.882352941176471e-01,16871623
1.033029755685588e+03,1.031265049803235e+03,5.882352941176471e-01,16871624
1.035953833306420e+03,1.034189127424067e+03,5.882352941176471e-01,16871627
1.037163241521596e+03,1.031869123874537e+03,1.764705882352941e+00,16871625
1.039483245071126e+03,1.033956957634335e+03,1.764705882352941e+00,16871626
1.040593591903760e+03,1.038828886021407e+03,5.882352941176471e-01,16871629
1.041015781163747e+03,1.034679868265731e+03,1.764705882352941e+00,16871628
1.043462423800342e+03,1.041697717917989e+03,5.882352941176471e-01,16871630
1.043632832033084e+03,1.041868126150731e+03,5.882352941176471e-01,16871631
1.045227129682695e+03,1.042874148356240e+03,5.882352941176471e-01,16871633
1.045844793650036e+03,1.044080087767683e+03,5.882352941176471e-01,16871634
1.046285738192777e+03,1.042756326428071e+03,1.176470588235294e+00,16871632
1.047609499532389e+03,1.045448690094089e+03,5.882352941176471e-01,16871637
1.050632027535451e+03,1.044716350286147e+03,1.764705882352941e+00,16871635
1.052203239855842e+03,1.050438533973489e+03,5.882352941176471e-01,16871638
1.052865139549244e+03,1.051100433666891e+03,5.882352941176471e-01,16871639
1.057300394613327e+03,1.052006276966268e+03,1.764705882352941e+00,16871640
1.057497357502901e+03,1.052018080169701e+03,1.764705882352941e+00,16871641
1.059014918102258e+03,1.056976859402405e+03,5.882352941176471e-01,16871644
1.060779623984611e+03,1.056211952772594e+03,1.176470588235294e+00,16871643
1.061026769267607e+03,1.055435323944130e+03,1.764705882352941e+00,16871642
1.062640300624808e+03,1.060008401809527e+03,5.882352941176471e-01,16871646
1.062791475149960e+03,1.060923580121376e+03,5.882352941176471e-01,16871649
1.064485303579081e+03,1.059877971981109e+03,1.176470588235294e+00,16871645
1.065172089628168e+03,1.062894505940250e+03,5.882352941176471e-01,16871652
1.066240589842745e+03,1.063507927279058e+03,5.882352941176471e-01,16871653
1.066593402485978e+03,1.062711178078039e+03,1.176470588235294e+00,16871651
1.068358108368331e+03,1.061137501942196e+03,1.764705882352941e+00,16871650
1.070397636833242e+03,1.068632930950889e+03,5.882352941176471e-01,16871660
1.071815798318164e+03,1.069359377801347e+03,5.882352941176471e-01,16871661
1.073580504200517e+03,1.071026948188854e+03,5.882352941176471e-01,16871662
1.073616365107953e+03,1.066515884239977e+03,1.764705882352941e+00,16871656
1.073616365107953e+03,1.065368372934184e+03,1.764705882352941e+00,16871654
1.075363140536588e+03,1.067844619344721e+03,1.176470588235294e+00,16871658
1.075633232311320e+03,1.073868526428967e+03,5.882352941176471e-01,16871663
1.077127846418941e+03,1.074252174600204e+03,5.882352941176470e-01,16871664
1.077127846418941e+03,1.067301158173457e+03,1.764705882352941e+00,16871657
1.077397938193673e+03,1.075515650867334e+03,5.882352941176471e-01,16871665
1.084178380948762e+03,1.078884263301704e+03,1.764705882352941e+00,16871666
1.090933364338848e+03,1.089168658456495e+03,5.882352941176471e-01,16871667
1.092108458412853e+03,1.090343752530500e+03,5.882352941176471e-01,16871668
1.095758295984472e+03,1.092228884219766e+03,1.176470588235294e+00,16871670
1.096517927782412e+03,1.091223810135353e+03,1.764705882352941e+00,16871669
1.098148277634851e+03,1.096383571752498e+03,5.882352941176471e-01,16871671
1.099489294163250e+03,1.097724588280897e+03,5.882352941176471e-01,16871672
1.103291662721805e+03,1.101526956839452e+03,5.882352941176471e-01,16871674
1.104334141365058e+03,1.099040023717999e+03,1.764705882352941e+00,16871673
1.107068218234030e+03,1.101774100586971e+03,1.764705882352941e+00,16871675
1.109451794609513e+03,1.106749293884025e+03,5.882352941176471e-01,16871678
1.109761229856078e+03,1.104467112209019e+03,1.764705882352941e+00,16871676
1.110098907979102e+03,1.104804790332043e+03,1.764705882352941e+00,16871677
1.113808627776462e+03,1.112043921894109e+03,5.882352941176471e-01,16871681
1.114301759127420e+03,1.112537053245067e+03,5.882352941176471e-01,16871682
1.116933793075603e+03,1.115169087193250e+03,5.882352941176471e-01,16871683
1.117936685995882e+03,1.116171980113529e+03,5.882352941176471e-01,16871684
1.118857480708466e+03,1.117092774826113e+03,5.882352941176471e-01,16871685
1.118970401762568e+03,1.117205695880216e+03,5.882352941176471e-01,16871686
1.119701391878235e+03,1.117936135056438e+03,5.882352941176471e-01,16871687
1.123532905421850e+03,1.121768199539497e+03,5.882352941176471e-01,16871690
1.124151598355525e+03,1.118064163140208e+03,1.764705882352941e+00,16871688
1.124355164745403e+03,1.119061047098344e+03,1.764705882352941e+00,16871689
1.127371663653393e+03,1.123464039385628e+03,1.176470588235294e+00,16871692
1.128121379174152e+03,1.126356673291799e+03,5.882352941176471e-01,16871693
1.129136369535746e+03,1.122784706800626e+03,1.764705882352941e+00,16871691
1.130901075418099e+03,1.128785249009541e+03,5.882352941176471e-01,16871697
1.130901075418099e+03,1.128275428599701e+03,5.882352941176471e-01,16871696
1.132159012783026e+03,1.129195814013683e+03,5.882352941176471e-01,16871698
1.132665781300452e+03,1.130563714182063e+03,5.882352941176471e-01,16871702
1.132737723301848e+03,1.130973017419495e+03,5.882352941176471e-01,16871703
1.133923718665379e+03,1.131437577061984e+03,5.882352941176471e-01,16871704
1.136199427984323e+03,1.134434722101970e+03,5.882352941176471e-01,16871706
1.136824161747622e+03,1.127389552634650e+03,1.764705882352941e+00,16871695
1.136824161747622e+03,1.126550944850140e+03,1.764705882352941e+00,16871694
1.140192723872791e+03,1.136985522279357e+03,5.882352941176471e-01,16871710
1.140349338593163e+03,1.132328204311666e+03,1.764705882352941e+00,16871705
1.142114044475516e+03,1.140260839503593e+03,5.882352941176471e-01,16871713
1.142557751780625e+03,1.135641343601167e+03,1.764705882352941e+00,16871707
1.143722135637497e+03,1.141372297188599e+03,5.882352941176471e-01,16871714
1.143878750357869e+03,1.141972727759120e+03,5.882352941176471e-01,16871715
1.144322457662978e+03,1.142431756103838e+03,5.882352941176471e-01,16871716
1.145643456240221e+03,1.139467812401863e+03,1.176470588235294e+00,16871712
1.147386622736986e+03,1.145621916854633e+03,5.882352941176471e-01,16871719
1.149037792670144e+03,1.142801700118336e+03,1.764705882352941e+00,16871717
1.149488317030620e+03,1.146620356656540e+03,5.882352941176471e-01,16871722
1.149488317030620e+03,1.146317430401948e+03,5.882352941176471e-01,16871721
1.153281062650140e+03,1.148044472843634e+03,1.176470588235294e+00,16871724
1.153622610687955e+03,1.144362693589202e+03,1.764705882352941e+00,16871718
1.156566373470676e+03,1.154801667588324e+03,5.882352941176471e-01,16871730
1.157152022452661e+03,1.150698080815879e+03,1.764705882352941e+00,16871727
1.158554965243309e+03,1.151779690622602e+03,1.764705882352941e+00,16871728
1.160129981003411e+03,1.156600569238705e+03,1.176470588235294e+00,16871731
1.161647522786446e+03,1.159882816904093e+03,5.882352941176471e-01,16871732
1.162745400709044e+03,1.160980694826691e+03,5.882352941176471e-01,16871733
1.166689248238919e+03,1.164924542356566e+03,5.882352941176471e-01,16871735
1.167441665180145e+03,1.163912253415439e+03,1.176470588235294e+00,16871734
1.170174247253447e+03,1.166644835488741e+03,1.176470588235294e+00,16871736
1.171197987260526e+03,1.167668575495820e+03,1.176470588235294e+00,16871737
1.171938953135800e+03,1.169813090526962e+03,5.882352941176471e-01,16871739
1.174076973122964e+03,1.168782855475905e+03,1.764705882352941e+00,16871738
1.176346659607197e+03,1.174581953724844e+03,5.882352941176471e-01,16871742
1.177049066131558e+03,1.175199363105274e+03,5.882352941176471e-01,16871743
1.178813772013911e+03,1.176862879943169e+03,5.882352941176471e-01,16871744
1.179601290871096e+03,1.174032392723231e+03,1.764705882352941e+00,16871741
1.179601290871096e+03,1.173519654366852e+03,1.764705882352941e+00,16871740
1.181365996753449e+03,1.179370885210513e+03,5.882352941176471e-01,16871746
1.181748165479632e+03,1.179983459597279e+03,5.882352941176471e-01,16871747
1.186147125268710e+03,1.178686931055981e+03,1.764705882352941e+00,16871745
1.187274460985636e+03,1.180608215160692e+03,1.764705882352941e+00,16871749
1.188168325716962e+03,1.185860963069481e+03,5.882352941176471e-01,16871754
1.189476421190673e+03,1.182892243229391e+03,1.176470588235294e+00,16871751
1.191241127073025e+03,1.189294160800141e+03,5.882352941176471e-01,16871756
1.191697737481668e+03,1.185208807537748e+03,1.764705882352941e+00,16871753
1.193462443364021e+03,1.188148969631003e+03,1.764705882352941e+00,16871755
1.193918232406297e+03,1.192153526523944e+03,5.882352941176471e-01,16871758
1.196772679389500e+03,1.191478561742441e+03,1.764705882352941e+00,16871757
1.197570978033890e+03,1.195806272151537e+03,5.882352941176471e-01,16871759
1.200112668305152e+03,1.198347962422799e+03,5.882352941176471e-01,16871762
1.200139501389984e+03,1.196610089625279e+03,1.176470588235294e+00,16871760
1.201742884304464e+03,1.198698878747924e+03,5.882352941176471e-01,16871763
1.203590324774562e+03,1.200440030874722e+03,5.882352941176471e-01,16871767
1.203590324774562e+03,1.200546659022966e+03,5.882352941176471e-01,16871768
1.203590324774562e+03,1.200693110662312e+03,5.882352941176471e-01,16871769
1.207115590331652e+03,1.197944492773678e+03,1.764705882352941e+00,16871761
1.207238080152233e+03,1.204956355144299e+03,5.882352941176471e-01,16871774
1.208852783414571e+03,1.199359903550750e+03,1.176470588235294e+00,16871764
1.209394001899858e+03,1.207629296017505e+03,5.882352941176471e-01,16871776
1.210617489296924e+03,1.200143647597600e+03,1.764705882352941e+00,16871766
1.210978301620448e+03,1.208190657202003e+03,5.882352941176471e-01,16871778
1.210978301620448e+03,1.207741286145241e+03,5.882352941176471e-01,16871777
1.212743007502801e+03,1.210882687831203e+03,5.882352941176471e-01,16871783
1.215431103151185e+03,1.203767840194010e+03,1.764705882352941e+00,16871772
1.215431103151185e+03,1.201957816377577e+03,1.764705882352941e+00,16871771
1.216272419267507e+03,1.209983432277959e+03,1.764705882352941e+00,16871780
1.217447991718358e+03,1.215683285836005e+03,5.882352941176471e-01,16871785
1.218037125149860e+03,1.216004130033784e+03,5.882352941176471e-01,16871786
1.218960514915891e+03,1.214919888563841e+03,1.176470588235294e+00,16871784
1.220509356334459e+03,1.218744650452106e+03,5.882352941176471e-01,16871788
1.223750185905492e+03,1.218456068258433e+03,1.764705882352941e+00,16871787
1.224715940978555e+03,1.222951235096202e+03,5.882352941176471e-01,16871789
1.226630281789883e+03,1.223100870025177e+03,1.176470588235294e+00,16871790
1.228156373858041e+03,1.225357299849794e+03,5.882352941176471e-01,16871793
1.229921079740394e+03,1.227506884450830e+03,5.882352941176471e-01,16871797
1.229921079740394e+03,1.227390585322554e+03,5.882352941176471e-01,16871796
1.231765323560812e+03,1.228470362828531e+03,5.882352941176471e-01,16871799
1.231765323560812e+03,1.229721293478887e+03,5.882352941176471e-01,16871801
1.233530029443165e+03,1.231582683505234e+03,5.882352941176471e-01,16871803
1.235294735325518e+03,1.232814904671843e+03,5.882352941176471e-01,16871805
1.235294735325518e+03,1.233342314216369e+03,5.882352941176471e-01,16871806
1.235294735325518e+03,1.233507918198807e+03,5.882352941176471e-01,16871807
1.237775369123407e+03,1.224537983208117e+03,1.176470588235294e+00,16871791
1.239540075005760e+03,1.224543776660610e+03,1.764705882352941e+00,16871792
1.239837133558384e+03,1.237209892115978e+03,5.882352941176471e-01,16871811
1.242428784308983e+03,1.238369486228654e+03,1.176470588235294e+00,16871813
1.243218016046778e+03,1.236249305879567e+03,1.764705882352941e+00,16871809
1.243218016046778e+03,1.235124932074744e+03,1.764705882352941e+00,16871808
1.244324114426247e+03,1.241629863060727e+03,5.882352941176471e-01,16871814
1.244982721929131e+03,1.242690032778805e+03,5.882352941176471e-01,16871816
1.252108663495619e+03,1.249996415658739e+03,5.882352941176471e-01,16871820
1.252424965743686e+03,1.247130848096627e+03,1.764705882352941e+00,16871817
1.252492571642512e+03,1.247198453995453e+03,1.764705882352941e+00,16871818
1.253929636909652e+03,1.250402820117804e+03,5.882352941176471e-01,16871822
1.254223474575452e+03,1.252325746424135e+03,5.882352941176471e-01,16871825
1.257459048674358e+03,1.248520389226375e+03,1.764705882352941e+00,16871819
1.257752886340158e+03,1.252221198558980e+03,1.764705882352941e+00,16871824
1.258837111242192e+03,1.256009888249333e+03,5.882352941176471e-01,16871828
1.258837111242192e+03,1.255343408159333e+03,5.882352941176471e-01,16871827
1.259517592222511e+03,1.254921056162966e+03,1.176470588235294e+00,16871826
1.260601817124545e+03,1.257926816307665e+03,5.882352941176471e-01,16871829
1.263527059300359e+03,1.261762353418006e+03,5.882352941176471e-01,16871830
1.263861027005352e+03,1.262096321122999e+03,5.882352941176471e-01,16871831
1.264298647787860e+03,1.262533941905507e+03,5.882352941176471e-01,16871832
1.265458749035208e+03,1.263519744951690e+03,5.882352941176471e-01,16871834
1.266775049586471e+03,1.265010343704119e+03,5.882352941176471e-01,16871835
1.268209052258032e+03,1.266444346375679e+03,5.882352941176471e-01,16871836
1.268988160799914e+03,1.263167143619380e+03,1.764705882352941e+00,16871833
1.269974882285621e+03,1.268210176403268e+03,5.882352941176471e-01,16871837
1.270050917704847e+03,1.268286211822494e+03,5.882352941176471e-01,16871838
1.271246227425121e+03,1.268712729158483e+03,5.882352941176471e-01,16871840
1.271246227425121e+03,1.268316076762480e+03,5.882352941176471e-01,16871839
1.273388623363779e+03,1.271623917481426e+03,5.882352941176471e-01,16871841
1.276220835307880e+03,1.274456129425527e+03,5.882352941176471e-01,16871844
1.277195749977321e+03,1.275431044094968e+03,5.882352941176471e-01,16871845
1.279379010027270e+03,1.273566395272291e+03,1.764705882352941e+00,16871842
1.279750247072586e+03,1.274184835320536e+03,1.764705882352941e+00,16871843
1.282247482553061e+03,1.280482776670709e+03,5.882352941176471e-01,16871846
1.283524253718028e+03,1.281759547835675e+03,5.882352941176471e-01,16871848
1.285279960285324e+03,1.283503097614535e+03,5.882352941176471e-01,16871851
1.285279960285324e+03,1.283248433064530e+03,5.882352941176471e-01,16871850
1.285776894317767e+03,1.283574162757903e+03,5.882352941176471e-01,16871852
1.287044666167677e+03,1.284984086405804e+03,5.882352941176471e-01,16871854
1.287044666167677e+03,1.284662998967886e+03,5.882352941176471e-01,16871853
1.288809372050030e+03,1.286450912256688e+03,5.882352941176471e-01,16871858
1.290673863557246e+03,1.281867411349165e+03,1.176470588235294e+00,16871849
1.292438569439599e+03,1.281741549205561e+03,1.764705882352941e+00,16871847
1.293034932900475e+03,1.291205000733218e+03,5.882352941176471e-01,16871862
1.294203275321952e+03,1.285933101001183e+03,1.176470588235294e+00,16871857
1.295967981204305e+03,1.294081433698665e+03,5.882352941176470e-01,16871863
1.295967981204305e+03,1.287740815253416e+03,1.764705882352941e+00,16871859
1.296564344665181e+03,1.289697503401205e+03,1.764705882352941e+00,16871861
1.297848061698733e+03,1.294862033171612e+03,5.882352941176471e-01,16871865
1.297848061698733e+03,1.294303275643067e+03,5.882352941176471e-01,16871864
1.298329050547534e+03,1.296314105040529e+03,5.882352941176471e-01,16871867
1.299880107089818e+03,1.298115401207465e+03,5.882352941176471e-01,16871868
1.300655219105725e+03,1.298890513223372e+03,5.882352941176471e-01,16871869
1.302486265234703e+03,1.300382908805683e+03,5.882352941176471e-01,16871873
1.302486265234703e+03,1.300039197492999e+03,5.882352941176471e-01,16871872
1.305025501604029e+03,1.303260795721676e+03,5.882352941176471e-01,16871874
1.305594950868143e+03,1.299261139519301e+03,1.764705882352941e+00,16871871
1.305594950868143e+03,1.299023193716622e+03,1.764705882352941e+00,16871870
1.307074932118439e+03,1.304177926901666e+03,5.882352941176471e-01,16871876
1.307074932118439e+03,1.303407347139862e+03,5.882352941176471e-01,16871875
1.308827350063178e+03,1.307062644180825e+03,5.882352941176471e-01,16871877
1.308922953335942e+03,1.307158247453589e+03,5.882352941176471e-01,16871878
1.309386472156821e+03,1.307621766274469e+03,5.882352941176471e-01,16871879
1.311023485784197e+03,1.309258779901844e+03,5.882352941176471e-01,16871881
1.311615255388633e+03,1.309850549506280e+03,5.882352941176471e-01,16871882
1.313710600714872e+03,1.311945894832519e+03,5.882352941176471e-01,16871883
1.314033522760242e+03,1.312268816877889e+03,5.882352941176471e-01,16871884
1.314121467710237e+03,1.308112984902862e+03,1.764705882352941e+00,16871880
1.315636767619910e+03,1.313273798903249e+03,5.882352941176471e-01,16871886
1.315636767619910e+03,1.313215767064215e+03,5.882352941176471e-01,16871885
1.316405589592284e+03,1.314640883709931e+03,5.882352941176471e-01,16871887
1.319717952804110e+03,1.317953246921757e+03,5.882352941176471e-01,16871889
1.321635060251197e+03,1.316340942604138e+03,1.764705882352941e+00,16871888
1.322951668455471e+03,1.321186962573118e+03,5.882352941176471e-01,16871891
1.324298037282613e+03,1.322533331400260e+03,5.882352941176471e-01,16871892
1.324540216163077e+03,1.319246098516018e+03,1.764705882352941e+00,16871890
1.329737457845330e+03,1.326897568782007e+03,5.882352941176471e-01,16871896
1.329816417406671e+03,1.324522299759612e+03,1.764705882352941e+00,16871893
1.331893782739778e+03,1.330129076857426e+03,5.882352941176471e-01,16871899
1.332557317874217e+03,1.326553648491340e+03,1.764705882352941e+00,16871895
1.332557317874217e+03,1.326050126957941e+03,1.764705882352941e+00,16871894
1.333658488622131e+03,1.330438826090200e+03,5.882352941176471e-01,16871900
1.334993394088914e+03,1.333228688206561e+03,5.882352941176471e-01,16871902
1.335964769610502e+03,1.334200063728149e+03,5.882352941176471e-01,16871903
1.336307804678621e+03,1.332778392913915e+03,1.176470588235294e+00,16871901
1.336911742899382e+03,1.335147037017029e+03,5.882352941176471e-01,16871904
1.340524457358836e+03,1.338759751476483e+03,5.882352941176471e-01,16871905
1.341850256730417e+03,1.340085550848064e+03,5.882352941176471e-01,16871907
1.344595465926914e+03,1.341066054162209e+03,1.176470588235294e+00,16871908
1.344955254778172e+03,1.343190548895819e+03,5.882352941176471e-01,16871909
1.345358006606986e+03,1.340063888959927e+03,1.764705882352941e+00,16871906
1.346630013447711e+03,1.343239248648701e+03,5.882352941176471e-01,16871910
1.350179818980873e+03,1.348153243418458e+03,5.882352941176471e-01,16871918
1.351298018994389e+03,1.343427802816304e+03,1.764705882352941e+00,16871911
1.353062724876741e+03,1.351023179803902e+03,5.882352941176471e-01,16871920
1.354341751362851e+03,1.346044688884243e+03,1.764705882352941e+00,16871914
1.355473936627932e+03,1.349007452294084e+03,1.764705882352941e+00,16871919
1.356281663865873e+03,1.353248855059035e+03,5.882352941176471e-01,16871922
1.356592136641447e+03,1.354604561293854e+03,5.882352941176471e-01,16871925
1.357238642510285e+03,1.354883090752447e+03,5.882352941176471e-01,16871926
1.359686304309227e+03,1.357921598426874e+03,5.882352941176471e-01,16871928
1.359811075630579e+03,1.352195242774206e+03,1.764705882352941e+00,16871921
1.365482699131168e+03,1.356738617116703e+03,1.764705882352941e+00,16871927
1.365482699131168e+03,1.358240595386360e+03,1.764705882352941e+00,16871929
1.365482699131168e+03,1.359224211232871e+03,1.764705882352941e+00,16871931
1.367350991402312e+03,1.362698863899679e+03,5.882352941176471e-01,16871935
1.369115697284665e+03,1.365897044686332e+03,5.882352941176471e-01,16871938
1.369703932578783e+03,1.362556944860033e+03,1.176470588235294e+00,16871934
1.369703932578783e+03,1.363976039547952e+03,1.176470588235294e+00,16871936
1.371468638461136e+03,1.359819503347404e+03,1.764705882352941e+00,16871933
1.371887189721213e+03,1.370122483838860e+03,5.882352941176471e-01,16871939
1.372053109040436e+03,1.370288403158083e+03,5.882352941176471e-01,16871940
1.374998050225842e+03,1.371383533499425e+03,1.176470588235294e+00,16871941
1.376452822279949e+03,1.373467907022873e+03,5.882352941176471e-01,16871944
1.378424150714466e+03,1.373034251604081e+03,1.176470588235294e+00,16871943
1.379982234044655e+03,1.377206701066563e+03,5.882352941176471e-01,16871948
1.380188856596819e+03,1.372812569426406e+03,1.764705882352941e+00,16871942
1.381884688295117e+03,1.378556003783616e+03,5.882352941176471e-01,16871951
1.382999189790761e+03,1.374801432860292e+03,1.176470588235294e+00,16871946
1.383649394177470e+03,1.381884581296645e+03,5.882352941176471e-01,16871954
1.383649394177470e+03,1.381757297564203e+03,5.882352941176471e-01,16871953
1.384763895673114e+03,1.382890233964602e+03,5.882352941176471e-01,16871955
1.385414100059823e+03,1.383352718752685e+03,5.882352941176471e-01,16871957
1.388293307437820e+03,1.378517444263502e+03,1.764705882352941e+00,16871950
1.388447019590150e+03,1.386682313707798e+03,5.882352941176471e-01,16871958
1.388943511824529e+03,1.383161561036642e+03,1.764705882352941e+00,16871956
1.390134869396338e+03,1.388005093608647e+03,5.882352941176471e-01,16871960
1.390708217706882e+03,1.388789836133924e+03,5.882352941176471e-01,16871961
1.391899575278691e+03,1.390094540286022e+03,5.882352941176471e-01,16871962
1.392704582743145e+03,1.390439367636593e+03,5.882352941176471e-01,16871963
1.393664281161044e+03,1.391171536014703e+03,5.882352941176470e-01,16871965
1.393664281161044e+03,1.387473015847454e+03,1.764705882352941e+00,16871959
1.395141740600647e+03,1.393377034718294e+03,5.882352941176471e-01,16871966
1.397069293024018e+03,1.395304587141665e+03,5.882352941176471e-01,16871968
1.398884010410933e+03,1.397119304528580e+03,5.882352941176471e-01,16871970
1.399951449355269e+03,1.394657331708210e+03,1.764705882352941e+00,16871967
1.400561131354222e+03,1.397788097836353e+03,5.882352941176471e-01,16871972
1.403480861119975e+03,1.396856549711389e+03,1.764705882352941e+00,16871969
1.403659820973122e+03,1.401895115090769e+03,5.882352941176471e-01,16871974
1.404090543118928e+03,1.397259544757367e+03,1.764705882352941e+00,16871971
1.405335046928901e+03,1.402888119226831e+03,5.882352941176471e-01,16871976
1.405335046928901e+03,1.402443328206136e+03,5.882352941176471e-01,16871975
1.409384660765987e+03,1.403984425153318e+03,1.764705882352941e+00,16871977
1.410208135570296e+03,1.408267666435727e+03,5.882352941176471e-01,16871981
1.410208135570296e+03,1.407929395233354e+03,5.882352941176471e-01,16871980
1.411245431854315e+03,1.409480725971962e+03,5.882352941176471e-01,16871982
1.411924808849661e+03,1.406813709255858e+03,1.176470588235294e+00,16871979
1.411924808849661e+03,1.406543738355321e+03,1.176470588235294e+00,16871978
1.413010137736668e+03,1.410749097105847e+03,5.882352941176471e-01,16871983
1.417218926496720e+03,1.411359963386958e+03,1.764705882352941e+00,16871984
1.420339871726902e+03,1.415045754079843e+03,1.764705882352941e+00,16871985
1.422720968488879e+03,1.420956262606526e+03,5.882352941176471e-01,16871987
1.423453057377908e+03,1.418158939730849e+03,1.764705882352941e+00,16871986
1.424533209426440e+03,1.421322113099183e+03,5.882352941176471e-01,16871989
1.425217763260261e+03,1.423166919579619e+03,5.882352941176471e-01,16871992
1.426297915308793e+03,1.423871356125222e+03,5.882352941176471e-01,16871993
1.428404898108057e+03,1.421379253491212e+03,1.764705882352941e+00,16871990
1.428404898108057e+03,1.421027565189339e+03,1.764705882352941e+00,16871988
1.428451181592319e+03,1.426686475709966e+03,5.882352941176471e-01,16871994
1.431517012550356e+03,1.429752306668003e+03,5.882352941176471e-01,16871995
1.435218435047147e+03,1.433453729164794e+03,5.882352941176471e-01,16871997
1.436098749553717e+03,1.434334043671365e+03,5.882352941176471e-01,16871998
1.437961654613883e+03,1.432667536966825e+03,1.764705882352941e+00,16871996
1.438851106033712e+03,1.437086400151360e+03,5.882352941176471e-01,16872000
1.439779525307493e+03,1.438014819425140e+03,5.882352941176471e-01,16872001
1.440512552694206e+03,1.434641710592516e+03,1.764705882352941e+00,16871999
1.441544231189846e+03,1.439106984479414e+03,5.882352941176471e-01,16872003
1.442998081116413e+03,1.441233375234060e+03,5.882352941176471e-01,16872004
1.444338205573472e+03,1.439044087926413e+03,1.764705882352941e+00,16872002
1.444986460823490e+03,1.443221754941137e+03,5.882352941176471e-01,16872006
1.446102911455825e+03,1.444152034891521e+03,5.882352941176471e-01,16872007
1.446751166705843e+03,1.444346564850653e+03,5.882352941176471e-01,16872008
1.446962047942766e+03,1.441667930295707e+03,1.764705882352941e+00,16872005
1.449005220069389e+03,1.447240514187037e+03,5.882352941176471e-01,16872009
1.451054035764950e+03,1.449289329882598e+03,5.882352941176471e-01,16872010
1.451351524943789e+03,1.449586819061436e+03,5.882352941176471e-01,16872011
1.453481937971574e+03,1.451717232089221e+03,5.882352941176471e-01,16872012
1.453645816038398e+03,1.451881110156045e+03,5.882352941176471e-01,16872013
1.457368400429640e+03,1.453838988664934e+03,1.176470588235294e+00,16872015
1.458617435411705e+03,1.453323317764646e+03,1.764705882352941e+00,16872014
1.460623136253455e+03,1.458858430371102e+03,5.882352941176471e-01,16872016
1.461123094821883e+03,1.459358388939531e+03,5.882352941176471e-01,16872017
1.462664234580975e+03,1.460899528698622e+03,5.882352941176471e-01,16872018
1.463162003925023e+03,1.461397298042670e+03,5.882352941176471e-01,16872020
1.465297819823272e+03,1.463533113940919e+03,5.882352941176471e-01,16872021
1.466081833532386e+03,1.464317127650033e+03,5.882352941176471e-01,16872022
1.466430284690638e+03,1.461136167043579e+03,1.764705882352941e+00,16872019
1.467062525705625e+03,1.465113071875173e+03,5.882352941176471e-01,16872023
1.470413560037886e+03,1.468648854155533e+03,5.882352941176471e-01,16872025
1.471251670736211e+03,1.467722258971505e+03,1.176470588235294e+00,16872024
1.472289034132255e+03,1.470524328249902e+03,5.882352941176471e-01,16872027
1.473134607867448e+03,1.469605196102743e+03,1.176470588235294e+00,16872026
1.474949642320575e+03,1.473184936438222e+03,5.882352941176471e-01,16872029
1.476545788383270e+03,1.470705425976493e+03,1.764705882352941e+00,16872028
1.477022907236490e+03,1.475258201354137e+03,5.882352941176471e-01,16872030
1.477998336257989e+03,1.476233630375636e+03,5.882352941176471e-01,16872031
1.479794301110035e+03,1.478029595227682e+03,5.882352941176471e-01,16872032
1.480319092529848e+03,1.478554386647495e+03,5.882352941176471e-01,16872034
1.481559006992388e+03,1.478908540783077e+03,5.882352941176471e-01,16872035
1.482083798412201e+03,1.480098888976618e+03,5.882352941176471e-01,16872037
1.483621400707423e+03,1.480091988942717e+03,1.176470588235294e+00,16872036
1.484983064488425e+03,1.478221928791695e+03,1.764705882352941e+00,16872033
1.485264828275421e+03,1.483500122393068e+03,5.882352941176471e-01,16872038
1.488165103205300e+03,1.486400397322947e+03,5.882352941176471e-01,16872039
1.488243067072322e+03,1.486478361189969e+03,5.882352941176471e-01,16872040
1.489994778976838e+03,1.487321083574390e+03,5.882352941176471e-01,16872043
1.491759484859191e+03,1.486905485202870e+03,1.176470588235294e+00,16872042
1.492198537896287e+03,1.486904420249228e+03,1.764705882352941e+00,16872041
1.493524190741544e+03,1.490145702673097e+03,5.882352941176471e-01,16872049
1.494231912645122e+03,1.491797733202667e+03,5.882352941176471e-01,16872051
1.495288896623897e+03,1.492735875629252e+03,5.882352941176471e-01,16872053
1.497077454648037e+03,1.494534557108100e+03,5.882352941176471e-01,16872054
1.497407463458039e+03,1.490283801390592e+03,1.764705882352941e+00,16872050
1.497407463458039e+03,1.489089435631969e+03,1.764705882352941e+00,16872048
1.499007164935391e+03,1.495476523003879e+03,5.882352941176471e-01,16872057
1.499477709657159e+03,1.497713003774806e+03,5.882352941176471e-01,16872058
1.500771870817744e+03,1.497768948841556e+03,5.882352941176471e-01,16872059
1.502536576700097e+03,1.500436036842484e+03,5.882352941176471e-01,16872062
1.503007121421865e+03,1.495336600907471e+03,1.764705882352941e+00,16872056
1.504328769554060e+03,1.501288247117078e+03,5.882352941176471e-01,16872064
1.504328769554060e+03,1.501177648684206e+03,5.882352941176471e-01,16872063
1.506243787350261e+03,1.497816940958257e+03,1.176470588235294e+00,16872060
1.507858181318766e+03,1.505184017203087e+03,5.882352941176471e-01,16872070
1.508008493232614e+03,1.506204980134634e+03,5.882352941176471e-01,16872071
1.508507334018358e+03,1.506381341575799e+03,5.882352941176471e-01,16872072
1.509723095143684e+03,1.503501506510355e+03,1.176470588235294e+00,16872067
1.510272039900711e+03,1.508417073922167e+03,5.882352941176471e-01,16872073
1.511487801026037e+03,1.502619037614928e+03,1.764705882352941e+00,16872066
1.512899830358612e+03,1.511135124476259e+03,5.882352941176471e-01,16872074
1.513786098186843e+03,1.512021392304490e+03,5.882352941176471e-01,16872075
1.515557686779746e+03,1.512028275015040e+03,1.176470588235294e+00,16872076
1.516125156287615e+03,1.514360450405262e+03,5.882352941176471e-01,16872077
1.517322392662099e+03,1.515119884301105e+03,5.882352941176471e-01,16872079
1.518438606110455e+03,1.516673900228102e+03,5.882352941176471e-01,16872080
1.518524775193006e+03,1.514995363428300e+03,1.176470588235294e+00,16872078
1.521264299804342e+03,1.519499593921989e+03,5.882352941176471e-01,16872083
1.523029005686695e+03,1.520647114356145e+03,5.882352941176471e-01,16872085
1.523257920746993e+03,1.517963803099934e+03,1.764705882352941e+00,16872081
1.524233511773627e+03,1.521773303016135e+03,5.882352941176471e-01,16872086
1.524793711569048e+03,1.522697127161304e+03,5.882352941176471e-01,16872088
1.525217547290428e+03,1.518711072856538e+03,1.176470588235294e+00,16872082
1.528040332812743e+03,1.526275626930390e+03,5.882352941176471e-01,16872092
1.528323123333754e+03,1.526453526503964e+03,5.882352941176471e-01,16872093
1.529692738046091e+03,1.523647762069156e+03,1.764705882352941e+00,16872089
1.529805038695096e+03,1.526570367061803e+03,5.882352941176471e-01,16872094
1.531852535098460e+03,1.524563729024437e+03,1.764705882352941e+00,16872091
1.532428476294959e+03,1.530663770412606e+03,5.882352941176471e-01,16872095
1.533533395186138e+03,1.531768689303785e+03,5.882352941176471e-01,16872096
1.536877354867556e+03,1.535112648985203e+03,5.882352941176471e-01,16872097
1.539061164070316e+03,1.537296458187963e+03,5.882352941176471e-01,16872098
1.541464663398223e+03,1.539699957515870e+03,5.882352941176471e-01,16872099
1.543565512637362e+03,1.541800806755009e+03,5.882352941176471e-01,16872101
1.544296544791110e+03,1.542531838908757e+03,5.882352941176471e-01,16872102
1.545321432817487e+03,1.540027315170428e+03,1.764705882352941e+00,16872100
1.545734057819826e+03,1.543969351937473e+03,5.882352941176471e-01,16872103
1.546092582284793e+03,1.544327876402440e+03,5.882352941176471e-01,16872104
1.547086138699840e+03,1.545097381050085e+03,5.882352941176471e-01,16872105
1.549008174991107e+03,1.547243469108754e+03,5.882352941176471e-01,16872108
1.549837541457447e+03,1.547997146043154e+03,5.882352941176471e-01,16872109
1.551144537857361e+03,1.546308129692741e+03,1.176470588235294e+00,16872106
1.551602247339800e+03,1.549751488958910e+03,5.882352941176471e-01,16872111
1.553138098480933e+03,1.550923604481847e+03,5.882352941176471e-01,16872112
1.554257562873340e+03,1.548549534521861e+03,1.764705882352941e+00,16872110
1.557567733152684e+03,1.551611913331327e+03,1.176470588235294e+00,16872114
1.558886960044243e+03,1.554710037884204e+03,1.176470588235294e+00,16872119
1.559332439035037e+03,1.551096934823951e+03,1.764705882352941e+00,16872113
1.560651665926596e+03,1.553165893257306e+03,1.764705882352941e+00,16872117
1.561749697694719e+03,1.559984991812366e+03,5.882352941176471e-01,16872120
1.564893085019887e+03,1.563128379137534e+03,5.882352941176471e-01,16872122
1.565921731849084e+03,1.564157025966732e+03,5.882352941176471e-01,16872123
1.566591845786022e+03,1.561297728138963e+03,1.764705882352941e+00,16872121
1.568047175050428e+03,1.566282469168075e+03,5.882352941176471e-01,16872125
1.569620742973198e+03,1.567856037090845e+03,5.882352941176471e-01,16872126
1.570187202666946e+03,1.564816600697807e+03,1.764705882352941e+00,16872124
1.570771085264945e+03,1.569006379382593e+03,5.882352941176471e-01,16872127
1.571404675667178e+03,1.569639969784825e+03,5.882352941176471e-01,16872128
1.573169381549531e+03,1.571072650944679e+03,5.882352941176471e-01,16872131
1.574300497029651e+03,1.570376910956930e+03,1.176470588235294e+00,16872130
1.575010906704529e+03,1.573246200822176e+03,5.882352941176471e-01,16872132
1.575481320314005e+03,1.570033493806705e+03,1.764705882352941e+00,16872129
1.576420407749443e+03,1.573810708346113e+03,5.882352941176471e-01,16872133
1.577590439963283e+03,1.575825734080931e+03,5.882352941176471e-01,16872135
1.578408283511717e+03,1.576643577629364e+03,5.882352941176471e-01,16872136
1.579949819514149e+03,1.574025672630023e+03,1.764705882352941e+00,16872134
1.581119851727989e+03,1.579052372281030e+03,5.882352941176471e-01,16872139
1.582388198361915e+03,1.580335774350590e+03,5.882352941176471e-01,16872140
1.583479231278855e+03,1.577334975468743e+03,1.764705882352941e+00,16872137
1.584372156566953e+03,1.581836877563038e+03,5.882352941176471e-01,16872142
1.585493678572237e+03,1.583728972689884e+03,5.882352941176471e-01,16872146
1.587258384454590e+03,1.584695902952644e+03,5.882352941176471e-01,16872147
1.587915251089016e+03,1.581018475338183e+03,1.764705882352941e+00,16872141
1.587915251089016e+03,1.578858786597209e+03,1.764705882352941e+00,16872138
1.590367705437859e+03,1.588602999555506e+03,5.882352941176471e-01,16872149
1.590787796219296e+03,1.582717076845943e+03,1.764705882352941e+00,16872145
1.593248851741770e+03,1.589274508705811e+03,1.176470588235294e+00,16872150
1.593897117202565e+03,1.587954734094711e+03,1.764705882352941e+00,16872148
1.595662311073409e+03,1.593897605191056e+03,5.882352941176471e-01,16872152
1.596123088116515e+03,1.590828970469456e+03,1.764705882352941e+00,16872151
1.597059169666934e+03,1.595294463784581e+03,5.882352941176471e-01,16872153
1.599191722838115e+03,1.597380391699668e+03,5.882352941176471e-01,16872157
1.599971929998585e+03,1.595300279018921e+03,1.176470588235294e+00,16872154
1.600588756197561e+03,1.598481501305551e+03,5.882352941176471e-01,16872158
1.600956428720468e+03,1.597059344432856e+03,1.176470588235294e+00,16872156
1.604711270403013e+03,1.601147006042993e+03,1.176470588235294e+00,16872160
1.605266047645644e+03,1.599720410187003e+03,1.764705882352941e+00,16872159
1.606692680659885e+03,1.601282597638947e+03,1.176470588235294e+00,16872161
1.607273589879112e+03,1.605078792746726e+03,5.882352941176471e-01,16872164
1.608349034354979e+03,1.606266033028223e+03,5.882352941176471e-01,16872168
1.609038295761465e+03,1.606833990573918e+03,5.882352941176471e-01,16872169
1.610458370940575e+03,1.604184435846606e+03,1.176470588235294e+00,16872163
1.612223076822928e+03,1.605630302172317e+03,1.764705882352941e+00,16872167
1.613872905804200e+03,1.611449733553141e+03,5.882352941176471e-01,16872174
1.618350189724086e+03,1.607819162721723e+03,1.764705882352941e+00,16872170
1.619167023451258e+03,1.616043481292751e+03,5.882352941176471e-01,16872180
1.622920580534425e+03,1.613561885474978e+03,1.764705882352941e+00,16872177
1.622920580534425e+03,1.613271495341626e+03,1.764705882352941e+00,16872176
1.624685286416778e+03,1.622737436306189e+03,5.882352941176471e-01,16872189
1.624685286416778e+03,1.622012881908055e+03,5.882352941176471e-01,16872188
1.626999117066576e+03,1.619540598982026e+03,1.176470588235294e+00,16872183
1.628214698181484e+03,1.625526393718995e+03,5.882352941176471e-01,16872192
1.628763822948929e+03,1.618110542660316e+03,1.764705882352941e+00,16872182
1.631115731514541e+03,1.629351025632188e+03,5.882352941176471e-01,16872193
1.631136319388736e+03,1.624564804017922e+03,1.764705882352941e+00,16872191
1.631136319388736e+03,1.623096373499609e+03,1.764705882352941e+00,16872190
1.632880437396893e+03,1.629444884701770e+03,5.882352941176471e-01,16872194
1.633040111584933e+03,1.631275405702580e+03,5.882352941176471e-01,16872195
1.633423727567210e+03,1.631659021684857e+03,5.882352941176471e-01,16872196
1.635188433449563e+03,1.633326089701260e+03,5.882352941176471e-01,16872199
1.636953139331916e+03,1.635143100563804e+03,5.882352941176471e-01,16872200
1.638254392137972e+03,1.632715945868976e+03,1.764705882352941e+00,16872198
1.638254392137972e+03,1.632339656885340e+03,1.764705882352941e+00,16872197
1.639368471617297e+03,1.636805634137209e+03,5.882352941176471e-01,16872202
1.639368471617297e+03,1.635618467958642e+03,5.882352941176471e-01,16872201
1.640928046649213e+03,1.639163340766860e+03,5.882352941176471e-01,16872203
1.644662589264356e+03,1.639198858725777e+03,1.764705882352941e+00,16872204
1.644938860428001e+03,1.642461604299663e+03,5.882352941176471e-01,16872209
1.646427295146709e+03,1.644200039285950e+03,5.882352941176471e-01,16872211
1.648420085208980e+03,1.639607683739629e+03,1.764705882352941e+00,16872205
1.648907453544976e+03,1.647087479229199e+03,5.882352941176471e-01,16872214
1.650184791091332e+03,1.648337192529381e+03,5.882352941176471e-01,16872216
1.651225267887532e+03,1.641420576605710e+03,1.176470588235294e+00,16872207
1.652989973769885e+03,1.641387192778467e+03,1.764705882352941e+00,16872206
1.654234441254138e+03,1.645429328617555e+03,1.764705882352941e+00,16872213
1.654234441254138e+03,1.645378041780270e+03,1.764705882352941e+00,16872212
1.655999147136491e+03,1.648054979728463e+03,1.176470588235294e+00,16872215
1.659460977070364e+03,1.652347180912365e+03,1.764705882352941e+00,16872217
1.659795636183108e+03,1.658030930300755e+03,5.882352941176471e-01,16872223
1.662611469735995e+03,1.655061885290343e+03,1.764705882352941e+00,16872220
1.662611469735995e+03,1.653469221384432e+03,1.764705882352941e+00,16872219
1.663414410278790e+03,1.659974360845059e+03,5.882352941176471e-01,16872226
1.667424704713275e+03,1.659520097652256e+03,1.764705882352941e+00,16872224
1.667424704713275e+03,1.656374024387416e+03,1.764705882352941e+00,16872222
1.668246406486304e+03,1.662125685245030e+03,1.764705882352941e+00,16872227
1.670954116477980e+03,1.667043539581319e+03,1.176470588235294e+00,16872230
1.671841761007122e+03,1.670077055124769e+03,5.882352941176471e-01,16872231
1.672718822360333e+03,1.670484469804084e+03,5.882352941176470e-01,16872232
1.672718822360333e+03,1.665057813824849e+03,1.764705882352941e+00,16872229
1.674483528242686e+03,1.672678753345000e+03,5.882352941176471e-01,16872235
1.674483528242686e+03,1.672025863231607e+03,5.882352941176471e-01,16872234
1.676248234125039e+03,1.674417222505705e+03,5.882352941176471e-01,16872236
1.677135878654181e+03,1.671048065930966e+03,1.764705882352941e+00,16872233
1.677342531053681e+03,1.675577825171328e+03,5.882352941176471e-01,16872237
1.679274088008477e+03,1.677509382126124e+03,5.882352941176471e-01,16872238
1.679291083818970e+03,1.677526377936617e+03,5.882352941176471e-01,16872239
1.679722091345395e+03,1.677957385463042e+03,5.882352941176471e-01,16872240
1.683545826896185e+03,1.681781121013832e+03,5.882352941176471e-01,16872241
1.685087141697534e+03,1.683322435815181e+03,5.882352941176471e-01,16872243
1.685310532778538e+03,1.683371546204819e+03,5.882352941176471e-01,16872244
1.686851847579887e+03,1.684650734854155e+03,5.882352941176471e-01,16872247
1.688839944543244e+03,1.682858275703729e+03,1.764705882352941e+00,16872242
1.689930975867177e+03,1.683643455350042e+03,1.764705882352941e+00,16872245
1.692915074230110e+03,1.689385662465404e+03,1.176470588235294e+00,16872249
1.693545871583880e+03,1.688251753936822e+03,1.764705882352941e+00,16872248
1.695147912278183e+03,1.693383206395830e+03,5.882352941176471e-01,16872251
1.698139287653633e+03,1.692845170006575e+03,1.764705882352941e+00,16872250
1.699617718546655e+03,1.694323600899597e+03,1.764705882352941e+00,16872252
1.699903993535986e+03,1.697155004839076e+03,5.882352941176471e-01,16872254
1.702188607324509e+03,1.696894489677450e+03,1.764705882352941e+00,16872253
1.702426702037761e+03,1.700661996155408e+03,5.882352941176471e-01,16872255
1.706348010751992e+03,1.704583304869639e+03,5.882352941176471e-01,16872256
1.708250225116289e+03,1.706485519233936e+03,5.882352941176471e-01,16872258
1.708647513397882e+03,1.706882807515529e+03,5.882352941176471e-01,16872259
1.711645214799801e+03,1.709260965149204e+03,5.882352941176471e-01,16872263
1.712176925162588e+03,1.705684964708762e+03,1.764705882352941e+00,16872257
1.713409920682154e+03,1.710806302319283e+03,5.882352941176471e-01,16872266
1.713409920682154e+03,1.710625987261068e+03,5.882352941176471e-01,16872265
1.714763628057985e+03,1.707447459186208e+03,1.176470588235294e+00,16872261
1.716528333940338e+03,1.713873144234918e+03,5.882352941176470e-01,16872267
1.716528333940338e+03,1.708974101557742e+03,1.764705882352941e+00,16872262
1.716528333940338e+03,1.707267029597444e+03,1.764705882352941e+00,16872260
1.718385664431357e+03,1.715566374366686e+03,5.882352941176471e-01,16872268
1.718385664431357e+03,1.715822398737428e+03,5.882352941176471e-01,16872269
1.718385664431357e+03,1.716087917702136e+03,5.882352941176471e-01,16872270
1.720150370313710e+03,1.716898832375002e+03,5.882352941176471e-01,16872272
1.721846862770507e+03,1.720082156888155e+03,5.882352941176471e-01,16872274
1.723331257450068e+03,1.721566551567715e+03,5.882352941176471e-01,16872275
1.723679782078416e+03,1.717095760976169e+03,1.764705882352941e+00,16872273
1.723814873155478e+03,1.722050167273125e+03,5.882352941176471e-01,16872276
1.726260631466237e+03,1.724495925583884e+03,5.882352941176471e-01,16872277
1.726347599307940e+03,1.724582893425587e+03,5.882352941176471e-01,16872278
1.729097045429505e+03,1.727332339547152e+03,5.882352941176471e-01,16872281
1.730075218591149e+03,1.724781100944090e+03,1.764705882352941e+00,16872279
1.730355511993473e+03,1.727467158721770e+03,5.882352941176471e-01,16872282
1.733604630355855e+03,1.726826100228768e+03,1.176470588235294e+00,16872280
1.734040237934745e+03,1.732275532052392e+03,5.882352941176471e-01,16872287
1.736155868958917e+03,1.734275148162475e+03,5.882352941176471e-01,16872291
1.738199297618241e+03,1.728989095721783e+03,1.176470588235294e+00,16872283
1.739253780761509e+03,1.736697322894503e+03,5.882352941176471e-01,16872295
1.739253780761509e+03,1.736651610212656e+03,5.882352941176471e-01,16872294
1.739964003500594e+03,1.737763532817456e+03,5.882352941176471e-01,16872297
1.742783192526214e+03,1.740605270988432e+03,5.882352941176471e-01,16872299
1.743375044808785e+03,1.732473932598459e+03,1.764705882352941e+00,16872288
1.743375044808785e+03,1.730424427019034e+03,1.764705882352941e+00,16872286
1.744942466596948e+03,1.741548783892623e+03,5.882352941176471e-01,16872300
1.744942466596948e+03,1.741624973252723e+03,5.882352941176471e-01,16872301
1.744942466596948e+03,1.741975488868415e+03,5.882352941176471e-01,16872302
1.746834469902581e+03,1.745069764020228e+03,5.882352941176471e-01,16872303
1.748471878361654e+03,1.738358557513414e+03,1.764705882352941e+00,16872298
1.749218084270722e+03,1.747453378388369e+03,5.882352941176471e-01,16872305
1.750236584244007e+03,1.748404981372790e+03,5.882352941176471e-01,16872306
1.751014381285431e+03,1.745720263638372e+03,1.764705882352941e+00,16872304
1.751349618199843e+03,1.749584912317490e+03,5.882352941176471e-01,16872307
1.752390188647072e+03,1.749976843509859e+03,5.882352941176471e-01,16872309
1.754532757733778e+03,1.752768051851425e+03,5.882352941176471e-01,16872310
1.754971290596732e+03,1.753206584714379e+03,5.882352941176471e-01,16872311
1.755919600411777e+03,1.749748467069819e+03,1.764705882352941e+00,16872308
1.756516730047608e+03,1.753807724066645e+03,5.882352941176471e-01,16872313
1.756516730047608e+03,1.753417640062389e+03,5.882352941176471e-01,16872312
1.757982871112045e+03,1.755126355120145e+03,5.882352941176471e-01,16872314
1.759747576994398e+03,1.757132391178235e+03,5.882352941176471e-01,16872318
1.761583229725323e+03,1.759035222087620e+03,5.882352941176471e-01,16872319
1.762356564074281e+03,1.755779171348098e+03,1.764705882352941e+00,16872315
1.763347935607676e+03,1.760116266636056e+03,5.882352941176471e-01,16872325
1.763347935607676e+03,1.759865821742018e+03,5.882352941176471e-01,16872324
1.764121269956634e+03,1.761729619975566e+03,5.882352941176471e-01,16872326
1.766877347372382e+03,1.759212276100307e+03,1.764705882352941e+00,16872320
1.766877347372382e+03,1.756865016024793e+03,1.764705882352941e+00,16872317
1.768642053254735e+03,1.766181320778969e+03,5.882352941176471e-01,16872328
1.770406759137088e+03,1.768172995203844e+03,5.882352941176471e-01,16872330
1.770494148851098e+03,1.768677806017083e+03,5.882352941176471e-01,16872331
1.770957339457112e+03,1.765663221810053e+03,1.764705882352941e+00,16872327
1.772195132245510e+03,1.769925760029491e+03,5.882352941176471e-01,16872332
1.772258854733450e+03,1.770454093589226e+03,5.882352941176471e-01,16872334
1.772722045339465e+03,1.770906843862221e+03,5.882352941176471e-01,16872335
1.775788266498156e+03,1.766964737086392e+03,1.764705882352941e+00,16872329
1.777489249892568e+03,1.771967260112016e+03,1.764705882352941e+00,16872336
1.777903888745380e+03,1.776139182863027e+03,5.882352941176471e-01,16872337
1.777953982402554e+03,1.776189276520201e+03,5.882352941176471e-01,16872338
1.781590644601691e+03,1.778061232836985e+03,1.176470588235294e+00,16872339
1.782399831308899e+03,1.780635125426546e+03,5.882352941176471e-01,16872341
1.783407235155087e+03,1.778113117508029e+03,1.764705882352941e+00,16872340
1.784655267946585e+03,1.781817790750302e+03,5.882352941176471e-01,16872344
1.786419973828938e+03,1.784355116734852e+03,5.882352941176471e-01,16872346
1.786936646919793e+03,1.780947055928671e+03,1.764705882352941e+00,16872342
1.788184679711291e+03,1.782103500753298e+03,1.764705882352941e+00,16872345
1.788529128438528e+03,1.785017194615251e+03,5.882352941176471e-01,16872348
1.789949385593644e+03,1.787353924718977e+03,5.882352941176471e-01,16872350
1.792058540203234e+03,1.784815756396812e+03,1.764705882352941e+00,16872347
1.792478244533060e+03,1.790713538650707e+03,5.882352941176471e-01,16872351
1.794261047984100e+03,1.792496342101747e+03,5.882352941176471e-01,16872353
1.794517659001025e+03,1.792752953118672e+03,5.882352941176471e-01,16872354
1.797161609692132e+03,1.791867492045073e+03,1.764705882352941e+00,16872352
1.800815413440894e+03,1.799050707558541e+03,5.882352941176471e-01,16872355
1.801055048544981e+03,1.799290342662628e+03,5.882352941176471e-01,16872356
1.802699936875290e+03,1.800429200958154e+03,5.882352941176471e-01,16872359
1.802699936875290e+03,1.799937062515582e+03,5.882352941176471e-01,16872358
1.804874725744939e+03,1.799580608097880e+03,1.764705882352941e+00,16872357
1.806329942040590e+03,1.803729119901333e+03,5.882352941176471e-01,16872362
1.806706745240762e+03,1.804615532858534e+03,5.882352941176471e-01,16872365
1.807256031353927e+03,1.805009352971880e+03,5.882352941176471e-01,16872367
1.810047755405382e+03,1.803726619589221e+03,1.764705882352941e+00,16872361
1.810047755405382e+03,1.802288979797753e+03,1.764705882352941e+00,16872360
1.811471607473192e+03,1.808068954796905e+03,5.882352941176471e-01,16872369
1.811812461287735e+03,1.809773389619421e+03,5.882352941176471e-01,16872370
1.813577167170088e+03,1.807942195708486e+03,1.764705882352941e+00,16872368
1.815341873052441e+03,1.810825475931545e+03,1.176470588235294e+00,16872371
1.816936152027522e+03,1.814517467451498e+03,5.882352941176471e-01,16872374
1.816936152027522e+03,1.814673109308141e+03,5.882352941176471e-01,16872375
1.817106578934794e+03,1.811569105481889e+03,1.764705882352941e+00,16872372
1.818700857909875e+03,1.815486561181729e+03,5.882352941176471e-01,16872377
1.818871284817147e+03,1.812626954121299e+03,1.176470588235294e+00,16872373
1.821968875296059e+03,1.820204169413707e+03,5.882352941176471e-01,16872379
1.822230269674581e+03,1.815365541370132e+03,1.764705882352941e+00,16872376
1.823354448747041e+03,1.820306600857006e+03,5.882352941176471e-01,16872380
1.823864278367673e+03,1.821894316205267e+03,5.882352941176471e-01,16872383
1.825459041043149e+03,1.823112292573726e+03,5.882352941176471e-01,16872385
1.825459041043149e+03,1.823251998780116e+03,5.882352941176471e-01,16872386
1.827223746925502e+03,1.824041681747452e+03,5.882352941176471e-01,16872387
1.827223746925502e+03,1.824664910633628e+03,5.882352941176471e-01,16872388
1.828988452807855e+03,1.826945392799274e+03,5.882352941176471e-01,16872391
1.830753158690208e+03,1.827426237684730e+03,5.882352941176471e-01,16872393
1.830753158690208e+03,1.827693436143429e+03,5.882352941176471e-01,16872394
1.830753158690208e+03,1.827743327257510e+03,5.882352941176471e-01,16872395
1.832828353209410e+03,1.819751192901619e+03,1.176470588235294e+00,16872378
1.832828353209410e+03,1.822437482535222e+03,1.176470588235294e+00,16872384
1.834593059091763e+03,1.832496954288873e+03,5.882352941176470e-01,16872397
1.834593059091763e+03,1.821663586945406e+03,1.764705882352941e+00,16872382
1.838122470856469e+03,1.831374135963907e+03,1.764705882352941e+00,16872396
1.840110081427065e+03,1.838345375544712e+03,5.882352941176471e-01,16872401
1.840593260513334e+03,1.835299142866275e+03,1.764705882352941e+00,16872399
1.841292405025334e+03,1.838516354625879e+03,5.882352941176471e-01,16872402
1.841874787309418e+03,1.839544733674118e+03,5.882352941176471e-01,16872403
1.844122672278040e+03,1.837762993260628e+03,1.764705882352941e+00,16872400
1.844469375545973e+03,1.842704669663620e+03,5.882352941176471e-01,16872405
1.844821816790040e+03,1.840773695193549e+03,1.176470588235294e+00,16872404
1.846017546535395e+03,1.843675067710264e+03,5.882352941176471e-01,16872406
1.846239178399701e+03,1.844317924840543e+03,5.882352941176471e-01,16872409
1.846586522672393e+03,1.844479569488724e+03,5.882352941176471e-01,16872411
1.852677512714543e+03,1.847383395067484e+03,1.764705882352941e+00,16872412
1.853597481066358e+03,1.848303363419299e+03,1.764705882352941e+00,16872413
1.853925121036560e+03,1.850903341211500e+03,5.882352941176471e-01,16872415
1.854442218596896e+03,1.852167417297992e+03,5.882352941176471e-01,16872418
1.856666908655156e+03,1.854232971170457e+03,5.882352941176471e-01,16872420
1.857454532801266e+03,1.850381704984286e+03,1.764705882352941e+00,16872414
1.860196320419862e+03,1.854258554346937e+03,1.764705882352941e+00,16872421
1.860196320419862e+03,1.853276319383800e+03,1.764705882352941e+00,16872419
1.861363028896818e+03,1.859598323014465e+03,5.882352941176471e-01,16872422
1.863979417904820e+03,1.862214712022467e+03,5.882352941176471e-01,16872424
1.865115712810911e+03,1.862392940989110e+03,5.882352941176471e-01,16872426
1.865856703916036e+03,1.864091998033683e+03,5.882352941176471e-01,16872427
1.867508829669526e+03,1.861586301046205e+03,1.764705882352941e+00,16872423
1.867777588369914e+03,1.866012882487561e+03,5.882352941176471e-01,16872428
1.868620796120991e+03,1.862302963696703e+03,1.764705882352941e+00,16872425
1.869452708018804e+03,1.866905630827972e+03,5.882352941176471e-01,16872430
1.869452708018804e+03,1.866525627945016e+03,5.882352941176471e-01,16872429
1.873066818378489e+03,1.871302112496136e+03,5.882352941176471e-01,16872433
1.874902325152464e+03,1.869608207505405e+03,1.764705882352941e+00,16872432
1.875744671144185e+03,1.873979965261832e+03,5.882352941176471e-01,16872434
1.877958321050513e+03,1.876193615168160e+03,5.882352941176471e-01,16872437
1.880262804380768e+03,1.874968686733709e+03,1.764705882352941e+00,16872435
1.880907872841304e+03,1.879143166958951e+03,5.882352941176471e-01,16872438
1.880960830129478e+03,1.875666712482419e+03,1.764705882352941e+00,16872436
1.882027510263121e+03,1.879452521699136e+03,5.882352941176471e-01,16872439
1.882672578723657e+03,1.880676945178674e+03,5.882352941176471e-01,16872440
1.884513466688170e+03,1.882748760805817e+03,5.882352941176471e-01,16872441
1.887145324328966e+03,1.885380618446613e+03,5.882352941176471e-01,16872443
1.888617176336878e+03,1.883323058689819e+03,1.764705882352941e+00,16872442
1.890907466837197e+03,1.889142760954844e+03,5.882352941176471e-01,16872446
1.891562245575837e+03,1.886268127928778e+03,1.764705882352941e+00,16872444
1.892999562088870e+03,1.890607567942823e+03,5.882352941176471e-01,16872450
1.892999562088870e+03,1.890427296017531e+03,5.882352941176471e-01,16872449
1.893906400182624e+03,1.891744109685160e+03,5.882352941176471e-01,16872451
1.894764267971223e+03,1.888561974935953e+03,1.176470588235294e+00,16872445
1.896528973853576e+03,1.889154016301986e+03,1.764705882352941e+00,16872447
1.900252910247377e+03,1.898488204365024e+03,5.882352941176471e-01,16872454
1.900800041031633e+03,1.897270629266927e+03,1.176470588235294e+00,16872453
1.901206498523448e+03,1.895912380876389e+03,1.764705882352941e+00,16872452
1.902288067512484e+03,1.900523361630131e+03,5.882352941176471e-01,16872455
1.905993803392511e+03,1.904229097510158e+03,5.882352941176471e-01,16872458
1.906696668802743e+03,1.901402551155684e+03,1.764705882352941e+00,16872456
1.907327428792670e+03,1.902033311145612e+03,1.764705882352941e+00,16872457
1.907758509274864e+03,1.904606445953704e+03,5.882352941176471e-01,16872459
1.909608580498644e+03,1.907843874616291e+03,5.882352941176471e-01,16872461
1.910127599637654e+03,1.908362893755301e+03,5.882352941176471e-01,16872462
1.910226080567449e+03,1.906677399481606e+03,1.176470588235294e+00,16872460
1.913005888492686e+03,1.911241182610333e+03,5.882352941176471e-01,16872464
1.913710767704441e+03,1.911504931624930e+03,5.882352941176471e-01,16872466
1.915475473586794e+03,1.913670110256402e+03,5.882352941176471e-01,16872467
1.916535300257391e+03,1.910181355939735e+03,1.764705882352941e+00,16872463
1.916720743209423e+03,1.911426625562364e+03,1.764705882352941e+00,16872465
1.917240179469147e+03,1.914070427208820e+03,5.882352941176471e-01,16872468
1.920095876608134e+03,1.918331170725781e+03,5.882352941176471e-01,16872471
1.920157433498113e+03,1.915667297539491e+03,1.176470588235294e+00,16872469
1.921860582490487e+03,1.918655988034221e+03,5.882352941176471e-01,16872472
1.921922139380466e+03,1.916160675015344e+03,1.764705882352941e+00,16872470
1.923625288372840e+03,1.920630508465265e+03,5.882352941176471e-01,16872474
1.923686845262819e+03,1.921893996598436e+03,5.882352941176471e-01,16872475
1.924761868255520e+03,1.921939894777567e+03,5.882352941176471e-01,16872476
1.927216257027525e+03,1.920604330491140e+03,1.764705882352941e+00,16872473
1.928291280020225e+03,1.922309757082019e+03,1.764705882352941e+00,16872477
1.931958954401955e+03,1.929175407016414e+03,5.882352941176471e-01,16872485
1.934605329584520e+03,1.927022729059018e+03,1.176470588235294e+00,16872480
1.934825746909574e+03,1.925763332162839e+03,1.764705882352941e+00,16872479
1.934825746909574e+03,1.924926440585117e+03,1.764705882352941e+00,16872478
1.936370035466873e+03,1.933679615543338e+03,5.882352941176471e-01,16872486
1.938333105782582e+03,1.936568399900229e+03,5.882352941176471e-01,16872487
1.942371317200511e+03,1.938841905435805e+03,1.176470588235294e+00,16872489
1.942778795423658e+03,1.937484677776600e+03,1.764705882352941e+00,16872488
1.943154458765974e+03,1.941389752883621e+03,5.882352941176471e-01,16872490
1.944269714597856e+03,1.941466662169292e+03,5.882352941176471e-01,16872491
1.944543501306011e+03,1.942638700230494e+03,5.882352941176471e-01,16872493
1.948171860445195e+03,1.946407154562842e+03,5.882352941176471e-01,16872495
1.948422526408141e+03,1.946657820525788e+03,5.882352941176471e-01,16872496
1.950207836311918e+03,1.944913718664860e+03,1.764705882352941e+00,16872494
1.952608141908555e+03,1.950843436026202e+03,5.882352941176471e-01,16872498
1.954773180730395e+03,1.949479063083337e+03,1.764705882352941e+00,16872497
1.957415185420044e+03,1.952121067772985e+03,1.764705882352941e+00,16872499
1.959178037355057e+03,1.953883919707998e+03,1.764705882352941e+00,16872500
1.959343643169690e+03,1.956294902712560e+03,5.882352941176471e-01,16872503
1.959343643169690e+03,1.956058961442730e+03,5.882352941176471e-01,16872502
1.962707449119763e+03,1.955977983272277e+03,1.764705882352941e+00,16872501
1.963775198802804e+03,1.962010492920451e+03,5.882352941176471e-01,16872505
1.965715683321265e+03,1.963950977438912e+03,5.882352941176471e-01,16872506
1.966140387967771e+03,1.964375682085418e+03,5.882352941176471e-01,16872507
1.966702845442576e+03,1.961408727795517e+03,1.764705882352941e+00,16872504
1.967692741526871e+03,1.965579912212102e+03,5.882352941176471e-01,16872509
1.968962499367076e+03,1.966218289413067e+03,5.882352941176471e-01,16872510
1.970892187930145e+03,1.968409164112441e+03,5.882352941176471e-01,16872513
1.971222153291577e+03,1.965099104279075e+03,1.764705882352941e+00,16872508
1.972656893812498e+03,1.968037963936958e+03,1.176470588235294e+00,16872512
1.974421599694851e+03,1.966617602722162e+03,1.764705882352941e+00,16872511
1.979120799689009e+03,1.973826682041950e+03,1.764705882352941e+00,16872515
1.979543842231954e+03,1.977160510218485e+03,5.882352941176471e-01,16872520
1.980885505571362e+03,1.978919295878435e+03,5.882352941176471e-01,16872521
1.982159587018226e+03,1.974249724584895e+03,1.764705882352941e+00,16872516
1.983498773448619e+03,1.975909051180643e+03,1.764705882352941e+00,16872518
1.983774936882232e+03,1.982010230999879e+03,5.882352941176471e-01,16872522
1.983924292900579e+03,1.982122417769067e+03,5.882352941176471e-01,16872523
1.985263479330972e+03,1.982350301179665e+03,5.882352941176471e-01,16872524
1.987028185213325e+03,1.984875713209201e+03,5.882352941176471e-01,16872527
1.987854414732970e+03,1.984325002968264e+03,1.176470588235294e+00,16872526
1.988792891095678e+03,1.986702084903513e+03,5.882352941176471e-01,16872528
1.989410683222644e+03,1.984116565575585e+03,1.764705882352941e+00,16872525
1.989843178662599e+03,1.988078472780246e+03,5.882352941176471e-01,16872529
1.994330206792918e+03,1.989036089145859e+03,1.764705882352941e+00,16872530
1.995164483512599e+03,1.989870365865541e+03,1.764705882352941e+00,16872531
1.997848500839916e+03,1.993456070410140e+03,1.176470588235294e+00,16872533
1.998693895277305e+03,1.992543265475149e+03,1.764705882352941e+00,16872532
1.999613206722269e+03,1.993876140031313e+03,1.764705882352941e+00,16872534
2.002422768533946e+03,2.000168107788588e+03,5.882352941176471e-01,16872539
2.002422768533946e+03,1.999952186323449e+03,5.882352941176471e-01,16872538
2.004521898984963e+03,1.998566529283567e+03,1.176470588235294e+00,16872535
2.006286604867316e+03,1.999896630475232e+03,1.764705882352941e+00,16872537
2.006286604867316e+03,1.999220184254914e+03,1.764705882352941e+00,16872536
2.008051310749669e+03,2.004756522297875e+03,5.882352941176471e-01,16872542
2.008051310749669e+03,2.006137982204468e+03,5.882352941176471e-01,16872544
2.009816016632022e+03,2.001736768214462e+03,1.176470588235294e+00,16872540
2.011580722514375e+03,2.004907830903691e+03,1.764705882352941e+00,16872543
2.011580722514375e+03,2.003732683778609e+03,1.764705882352941e+00,16872541
2.018461377957176e+03,2.016696672074823e+03,5.882352941176471e-01,16872547
2.018899599972259e+03,2.017118139177363e+03,5.882352941176471e-01,16872548
2.019653911817474e+03,2.014359794170415e+03,1.764705882352941e+00,16872545
2.020226083839529e+03,2.017476422891110e+03,5.882352941176471e-01,16872549
2.021990789721882e+03,2.020145960078176e+03,5.882352941176471e-01,16872551
2.022429011736965e+03,2.018856820090212e+03,1.176470588235294e+00,16872550
2.023183323582180e+03,2.015370188207554e+03,1.764705882352941e+00,16872546
2.025931789818951e+03,2.020823285619667e+03,1.176470588235294e+00,16872552
2.027304416474891e+03,2.024359561261420e+03,5.882352941176471e-01,16872556
2.027304416474891e+03,2.024421369958420e+03,5.882352941176471e-01,16872557
2.029437251537339e+03,2.026172322855334e+03,5.882352941176471e-01,16872560
2.031201957419692e+03,2.028776933195271e+03,5.882352941176471e-01,16872563
2.033467677485802e+03,2.022754974485250e+03,1.764705882352941e+00,16872555
2.033467677485802e+03,2.022587965769258e+03,1.764705882352941e+00,16872554
2.036997089250507e+03,2.030272275176934e+03,1.764705882352941e+00,16872564
2.038636541586921e+03,2.032343198165292e+03,1.764705882352941e+00,16872567
2.038636541586921e+03,2.031886538135651e+03,1.764705882352941e+00,16872566
2.040981158386186e+03,2.039216452503833e+03,5.882352941176471e-01,16872573
2.042455908810083e+03,2.038160987104402e+03,1.176470588235294e+00,16872572
2.042455908810083e+03,2.037548375383782e+03,1.176470588235294e+00,16872571
2.043843525951857e+03,2.035433514934187e+03,1.764705882352941e+00,16872568
2.047851708909455e+03,2.046087003027102e+03,5.882352941176471e-01,16872575
2.048610183678586e+03,2.046845477796233e+03,5.882352941176471e-01,16872576
2.050668587311305e+03,2.045374469664247e+03,1.764705882352941e+00,16872574
2.051760358058726e+03,2.049820457275937e+03,5.882352941176471e-01,16872580
2.052678031297350e+03,2.050913325414997e+03,5.882352941176471e-01,16872581
2.054442737179703e+03,2.048662679891900e+03,1.176470588235294e+00,16872579
2.055167400771586e+03,2.047759091528211e+03,1.764705882352941e+00,16872578
2.055167400771586e+03,2.047290159359571e+03,1.764705882352941e+00,16872577
2.056569774857998e+03,2.053927556772762e+03,5.882352941176471e-01,16872583
2.056569774857998e+03,2.053046049946979e+03,5.882352941176471e-01,16872582
2.057153445010807e+03,2.055388739128454e+03,5.882352941176471e-01,16872584
2.058334480740351e+03,2.056519326359308e+03,5.882352941176471e-01,16872586
2.059508668757932e+03,2.057146547884819e+03,5.882352941176471e-01,16872588
2.059508668757932e+03,2.056586399568524e+03,5.882352941176471e-01,16872587
2.061863892505056e+03,2.056354955187634e+03,1.764705882352941e+00,16872585
2.062051720786582e+03,2.060287014904229e+03,5.882352941176471e-01,16872589
2.063660973325011e+03,2.061896267442658e+03,5.882352941176471e-01,16872590
2.066697926997299e+03,2.064933221114946e+03,5.882352941176471e-01,16872591
2.066853009278380e+03,2.065088303396027e+03,5.882352941176471e-01,16872592
2.066891814202635e+03,2.065127108320282e+03,5.882352941176471e-01,16872593
2.068462632879652e+03,2.065897098605959e+03,5.882352941176471e-01,16872594
2.070380718144152e+03,2.068616012261799e+03,5.882352941176471e-01,16872597
2.073571129912513e+03,2.067938012269110e+03,1.764705882352941e+00,16872596
2.073571129912513e+03,2.067477875944816e+03,1.764705882352941e+00,16872595
2.075915022811351e+03,2.070423363011960e+03,1.176470588235294e+00,16872599
2.077679728693704e+03,2.069194594590072e+03,1.764705882352941e+00,16872598
2.079154841067815e+03,2.076773861896491e+03,5.882352941176471e-01,16872606
2.079816546062414e+03,2.078051840180061e+03,5.882352941176471e-01,16872607
2.082922077458231e+03,2.072074780545061e+03,1.764705882352941e+00,16872600
2.082922077458231e+03,2.073157602534386e+03,1.764705882352941e+00,16872602
2.082922077458231e+03,2.075064746430094e+03,1.764705882352941e+00,16872603
2.084686783340584e+03,2.080460420979457e+03,5.882352941176471e-01,16872609
2.084686783340584e+03,2.080704810980140e+03,5.882352941176471e-01,16872610
2.086451489222937e+03,2.083908993819965e+03,5.882352941176471e-01,16872612
2.086451489222937e+03,2.083894598052338e+03,5.882352941176471e-01,16872611
2.086771498285810e+03,2.076271796949634e+03,1.176470588235294e+00,16872605
2.088216195105290e+03,2.086022232359954e+03,5.882352941176471e-01,16872614
2.089980900987643e+03,2.087032289261158e+03,5.882352941176471e-01,16872616
2.091745606869996e+03,2.086891009167886e+03,1.176470588235294e+00,16872615
2.092156992665573e+03,2.085326801466330e+03,1.764705882352941e+00,16872613
2.093524379827035e+03,2.090893471028717e+03,5.882352941176471e-01,16872618
2.093538446901721e+03,2.088244329254662e+03,1.764705882352941e+00,16872617
2.095479918490537e+03,2.093715212608184e+03,5.882352941176471e-01,16872622
2.096457823315441e+03,2.094063081022644e+03,5.882352941176471e-01,16872623
2.097615688395607e+03,2.092928411550735e+03,1.176470588235294e+00,16872620
2.099380394277960e+03,2.093253466296193e+03,1.764705882352941e+00,16872621
2.100361151700933e+03,2.098596445818580e+03,5.882352941176471e-01,16872625
2.100818980135917e+03,2.095524862488858e+03,1.764705882352941e+00,16872624
2.101145100160313e+03,2.098976313324354e+03,5.882352941176471e-01,16872626
2.102993699263633e+03,2.101228993381280e+03,5.882352941176471e-01,16872628
2.103506045247954e+03,2.101741339365601e+03,5.882352941176471e-01,16872629
2.105655269347991e+03,2.100005760964380e+03,1.764705882352941e+00,16872627
2.107029391465116e+03,2.105264685582763e+03,5.882352941176471e-01,16872630
2.107799530827333e+03,2.105488215915466e+03,5.882352941176471e-01,16872632
2.108815823210343e+03,2.106414380541969e+03,5.882352941176471e-01,16872634
2.110580529092696e+03,2.106549910484353e+03,1.176470588235294e+00,16872635
2.110580529092696e+03,2.105308137308511e+03,1.176470588235294e+00,16872631
2.113064091448038e+03,2.111299385565685e+03,5.882352941176471e-01,16872637
2.113093648474392e+03,2.107272688063373e+03,1.764705882352941e+00,16872636
2.116728840744574e+03,2.111434723097516e+03,1.764705882352941e+00,16872638
2.117820107500092e+03,2.116055401617739e+03,5.882352941176471e-01,16872640
2.118358209095097e+03,2.111607487241724e+03,1.764705882352941e+00,16872639
2.118493546626927e+03,2.116175081071083e+03,5.882352941176471e-01,16872641
2.121094461842561e+03,2.119329755960208e+03,5.882352941176471e-01,16872642
2.121507684551319e+03,2.119742978668966e+03,5.882352941176471e-01,16872643
2.125189155454033e+03,2.119895037806975e+03,1.764705882352941e+00,16872644
2.126388579489619e+03,2.120060773309466e+03,1.764705882352941e+00,16872645
2.126519583303586e+03,2.123579748738982e+03,5.882352941176471e-01,16872647
2.126953861336386e+03,2.124869816505883e+03,5.882352941176471e-01,16872649
2.128165599433107e+03,2.125556412065107e+03,5.882352941176471e-01,16872650
2.128792255282494e+03,2.127027549400141e+03,5.882352941176471e-01,16872653
2.129856617251705e+03,2.122875232454229e+03,1.176470588235294e+00,16872646
2.131748956865160e+03,2.129984250982807e+03,5.882352941176471e-01,16872654
2.131813700950645e+03,2.126413207611888e+03,1.764705882352941e+00,16872652
2.133705290980717e+03,2.131940585098364e+03,5.882352941176471e-01,16872655
2.134186986366582e+03,2.132422280484229e+03,5.882352941176471e-01,16872657
2.137514358189616e+03,2.132220240542557e+03,1.764705882352941e+00,16872656
2.141043769954322e+03,2.135143657079195e+03,1.764705882352941e+00,16872658
2.142808475836675e+03,2.140745596845075e+03,5.882352941176471e-01,16872665
2.143775490066103e+03,2.141365988786951e+03,5.882352941176471e-01,16872667
2.144750428568672e+03,2.136477497990906e+03,1.176470588235294e+00,16872659
2.145540195948456e+03,2.143210441656893e+03,5.882352941176471e-01,16872668
2.146622685845713e+03,2.144638261970152e+03,5.882352941176471e-01,16872670
2.147304901830809e+03,2.144965531358048e+03,5.882352941176471e-01,16872672
2.147526946923028e+03,2.145762241040675e+03,5.882352941176471e-01,16872673
2.149350401902462e+03,2.147585696020109e+03,5.882352941176471e-01,16872674
2.150653461380052e+03,2.138720540964831e+03,1.764705882352941e+00,16872662
2.150653461380052e+03,2.137791164800380e+03,1.764705882352941e+00,16872661
2.151283896053014e+03,2.148242066234523e+03,5.882352941176471e-01,16872675
2.152418167262405e+03,2.149603584304761e+03,5.882352941176471e-01,16872678
2.152989852838285e+03,2.143926734383072e+03,1.176470588235294e+00,16872669
2.155429891815132e+03,2.153665185932779e+03,5.882352941176471e-01,16872681
2.155947579027111e+03,2.149779635067715e+03,1.764705882352941e+00,16872679
2.156286763708561e+03,2.152757351943855e+03,1.176470588235294e+00,16872680
2.158959303579838e+03,2.155062838687274e+03,1.176470588235294e+00,16872682
2.161241696674170e+03,2.155777388691996e+03,1.764705882352941e+00,16872683
2.163197677015583e+03,2.157903559368524e+03,1.764705882352941e+00,16872684
2.164694549914180e+03,2.161813381591815e+03,5.882352941176471e-01,16872691
2.164694549914180e+03,2.161287967861289e+03,5.882352941176471e-01,16872690
2.165233187290180e+03,2.163468481407827e+03,5.882352941176471e-01,16872694
2.166459255796533e+03,2.163475742236291e+03,5.882352941176471e-01,16872695
2.169898399430491e+03,2.160197801847512e+03,1.764705882352941e+00,16872686
2.169898399430491e+03,2.158138285525600e+03,1.764705882352941e+00,16872685
2.171536905271110e+03,2.169115875656854e+03,5.882352941176471e-01,16872703
2.173301611153463e+03,2.170379362441467e+03,5.882352941176471e-01,16872704
2.173360086626429e+03,2.171595380744076e+03,5.882352941176471e-01,16872706
2.175066317035816e+03,2.172933562244687e+03,5.882352941176471e-01,16872707
2.176854413107355e+03,2.174645948882586e+03,5.882352941176471e-01,16872708
2.176866108201949e+03,2.165132143221761e+03,1.764705882352941e+00,16872697
2.176866108201949e+03,2.163683297893810e+03,1.764705882352941e+00,16872696
2.178626915719437e+03,2.175132172150266e+03,5.882352941176471e-01,16872711
2.178626915719437e+03,2.175890552213687e+03,5.882352941176471e-01,16872712
2.178626915719437e+03,2.176476428565360e+03,5.882352941176471e-01,16872713
2.180391621601790e+03,2.178418509882530e+03,5.882352941176471e-01,16872715
2.180391621601790e+03,2.177311665668119e+03,5.882352941176471e-01,16872714
2.182156327484143e+03,2.178912789680945e+03,5.882352941176470e-01,16872716
2.182156327484143e+03,2.170459812507453e+03,1.764705882352941e+00,16872705
2.183921033366496e+03,2.180763350466037e+03,5.882352941176471e-01,16872718
2.185685739248849e+03,2.183761902578227e+03,5.882352941176471e-01,16872723
2.185685739248849e+03,2.183539388729080e+03,5.882352941176471e-01,16872722
2.187450445131202e+03,2.185071898952182e+03,5.882352941176471e-01,16872724
2.187966084157137e+03,2.186201378274785e+03,5.882352941176471e-01,16872725
2.188217688854993e+03,2.179810572318172e+03,1.764705882352941e+00,16872717
2.189627662234303e+03,2.186630074413396e+03,5.882352941176471e-01,16872727
2.190152334266365e+03,2.188387628384012e+03,5.882352941176471e-01,16872731
2.191392368116656e+03,2.186238148111556e+03,1.176470588235294e+00,16872726
2.193639668682203e+03,2.191874962799851e+03,5.882352941176471e-01,16872732
2.194082855142328e+03,2.192318149259975e+03,5.882352941176471e-01,16872734
2.195593852137125e+03,2.192792551848994e+03,5.882352941176471e-01,16872736
2.195593852137125e+03,2.192788051662332e+03,5.882352941176471e-01,16872735
2.197358558019478e+03,2.195123331378545e+03,5.882352941176471e-01,16872737
2.197612266907034e+03,2.192253917944988e+03,1.764705882352941e+00,16872733
2.199123263901831e+03,2.195152921922862e+03,1.176470588235294e+00,16872738
2.199123263901831e+03,2.196131722660403e+03,5.882352941176471e-01,16872739
2.204645385701746e+03,2.202880679819393e+03,5.882352941176471e-01,16872740
2.205815053225446e+03,2.204050347343093e+03,5.882352941176471e-01,16872741
2.207915991482800e+03,2.206151285600447e+03,5.882352941176471e-01,16872742
2.209390268211899e+03,2.207625562329546e+03,5.882352941176471e-01,16872743
2.210470461519358e+03,2.208705755637005e+03,5.882352941176471e-01,16872745
2.211489749590666e+03,2.209725043708313e+03,5.882352941176471e-01,16872746
2.213267860228028e+03,2.207973742580969e+03,1.764705882352941e+00,16872744
2.215730927723823e+03,2.213426470057620e+03,5.882352941176471e-01,16872751
2.216428530673411e+03,2.214400720805134e+03,5.882352941176471e-01,16872752
2.217321043202816e+03,2.211134413026352e+03,1.176470588235294e+00,16872747
2.219085749085169e+03,2.212201515959118e+03,1.764705882352941e+00,16872748
2.219819691654217e+03,2.218054985771864e+03,5.882352941176471e-01,16872753
2.221001964720423e+03,2.219237258838070e+03,5.882352941176471e-01,16872754
2.222827142984225e+03,2.220584000613370e+03,5.882352941176471e-01,16872758
2.222827142984225e+03,2.220114030453727e+03,5.882352941176471e-01,16872757
2.224591848866578e+03,2.221975589171258e+03,5.882352941176471e-01,16872760
2.226356554748931e+03,2.221504282994016e+03,1.176470588235294e+00,16872759
2.226617534966280e+03,2.219761940859463e+03,1.764705882352941e+00,16872756
2.226617534966280e+03,2.219358203600968e+03,1.764705882352941e+00,16872755
2.231033892633122e+03,2.229269186750769e+03,5.882352941176471e-01,16872763
2.231650672395990e+03,2.225785628321723e+03,1.764705882352941e+00,16872761
2.232401864988247e+03,2.227107747341188e+03,1.764705882352941e+00,16872762
2.234871694279262e+03,2.230082884223948e+03,1.176470588235294e+00,16872765
2.234871694279262e+03,2.229551086152559e+03,1.176470588235294e+00,16872764
2.236176929881677e+03,2.234062508755352e+03,5.882352941176471e-01,16872767
2.238171370903998e+03,2.235168671282250e+03,5.882352941176471e-01,16872769
2.238401106043967e+03,2.232647518116971e+03,1.764705882352941e+00,16872766
2.240313205479710e+03,2.235019087832651e+03,1.764705882352941e+00,16872768
2.244500519766107e+03,2.242735813883754e+03,5.882352941176471e-01,16872778
2.246617025008032e+03,2.243647512891166e+03,5.882352941176471e-01,16872779
2.247018481443484e+03,2.238099643274658e+03,1.764705882352941e+00,16872772
2.247018481443484e+03,2.237573159613370e+03,1.764705882352941e+00,16872771
2.248381730890385e+03,2.245028218805466e+03,5.882352941176471e-01,16872782
2.248783187325837e+03,2.240896908590444e+03,1.176470588235294e+00,16872776
2.250146436772738e+03,2.248060609892642e+03,5.882352941176471e-01,16872783
2.250547893208190e+03,2.241151627453821e+03,1.764705882352941e+00,16872777
2.251584034198484e+03,2.249819328316131e+03,5.882352941176471e-01,16872784
2.253698484036487e+03,2.251933778154134e+03,5.882352941176471e-01,16872785
2.254214066446244e+03,2.252449360563891e+03,5.882352941176471e-01,16872786
2.255806911525344e+03,2.252809039297698e+03,5.882352941176471e-01,16872789
2.255806911525344e+03,2.252629473959298e+03,5.882352941176471e-01,16872788
2.256270951079224e+03,2.254506245196871e+03,5.882352941176471e-01,16872791
2.257571617407697e+03,2.255743525976816e+03,5.882352941176471e-01,16872792
2.259223985060649e+03,2.252629201085117e+03,1.764705882352941e+00,16872787
2.260234544215719e+03,2.258199247889624e+03,5.882352941176471e-01,16872796
2.262966473560537e+03,2.260648944247178e+03,5.882352941176471e-01,16872800
2.263945026791167e+03,2.262180320908814e+03,5.882352941176471e-01,16872802
2.264731179442890e+03,2.262355125060198e+03,5.882352941176471e-01,16872804
2.264731179442890e+03,2.262329016643982e+03,5.882352941176471e-01,16872803
2.266102808999381e+03,2.263572188730473e+03,5.882352941176471e-01,16872806
2.266102808999381e+03,2.263292028250362e+03,5.882352941176471e-01,16872805
2.268855870580471e+03,2.256995045896921e+03,1.764705882352941e+00,16872794
2.268855870580471e+03,2.256705132451013e+03,1.764705882352941e+00,16872793
2.270274357460253e+03,2.258773157005083e+03,1.764705882352941e+00,16872797
2.270987935734197e+03,2.267943802940236e+03,5.882352941176471e-01,16872808
2.270987935734197e+03,2.266958991260935e+03,5.882352941176471e-01,16872807
2.272752641616550e+03,2.270460700958933e+03,5.882352941176471e-01,16872812
2.274877555736745e+03,2.273112849854393e+03,5.882352941176471e-01,16872813
2.275661646856652e+03,2.269957948394589e+03,1.764705882352941e+00,16872810
2.276109626024907e+03,2.274344920142555e+03,5.882352941176471e-01,16872814
2.280392880346019e+03,2.278628174463666e+03,5.882352941176471e-01,16872817
2.281325295171420e+03,2.279560589289067e+03,5.882352941176471e-01,16872818
2.282157586228372e+03,2.280209017718650e+03,5.882352941176471e-01,16872819
2.282379673611384e+03,2.277085555964325e+03,1.764705882352941e+00,16872815
2.283011630919404e+03,2.277717513272345e+03,1.176470588235294e+00,16872816
2.287159094454703e+03,2.285394388572350e+03,5.882352941176471e-01,16872822
2.288721873641960e+03,2.283427755994901e+03,1.764705882352941e+00,16872820
2.288923800337056e+03,2.286904048034388e+03,5.882352941176471e-01,16872824
2.290587542871861e+03,2.285631097457168e+03,1.176470588235294e+00,16872823
2.291157028473860e+03,2.289384652231164e+03,5.882352941176471e-01,16872826
2.292352248754214e+03,2.290510520711485e+03,5.882352941176470e-01,16872827
2.292352248754214e+03,2.284098204944448e+03,1.764705882352941e+00,16872821
2.292921734356213e+03,2.290700194704375e+03,5.882352941176471e-01,16872828
2.295881660518920e+03,2.287282766201933e+03,1.764705882352941e+00,16872825
2.298980304518312e+03,2.293255419105940e+03,1.764705882352941e+00,16872830
2.298980304518312e+03,2.291656708008092e+03,1.764705882352941e+00,16872829
2.299411072283626e+03,2.293792070077080e+03,1.764705882352941e+00,16872831
2.301026415671639e+03,2.299261709789286e+03,5.882352941176471e-01,16872833
2.301175778165979e+03,2.299375112848318e+03,5.882352941176471e-01,16872834
2.302697319797001e+03,2.299653962088766e+03,5.882352941176471e-01,16872835
2.304705189930684e+03,2.297355127913089e+03,1.764705882352941e+00,16872832
2.306226731561706e+03,2.299827917601703e+03,1.764705882352941e+00,16872836
2.306505829788801e+03,2.302976418024095e+03,1.176470588235294e+00,16872838
2.308442858762053e+03,2.306678152879700e+03,5.882352941176471e-01,16872841
2.309756793226066e+03,2.307931246090168e+03,5.882352941176471e-01,16872843
2.309756793226066e+03,2.307723732109171e+03,5.882352941176471e-01,16872842
2.310831437870356e+03,2.306190901640970e+03,1.176470588235294e+00,16872839
2.312940704892524e+03,2.311175999010171e+03,5.882352941176471e-01,16872846
2.313964385246270e+03,2.311745411879737e+03,5.882352941176471e-01,16872847
2.315050910873125e+03,2.309690605213953e+03,1.764705882352941e+00,16872844
2.316063068791513e+03,2.313146562958001e+03,5.882352941176471e-01,16872849
2.316470116657230e+03,2.314632340572050e+03,5.882352941176471e-01,16872851
2.316862442409994e+03,2.315097736527641e+03,5.882352941176471e-01,16872852
2.318007885779466e+03,2.312676447836145e+03,1.176470588235294e+00,16872848
2.318007885779466e+03,2.310434973481564e+03,1.176470588235294e+00,16872845
2.318628901673034e+03,2.316542428083007e+03,5.882352941176471e-01,16872853
2.319772591661819e+03,2.316865949171367e+03,5.882352941176471e-01,16872855
2.321327862185102e+03,2.319563156302749e+03,5.882352941176471e-01,16872856
2.324234155982529e+03,2.322469450100176e+03,5.882352941176471e-01,16872858
2.327153746797242e+03,2.325253208396804e+03,5.882352941176471e-01,16872862
2.328274302193067e+03,2.321859629150183e+03,1.764705882352941e+00,16872857
2.328918452679595e+03,2.326962371634918e+03,5.882352941176471e-01,16872863
2.329783640852504e+03,2.323215991940185e+03,1.764705882352941e+00,16872860
2.332682709762069e+03,2.330918003879716e+03,5.882352941176471e-01,16872865
2.332692629076999e+03,2.330927923194646e+03,5.882352941176471e-01,16872866
2.334457334959352e+03,2.330612698509962e+03,1.176470588235294e+00,16872864
2.336140754841801e+03,2.333588122076688e+03,5.882352941176471e-01,16872869
2.336140754841801e+03,2.333652821691143e+03,5.882352941176471e-01,16872870
2.336140754841801e+03,2.333715341257981e+03,5.882352941176471e-01,16872871
2.337969077792826e+03,2.334815194361768e+03,5.882352941176471e-01,16872874
2.339733783675179e+03,2.336395223116490e+03,5.882352941176471e-01,16872877
2.340376751976073e+03,2.331428369643085e+03,1.176470588235294e+00,16872867
2.341498489557532e+03,2.338903943119852e+03,5.882352941176471e-01,16872879
2.343495918217388e+03,2.338201800570329e+03,1.764705882352941e+00,16872878
2.344733912833162e+03,2.342877226487994e+03,5.882352941176471e-01,16872882
2.345260624099740e+03,2.341204501068456e+03,1.176470588235294e+00,16872880
2.346310912052689e+03,2.344119809283364e+03,5.882352941176471e-01,16872884
2.346310912052689e+03,2.344009701324061e+03,5.882352941176471e-01,16872883
2.347025329982093e+03,2.344914498251955e+03,5.882352941176471e-01,16872885
2.348075617935042e+03,2.342593793625157e+03,1.176470588235294e+00,16872881
2.348075617935042e+03,2.346059849552722e+03,5.882352941176471e-01,16872886
2.354228974801785e+03,2.352464268919432e+03,5.882352941176471e-01,16872887
2.354470560092633e+03,2.352705854210280e+03,5.882352941176471e-01,16872888
2.355354219704219e+03,2.353589513821866e+03,5.882352941176471e-01,16872889
2.359357835399962e+03,2.357593129517609e+03,5.882352941176471e-01,16872890
2.359786729621182e+03,2.358022023738829e+03,5.882352941176471e-01,16872891
2.363155331093165e+03,2.361390625210812e+03,5.882352941176471e-01,16872892
2.364281598838393e+03,2.362516892956040e+03,5.882352941176471e-01,16872893
2.367873463132496e+03,2.366108757250143e+03,5.882352941176471e-01,16872894
2.369766442240455e+03,2.368001736358102e+03,5.882352941176471e-01,16872895
2.371383664095149e+03,2.369618958212796e+03,5.882352941176471e-01,16872896
2.373724396034965e+03,2.370194984270259e+03,1.176470588235294e+00,16872897
2.374348536857115e+03,2.372583830974762e+03,5.882352941176471e-01,16872899
2.375832698064098e+03,2.374067992181745e+03,5.882352941176471e-01,16872900
2.376138506409009e+03,2.370844388761950e+03,1.764705882352941e+00,16872898
2.376282693060344e+03,2.374517987177991e+03,5.882352941176471e-01,16872901
2.378630315950745e+03,2.376865610068392e+03,5.882352941176471e-01,16872905
2.381330687941097e+03,2.375254243458536e+03,1.764705882352941e+00,16872903
2.381330687941097e+03,2.374749853191055e+03,1.764705882352941e+00,16872902
2.383095393823450e+03,2.380777380089743e+03,5.882352941176471e-01,16872907
2.383096771306750e+03,2.381332065424397e+03,5.882352941176471e-01,16872908
2.384861477189103e+03,2.380670357013574e+03,1.176470588235294e+00,16872906
2.386459722856275e+03,2.384231256982901e+03,5.882352941176471e-01,16872913
2.388307658846218e+03,2.381539702306767e+03,1.764705882352941e+00,16872910
2.388307658846218e+03,2.381451734103286e+03,1.764705882352941e+00,16872909
2.390072364728571e+03,2.388142002705816e+03,5.882352941176471e-01,16872916
2.390072364728571e+03,2.387778510791360e+03,5.882352941176471e-01,16872915
2.390536528256500e+03,2.388507449247115e+03,5.882352941176471e-01,16872917
2.391837070610924e+03,2.389010425724943e+03,5.882352941176471e-01,16872918
2.393601776493277e+03,2.387007116491794e+03,1.764705882352941e+00,16872914
2.393894590076982e+03,2.392129884194629e+03,5.882352941176471e-01,16872919
2.395561691431433e+03,2.392849120222873e+03,5.882352941176471e-01,16872922
2.395561691431433e+03,2.392846987055397e+03,5.882352941176471e-01,16872921
2.397326397313786e+03,2.394373104203255e+03,5.882352941176471e-01,16872925
2.397506809603922e+03,2.393899849803451e+03,1.176470588235294e+00,16872924
2.399091103196139e+03,2.397142941269200e+03,5.882352941176470e-01,16872926
2.399091103196139e+03,2.392212691956864e+03,1.764705882352941e+00,16872920
2.403639223187950e+03,2.401874517305597e+03,5.882352941176471e-01,16872928
2.405273498681218e+03,2.403508792798865e+03,5.882352941176471e-01,16872929
2.405844856308818e+03,2.400550738661759e+03,1.764705882352941e+00,16872927
2.409571115294866e+03,2.406041703530160e+03,1.176470588235294e+00,16872930
2.410651939670627e+03,2.408887233788274e+03,5.882352941176471e-01,16872931
2.413367363304470e+03,2.411602657422117e+03,5.882352941176471e-01,16872933
2.415200002596144e+03,2.412592751970562e+03,5.882352941176471e-01,16872935
2.415267936005464e+03,2.409973818358405e+03,1.764705882352941e+00,16872932
2.415585992784933e+03,2.412056581020227e+03,1.176470588235294e+00,16872934
2.416964708478496e+03,2.414152343615542e+03,5.882352941176471e-01,16872937
2.418962105490464e+03,2.417197399608111e+03,5.882352941176471e-01,16872938
2.422323256731780e+03,2.420346432524979e+03,5.882352941176471e-01,16872944
2.422323256731780e+03,2.420016991730988e+03,5.882352941176471e-01,16872943
2.423941561870261e+03,2.418625584443684e+03,1.176470588235294e+00,16872940
2.425706267752614e+03,2.423100753796093e+03,5.882352941176470e-01,16872945
2.425706267752614e+03,2.418793142459944e+03,1.764705882352941e+00,16872941
2.425706267752614e+03,2.418208241991585e+03,1.764705882352941e+00,16872939
2.429235679517320e+03,2.425899709863081e+03,5.882352941176471e-01,16872950
2.432176855987908e+03,2.424284895468716e+03,1.764705882352941e+00,16872947
2.432176855987908e+03,2.424302307002024e+03,1.764705882352941e+00,16872948
2.432176855987908e+03,2.425523081486429e+03,1.764705882352941e+00,16872949
2.433941561870261e+03,2.432019764595766e+03,5.882352941176471e-01,16872953
2.435706267752614e+03,2.432991817996144e+03,5.882352941176470e-01,16872954
2.435706267752614e+03,2.426951789667329e+03,1.764705882352941e+00,16872951
2.437470973634967e+03,2.434597859719323e+03,5.882352941176470e-01,16872955
2.437470973634967e+03,2.434868915947719e+03,5.882352941176470e-01,16872956
2.437470973634967e+03,2.430662846347872e+03,1.764705882352941e+00,16872952
2.439235679517320e+03,2.435707424416297e+03,5.882352941176471e-01,16872958
2.443976360985310e+03,2.442211655102958e+03,5.882352941176471e-01,16872959
2.445908027618906e+03,2.444143321736553e+03,5.882352941176471e-01,16872961
2.447752537613697e+03,2.445430982980853e+03,5.882352941176471e-01,16872963
2.448674879142377e+03,2.443380761495318e+03,1.764705882352941e+00,16872960
2.451996164048046e+03,2.446067635843781e+03,1.764705882352941e+00,16872965
2.451996164048046e+03,2.444729213659597e+03,1.764705882352941e+00,16872962
2.453046655260755e+03,2.447256778159835e+03,1.764705882352941e+00,16872966
2.454244936192532e+03,2.450406118909940e+03,5.882352941176471e-01,16872968
2.454244936192532e+03,2.450208547484294e+03,5.882352941176471e-01,16872967
2.455062006587230e+03,2.452802941151601e+03,5.882352941176471e-01,16872972
2.456009642074885e+03,2.454081055657097e+03,5.882352941176471e-01,16872975
2.457774347957238e+03,2.453547946148999e+03,1.176470588235294e+00,16872974
2.458076204660924e+03,2.456311498778571e+03,5.882352941176471e-01,16872976
2.458389435310976e+03,2.456624729428623e+03,5.882352941176471e-01,16872977
2.459618444029806e+03,2.456688341728433e+03,5.882352941176471e-01,16872978
2.461383149912159e+03,2.459057945950416e+03,5.882352941176471e-01,16872982
2.462411392172205e+03,2.460086443097875e+03,5.882352941176471e-01,16872983
2.463147855794512e+03,2.460804976553292e+03,5.882352941176471e-01,16872985
2.463370322307983e+03,2.457933128337669e+03,1.764705882352941e+00,16872980
2.464912561676865e+03,2.463083396638274e+03,5.882352941176471e-01,16872986
2.465353321547085e+03,2.463588615664732e+03,5.882352941176471e-01,16872987
2.465940803936911e+03,2.458723690144060e+03,1.764705882352941e+00,16872981
2.467007837461883e+03,2.464294201222674e+03,5.882352941176471e-01,16872989
2.467007837461883e+03,2.463957761196040e+03,5.882352941176471e-01,16872988
2.468069748109921e+03,2.466305042227568e+03,5.882352941176471e-01,16872992
2.468895709809638e+03,2.467131003927285e+03,5.882352941176471e-01,16872993
2.469327422513602e+03,2.467562716631249e+03,5.882352941176471e-01,16872994
2.470876272043973e+03,2.468158266827895e+03,5.882352941176471e-01,16872996
2.473370051832305e+03,2.468075934185247e+03,1.764705882352941e+00,16872995
2.474405683808679e+03,2.468716901183821e+03,1.764705882352941e+00,16872997
2.476170389691032e+03,2.474307752674510e+03,5.882352941176471e-01,16873000
2.477031816763286e+03,2.475267110880934e+03,5.882352941176471e-01,16873001
2.477665839348392e+03,2.472371721701333e+03,1.764705882352941e+00,16872998
2.479635904020310e+03,2.472651568557717e+03,1.176470588235294e+00,16872999
2.481226486541957e+03,2.475703287069561e+03,1.176470588235294e+00,16873002
2.482991192424310e+03,2.476307301152726e+03,1.764705882352941e+00,16873004
2.484407651585251e+03,2.481630686695738e+03,5.882352941176471e-01,16873008
2.484755898306663e+03,2.478031917154045e+03,1.764705882352941e+00,16873006
2.486520604189016e+03,2.480011007065247e+03,1.764705882352941e+00,16873007
2.487326464001768e+03,2.485561758119415e+03,5.882352941176471e-01,16873009
2.490855875766474e+03,2.489014890395476e+03,5.882352941176471e-01,16873014
2.491066876695008e+03,2.485772759047949e+03,1.764705882352941e+00,16873010
2.491952929113738e+03,2.486073898128336e+03,1.764705882352941e+00,16873011
2.492620581648827e+03,2.490353787501101e+03,5.882352941176471e-01,16873015
2.493717634996091e+03,2.491619091426984e+03,5.882352941176471e-01,16873017
2.494490787995447e+03,2.492268807999912e+03,5.882352941176471e-01,16873018
2.495659750738729e+03,2.493895044856376e+03,5.882352941176471e-01,16873020
2.496255493877800e+03,2.494255964300489e+03,5.882352941176471e-01,16873021
2.497722328190618e+03,2.495133927557864e+03,5.882352941176471e-01,16873022
2.498253064611219e+03,2.486797018744343e+03,1.764705882352941e+00,16873013
2.499487034072971e+03,2.496590213286968e+03,5.882352941176471e-01,16873024
2.499752402283271e+03,2.495359666507636e+03,1.176470588235294e+00,16873023
2.501517108165624e+03,2.492354976844932e+03,1.764705882352941e+00,16873019
2.503844675582516e+03,2.500315263817810e+03,1.176470588235294e+00,16873025
2.508487773459394e+03,2.506723067577041e+03,5.882352941176471e-01,16873026
2.508678499174276e+03,2.506913793291923e+03,5.882352941176471e-01,16873027
2.509254795430346e+03,2.507490089547993e+03,5.882352941176471e-01,16873028
2.510299791103419e+03,2.507533231648429e+03,5.882352941176471e-01,16873029
2.512207910938982e+03,2.508582396982738e+03,1.176470588235294e+00,16873031
2.514069082111604e+03,2.512304376229251e+03,5.882352941176471e-01,16873034
2.515258487450485e+03,2.509964369803427e+03,1.764705882352941e+00,16873032
2.515833787993957e+03,2.514052362938301e+03,5.882352941176471e-01,16873036
2.517199785076753e+03,2.515194612622141e+03,5.882352941176471e-01,16873038
2.517199785076753e+03,2.514462612258149e+03,5.882352941176471e-01,16873037
2.517771215946945e+03,2.512082259173610e+03,1.176470588235294e+00,16873033
2.518964490959106e+03,2.516179232135228e+03,5.882352941176471e-01,16873039
2.522148015667148e+03,2.520383309784795e+03,5.882352941176471e-01,16873040
2.524582555707323e+03,2.522817849824970e+03,5.882352941176471e-01,16873043
2.528318197515134e+03,2.522756410335947e+03,1.764705882352941e+00,16873042
2.528318197515134e+03,2.521465604028828e+03,1.764705882352941e+00,16873041
2.529949068631423e+03,2.522835452411395e+03,1.764705882352941e+00,16873044
2.531019921728985e+03,2.529255215846632e+03,5.882352941176471e-01,16873046
2.533322858290912e+03,2.531558152408559e+03,5.882352941176471e-01,16873048
2.535163705697977e+03,2.533398999815624e+03,5.882352941176471e-01,16873050
2.535346729605255e+03,2.530052611958196e+03,1.764705882352941e+00,16873047
2.536678597522736e+03,2.534037816456808e+03,5.882352941176471e-01,16873052
2.537111435487608e+03,2.532649557642841e+03,1.176470588235294e+00,16873049
2.538443303405089e+03,2.535728261725508e+03,5.882352941176471e-01,16873054
2.540152440782583e+03,2.538387734900230e+03,5.882352941176471e-01,16873055
2.540208009287442e+03,2.533832647877338e+03,1.764705882352941e+00,16873051
2.541511817489473e+03,2.539747111607120e+03,5.882352941176471e-01,16873056
2.543891623443437e+03,2.542126917561084e+03,5.882352941176471e-01,16873058
2.545589908179025e+03,2.540295790531966e+03,1.764705882352941e+00,16873057
2.546169572115841e+03,2.544404866233489e+03,5.882352941176471e-01,16873060
2.547808635698390e+03,2.546043929816037e+03,5.882352941176471e-01,16873061
2.549573341580743e+03,2.547249486809817e+03,5.882352941176471e-01,16873063
2.549630841553093e+03,2.544336723906034e+03,1.764705882352941e+00,16873059
2.550991388649909e+03,2.547974093555622e+03,5.882352941176471e-01,16873064
2.551366797449271e+03,2.549419687950981e+03,5.882352941176471e-01,16873068
2.551366797449271e+03,2.549359884861858e+03,5.882352941176471e-01,16873067
2.552756094532262e+03,2.550789132131049e+03,5.882352941176471e-01,16873069
2.553131503331624e+03,2.547195572696599e+03,1.176470588235294e+00,16873062
2.553827769515859e+03,2.552063063633506e+03,5.882352941176471e-01,16873070
2.554708504814296e+03,2.552170649925809e+03,5.882352941176471e-01,16873071
2.556592186493684e+03,2.554827480611331e+03,5.882352941176471e-01,16873073
2.558237916579002e+03,2.552393898394587e+03,1.764705882352941e+00,16873072
2.559973391165605e+03,2.558208685283252e+03,5.882352941176471e-01,16873074
2.563358747652784e+03,2.561594041770431e+03,5.882352941176471e-01,16873075
2.564997975872038e+03,2.563233269989685e+03,5.882352941176471e-01,16873076
2.565465586802624e+03,2.563700880920271e+03,5.882352941176471e-01,16873077
2.570346874387740e+03,2.566817462623034e+03,1.176470588235294e+00,16873079
2.571445897647183e+03,2.569681191764830e+03,5.882352941176471e-01,16873080
2.571545238510662e+03,2.566251120863603e+03,1.764705882352941e+00,16873078
2.572111580270093e+03,2.570342451409867e+03,5.882352941176471e-01,16873081
2.575041536654208e+03,2.573003776649684e+03,5.882352941176471e-01,16873086
2.576806242536561e+03,2.574565658966864e+03,5.882352941176471e-01,16873088
2.577865279793431e+03,2.571440899796299e+03,1.764705882352941e+00,16873082
2.578570948418914e+03,2.575520227193667e+03,5.882352941176470e-01,16873089
2.578570948418914e+03,2.572939853660168e+03,1.764705882352941e+00,16873085
2.579629985675784e+03,2.577421983249702e+03,5.882352941176471e-01,16873090
2.581988715012428e+03,2.580224009130075e+03,5.882352941176471e-01,16873091
2.584305390075515e+03,2.582540684193162e+03,5.882352941176471e-01,16873093
2.584573018943875e+03,2.582808313061522e+03,5.882352941176471e-01,16873094
2.586070095957868e+03,2.583553493195401e+03,5.882352941176471e-01,16873095
2.586431271402224e+03,2.581137153755165e+03,1.764705882352941e+00,16873092
2.589872694893768e+03,2.587454575534824e+03,5.882352941176471e-01,16873099
2.590427751668713e+03,2.588381176182609e+03,5.882352941176471e-01,16873101
2.590637948002968e+03,2.585343830355909e+03,1.764705882352941e+00,16873096
2.591914929163594e+03,2.589231805564081e+03,5.882352941176471e-01,16873103
2.594728494612695e+03,2.585617849438890e+03,1.764705882352941e+00,16873097
2.595471206932409e+03,2.592105968442817e+03,5.882352941176471e-01,16873107
2.597235912814762e+03,2.595445023483518e+03,5.882352941176471e-01,16873112
2.598788245251881e+03,2.595619958692112e+03,5.882352941176471e-01,16873113
2.598960319690951e+03,2.589867240694641e+03,1.764705882352941e+00,16873104
2.601036028418912e+03,2.599271322536559e+03,5.882352941176471e-01,16873115
2.601929573907307e+03,2.591955228169758e+03,1.764705882352941e+00,16873106
2.601929573907307e+03,2.591760217693009e+03,1.764705882352941e+00,16873105
2.606057676132759e+03,2.604292970250406e+03,5.882352941176471e-01,16873118
2.607761276044362e+03,2.602467158397303e+03,1.764705882352941e+00,16873116
2.607929492332454e+03,2.604803545914957e+03,5.882352941176471e-01,16873119
2.608025804148562e+03,2.602731686501503e+03,1.764705882352941e+00,16873117
2.609570367864634e+03,2.606218341608772e+03,5.882352941176471e-01,16873122
2.611555215913268e+03,2.607934824400545e+03,1.176470588235294e+00,16873127
2.613223609979513e+03,2.607820457294921e+03,1.764705882352941e+00,16873126
2.617042271353504e+03,2.615277565471151e+03,5.882352941176471e-01,16873128
2.617436658047244e+03,2.615671952164891e+03,5.882352941176471e-01,16873129
2.617643927876416e+03,2.615879221994063e+03,5.882352941176471e-01,16873130
2.618806977235857e+03,2.616674279973231e+03,5.882352941176471e-01,16873131
2.619289110859347e+03,2.617524404976994e+03,5.882352941176471e-01,16873132
2.621485507447050e+03,2.619720801564697e+03,5.882352941176471e-01,16873134
2.622231595479348e+03,2.620466889596995e+03,5.882352941176471e-01,16873135
2.622913242133433e+03,2.620635922241691e+03,5.882352941176471e-01,16873136
2.623250213329403e+03,2.621296900756955e+03,5.882352941176471e-01,16873137
2.624677948015786e+03,2.622843493319593e+03,5.882352941176471e-01,16873138
2.625761007244054e+03,2.619383830368727e+03,1.764705882352941e+00,16873133
2.626917752878295e+03,2.625153046995942e+03,5.882352941176471e-01,16873140
2.628702658798510e+03,2.626728434783883e+03,5.882352941176471e-01,16873142
2.629743672053266e+03,2.624449554406207e+03,1.764705882352941e+00,16873139
2.631281751413366e+03,2.629171546753980e+03,5.882352941176471e-01,16873151
2.631281751413366e+03,2.629161649608310e+03,5.882352941176471e-01,16873150
2.632811385483142e+03,2.630353075199178e+03,5.882352941176471e-01,16873152
2.633214124202735e+03,2.631449418320382e+03,5.882352941176471e-01,16873154
2.634788694876218e+03,2.625642097756142e+03,1.176470588235294e+00,16873141
2.636340797247848e+03,2.634397236743846e+03,5.882352941176471e-01,16873156
2.636553400758571e+03,2.634610009310249e+03,5.882352941176470e-01,16873157
2.636553400758571e+03,2.626948052935088e+03,1.764705882352941e+00,16873145
2.638211804885563e+03,2.636277359525282e+03,5.882352941176471e-01,16873159
2.638999299526739e+03,2.630512930494216e+03,1.176470588235294e+00,16873153
2.639976510767915e+03,2.637915786530202e+03,5.882352941176471e-01,16873160
2.641741216650268e+03,2.635049915884726e+03,1.764705882352941e+00,16873158
2.642757849056434e+03,2.640781261961979e+03,5.882352941176471e-01,16873165
2.643505922532621e+03,2.641730243896837e+03,5.882352941176471e-01,16873167
2.643505922532621e+03,2.641425180439542e+03,5.882352941176471e-01,16873166
2.644896591676880e+03,2.642296683228806e+03,5.882352941176471e-01,16873169
2.644896591676880e+03,2.641849536300172e+03,5.882352941176471e-01,16873168
2.645483802148246e+03,2.638393667250545e+03,1.176470588235294e+00,16873161
2.646748466528611e+03,2.643932269999164e+03,5.882352941176471e-01,16873170
2.647248508030599e+03,2.645158098585013e+03,5.882352941176471e-01,16873173
2.648513172410964e+03,2.644325359632980e+03,1.176470588235294e+00,16873171
2.648880743572577e+03,2.647116037690224e+03,5.882352941176471e-01,16873174
2.652840341808750e+03,2.651075635926397e+03,5.882352941176471e-01,16873176
2.655872030810955e+03,2.653106666704605e+03,5.882352941176471e-01,16873179
2.655981709368954e+03,2.650687591721896e+03,1.764705882352941e+00,16873175
2.656845521564879e+03,2.655080815682526e+03,5.882352941176471e-01,16873181
2.659342649951486e+03,2.653088845993823e+03,1.764705882352941e+00,16873178
2.659342649951486e+03,2.652232940488249e+03,1.764705882352941e+00,16873177
2.660938010307888e+03,2.657179982874516e+03,5.882352941176471e-01,16873183
2.662702716190241e+03,2.660935672273101e+03,5.882352941176471e-01,16873187
2.664630820889155e+03,2.661918403207255e+03,5.882352941176471e-01,16873188
2.664794219705716e+03,2.657719425353299e+03,1.764705882352941e+00,16873184
2.664794219705716e+03,2.656900561965331e+03,1.764705882352941e+00,16873182
2.666504459315882e+03,2.663456982325808e+03,5.882352941176471e-01,16873190
2.666504459315882e+03,2.663829772476685e+03,5.882352941176471e-01,16873192
2.668269165198235e+03,2.665927756057680e+03,5.882352941176471e-01,16873193
2.668269165198235e+03,2.666010266839323e+03,5.882352941176471e-01,16873194
2.668269165198235e+03,2.666198905887907e+03,5.882352941176471e-01,16873195
2.670033871080588e+03,2.667177498709290e+03,5.882352941176471e-01,16873196
2.670033871080588e+03,2.667593158202095e+03,5.882352941176471e-01,16873197
2.670033871080588e+03,2.668152377786093e+03,5.882352941176471e-01,16873198
2.671798576962941e+03,2.668408233096723e+03,5.882352941176471e-01,16873199
2.673574759388937e+03,2.670470059262012e+03,5.882352941176471e-01,16873203
2.677081218066356e+03,2.663685293824464e+03,1.764705882352941e+00,16873191
2.677104171153643e+03,2.674288929595541e+03,5.882352941176471e-01,16873207
2.677639798808596e+03,2.668832537649012e+03,1.764705882352941e+00,16873200
2.680610629831062e+03,2.673182927018541e+03,1.764705882352941e+00,16873206
2.681341232196283e+03,2.679256262464390e+03,5.882352941176471e-01,16873211
2.681341232196283e+03,2.678251246295146e+03,5.882352941176471e-01,16873210
2.682375335713415e+03,2.680443317107798e+03,5.882352941176471e-01,16873212
2.683105938078636e+03,2.677574431761468e+03,1.176470588235294e+00,16873208
2.684870643960989e+03,2.678049209101687e+03,1.764705882352941e+00,16873209
2.687026859527778e+03,2.685262153645425e+03,5.882352941176471e-01,16873214
2.687177534971100e+03,2.685412829088747e+03,5.882352941176471e-01,16873215
2.688791565410131e+03,2.686442200161719e+03,5.882352941176471e-01,16873216
2.688869346664892e+03,2.683575229017833e+03,1.764705882352941e+00,16873213
2.692359867802217e+03,2.690520335930416e+03,5.882352941176471e-01,16873221
2.692487966969625e+03,2.687193849322566e+03,1.764705882352941e+00,16873217
2.694188623268274e+03,2.690731960184881e+03,5.882352941176471e-01,16873223
2.695953329150627e+03,2.693575780900832e+03,5.882352941176471e-01,16873227
2.695953329150627e+03,2.692726033266290e+03,5.882352941176471e-01,16873226
2.697980099496682e+03,2.695223636979016e+03,5.882352941176471e-01,16873229
2.697980099496682e+03,2.695171365007157e+03,5.882352941176471e-01,16873228
2.698504228424086e+03,2.687769266986864e+03,1.764705882352941e+00,16873218
2.699744805379035e+03,2.697737624876242e+03,5.882352941176471e-01,16873232
2.700876723269490e+03,2.699112017387137e+03,5.882352941176471e-01,16873233
2.702641429151843e+03,2.700334725633447e+03,5.882352941176471e-01,16873235
2.703274217143741e+03,2.697333727666302e+03,1.764705882352941e+00,16873231
2.704778897261392e+03,2.703014191379039e+03,5.882352941176471e-01,16873236
2.705038923026094e+03,2.699506347203252e+03,1.764705882352941e+00,16873234
2.706724472981779e+03,2.704959767099426e+03,5.882352941176471e-01,16873237
2.708020719423769e+03,2.706256013541416e+03,5.882352941176471e-01,16873238
2.709272561885018e+03,2.707507856002665e+03,5.882352941176471e-01,16873239
2.714863706068331e+03,2.709569588421272e+03,1.764705882352941e+00,16873240
2.715105792377300e+03,2.713341086494947e+03,5.882352941176471e-01,16873242
2.717148653327669e+03,2.715383947445316e+03,5.882352941176471e-01,16873244
2.717188873740678e+03,2.711894756093619e+03,1.764705882352941e+00,16873241
2.718721794777284e+03,2.715594628548133e+03,5.882352941176471e-01,16873245
2.718913359210021e+03,2.717062859128955e+03,5.882352941176471e-01,16873247
2.720560560370668e+03,2.718234249902457e+03,5.882352941176471e-01,16873248
2.720678065092374e+03,2.718869914199346e+03,5.882352941176471e-01,16873250
2.720718285505384e+03,2.715086612778554e+03,1.764705882352941e+00,16873243
2.722403602734158e+03,2.719597899163524e+03,5.882352941176471e-01,16873252
2.722403602734158e+03,2.719087550779911e+03,5.882352941176471e-01,16873251
2.723555570324013e+03,2.721790864441661e+03,5.882352941176471e-01,16873254
2.724168308616511e+03,2.722198377279662e+03,5.882352941176471e-01,16873255
2.725626645352615e+03,2.722869377951679e+03,5.882352941176471e-01,16873258
2.725626645352615e+03,2.722666703286419e+03,5.882352941176471e-01,16873257
2.727611800902197e+03,2.725359874324250e+03,5.882352941176471e-01,16873261
2.731047977361729e+03,2.722665347284422e+03,1.764705882352941e+00,16873256
2.731476589263630e+03,2.728722080322198e+03,5.882352941176471e-01,16873264
2.731881398946904e+03,2.724523288471949e+03,1.764705882352941e+00,16873259
2.734577389126435e+03,2.730047259978004e+03,1.176470588235294e+00,16873266
2.735006001028336e+03,2.727144463547357e+03,1.764705882352941e+00,16873263
2.735876452860199e+03,2.733317473741867e+03,5.882352941176471e-01,16873269
2.735876452860199e+03,2.732963460731478e+03,5.882352941176471e-01,16873268
2.738700167620105e+03,2.736935461737752e+03,5.882352941176471e-01,16873271
2.739405864624905e+03,2.731799553036722e+03,1.764705882352941e+00,16873267
2.740300118675395e+03,2.734736072667665e+03,1.764705882352941e+00,16873270
2.740784507865852e+03,2.737461299863586e+03,5.882352941176471e-01,16873272
2.741170570507258e+03,2.739339436346893e+03,5.882352941176471e-01,16873274
2.742806588842475e+03,2.740728202114942e+03,5.882352941176471e-01,16873277
2.742806588842475e+03,2.740497345718982e+03,5.882352941176471e-01,16873276
2.744571294724828e+03,2.742360551115942e+03,5.882352941176471e-01,16873281
2.745742099601551e+03,2.743392613258909e+03,5.882352941176471e-01,16873282
2.746336000607181e+03,2.740040208964177e+03,1.764705882352941e+00,16873275
2.748100706489534e+03,2.741484717811051e+03,1.764705882352941e+00,16873279
2.749271511366257e+03,2.746968721282998e+03,5.882352941176471e-01,16873285
2.751630118254240e+03,2.745955008439219e+03,1.764705882352941e+00,16873284
2.751630118254240e+03,2.745437088834641e+03,1.764705882352941e+00,16873283
2.752140665800600e+03,2.750375959918247e+03,5.882352941176471e-01,16873286
2.753425331160947e+03,2.750847446156329e+03,5.882352941176471e-01,16873288
2.753425331160947e+03,2.750695601833467e+03,5.882352941176471e-01,16873287
2.755190037043300e+03,2.752866363050974e+03,5.882352941176471e-01,16873292
2.755190037043300e+03,2.752705918233160e+03,5.882352941176471e-01,16873291
2.756954742925653e+03,2.754764724238997e+03,5.882352941176471e-01,16873293
2.757036867685935e+03,2.755272161803582e+03,5.882352941176471e-01,16873294
2.757434783447659e+03,2.751721639327302e+03,1.764705882352941e+00,16873290
2.758774198648194e+03,2.756053056901328e+03,5.882352941176471e-01,16873296
2.758774198648194e+03,2.755420680462987e+03,5.882352941176471e-01,16873295
2.761900675366649e+03,2.758371263601943e+03,1.176470588235294e+00,16873298
2.763327214839494e+03,2.761562508957141e+03,5.882352941176471e-01,16873299
2.763892273900679e+03,2.762127568018326e+03,5.882352941176471e-01,16873300
2.764372840243508e+03,2.762608134361155e+03,5.882352941176471e-01,16873301
2.770455824428013e+03,2.765161706780954e+03,1.764705882352941e+00,16873302
2.772220530310366e+03,2.770348313376276e+03,5.882352941176471e-01,16873306
2.772626078556620e+03,2.767331960909561e+03,1.764705882352941e+00,16873303
2.773358192791211e+03,2.770955990775327e+03,5.882352941176471e-01,16873308
2.773358192791211e+03,2.770928644460365e+03,5.882352941176471e-01,16873307
2.774339758094059e+03,2.767386005397731e+03,1.176470588235294e+00,16873304
2.775122898673564e+03,2.769201737624997e+03,1.176470588235294e+00,16873305
2.776668194524447e+03,2.774903488642094e+03,5.882352941176471e-01,16873310
2.777935032855507e+03,2.775669849316367e+03,5.882352941176471e-01,16873313
2.777935032855507e+03,2.775451121896852e+03,5.882352941176471e-01,16873312
2.780994087701620e+03,2.775229613135967e+03,1.764705882352941e+00,16873311
2.780994087701620e+03,2.773907753539508e+03,1.764705882352941e+00,16873309
2.781717213578202e+03,2.779952507695849e+03,5.882352941176471e-01,16873314
2.782758793583972e+03,2.780963373170515e+03,5.882352941176471e-01,16873315
2.783521953617391e+03,2.781757247735039e+03,5.882352941176471e-01,16873317
2.784678749511049e+03,2.781149337746343e+03,1.176470588235294e+00,16873316
2.787051365382097e+03,2.783358480503162e+03,1.176470588235294e+00,16873319
2.788052911231031e+03,2.782271467658808e+03,1.764705882352941e+00,16873318
2.790759196877029e+03,2.785643498960195e+03,1.176470588235294e+00,16873320
2.792053112877559e+03,2.787599230813550e+03,1.176470588235294e+00,16873323
2.792523902759382e+03,2.786007792119013e+03,1.764705882352941e+00,16873321
2.793817818759912e+03,2.787354050152289e+03,1.764705882352941e+00,16873322
2.793879439011192e+03,2.791389965427098e+03,5.882352941176471e-01,16873324
2.798680631073461e+03,2.792418325640107e+03,1.764705882352941e+00,16873327
2.798680631073461e+03,2.792176353380118e+03,1.764705882352941e+00,16873326
2.799859062055595e+03,2.798094356173242e+03,5.882352941176471e-01,16873329
2.800508442900664e+03,2.798743737018311e+03,5.882352941176471e-01,16873330
2.801623767937948e+03,2.799308744574350e+03,5.882352941176471e-01,16873332
2.802426597748531e+03,2.800089585216870e+03,5.882352941176471e-01,16873334
2.803388473820301e+03,2.801500580435010e+03,5.882352941176471e-01,16873336
2.804191303630884e+03,2.800082393750597e+03,1.176470588235294e+00,16873333
2.805153179702654e+03,2.803147790952028e+03,5.882352941176471e-01,16873337
2.805956009513236e+03,2.798973910466582e+03,1.764705882352941e+00,16873331
2.806873339630563e+03,2.805108633748210e+03,5.882352941176471e-01,16873338
2.808071327100708e+03,2.805180961307919e+03,5.882352941176471e-01,16873340
2.808660318490138e+03,2.806870655237566e+03,5.882352941176471e-01,16873344
2.810425024372491e+03,2.806481927070915e+03,1.176470588235294e+00,16873343
2.810864253599888e+03,2.809099547717535e+03,5.882352941176471e-01,16873345
2.811600738865414e+03,2.805136527827777e+03,1.764705882352941e+00,16873339
2.812482549739775e+03,2.809833972747116e+03,5.882352941176471e-01,16873347
2.812482549739775e+03,2.809462111465563e+03,5.882352941176471e-01,16873346
2.816506504154711e+03,2.814500253107045e+03,5.882352941176471e-01,16873353
2.817738886657429e+03,2.812743318641713e+03,1.176470588235294e+00,16873349
2.818278101314102e+03,2.816513395431749e+03,5.882352941176471e-01,16873355
2.821261407145097e+03,2.813846333426532e+03,1.764705882352941e+00,16873352
2.821800621801770e+03,2.819969779342828e+03,5.882352941176471e-01,16873357
2.821807513078808e+03,2.816410432526837e+03,1.764705882352941e+00,16873354
2.823026113027450e+03,2.820305474106458e+03,5.882352941176471e-01,16873358
2.823568773322642e+03,2.821661782391295e+03,5.882352941176471e-01,16873360
2.823568773322642e+03,2.821310897511428e+03,5.882352941176471e-01,16873359
2.825333479204995e+03,2.823502607471217e+03,5.882352941176471e-01,16873361
2.826555524792156e+03,2.817896426072631e+03,1.764705882352941e+00,16873356
2.826998476513168e+03,2.825233770630816e+03,5.882352941176471e-01,16873362
2.827098185087348e+03,2.825328027332424e+03,5.882352941176471e-01,16873363
2.828559083039320e+03,2.826794377156967e+03,5.882352941176471e-01,16873364
2.830425361740674e+03,2.828660655858321e+03,5.882352941176471e-01,16873367
2.830968044762785e+03,2.827438632998079e+03,1.176470588235294e+00,16873366
2.832637273793070e+03,2.827343156146011e+03,1.764705882352941e+00,16873365
2.832896366617358e+03,2.830522224755052e+03,5.882352941176471e-01,16873369
2.834178376590401e+03,2.831418613699062e+03,5.882352941176471e-01,16873373
2.836425778382064e+03,2.829852558709983e+03,1.764705882352941e+00,16873368
2.836926160005876e+03,2.835161454123523e+03,5.882352941176471e-01,16873374
2.837707788355107e+03,2.831213468721115e+03,1.764705882352941e+00,16873372
2.838524072013625e+03,2.835970973374392e+03,5.882352941176471e-01,16873376
2.838524072013625e+03,2.835681422410213e+03,5.882352941176471e-01,16873375
2.839472494237460e+03,2.837637269455652e+03,5.882352941176471e-01,16873378
2.841138660031180e+03,2.839373954148827e+03,5.882352941176471e-01,16873380
2.841732692886556e+03,2.839967987004203e+03,5.882352941176471e-01,16873381
2.843200382341221e+03,2.840857733237065e+03,5.882352941176471e-01,16873384
2.843200382341221e+03,2.840738396259159e+03,5.882352941176471e-01,16873383
2.844965088223574e+03,2.843117289359073e+03,5.882352941176471e-01,16873386
2.845273991883305e+03,2.840141067062932e+03,1.176470588235294e+00,16873382
2.845273991883305e+03,2.837782860250199e+03,1.176470588235294e+00,16873379
2.846782164159311e+03,2.845017458276958e+03,5.882352941176471e-01,16873387
2.847515838692628e+03,2.845751132810275e+03,5.882352941176471e-01,16873388
2.848648951818145e+03,2.845960836284965e+03,5.882352941176471e-01,16873389
2.848751033594627e+03,2.841877392761244e+03,1.764705882352941e+00,16873385
2.850464698588739e+03,2.848588495266672e+03,5.882352941176471e-01,16873393
2.850464698588739e+03,2.848347493850570e+03,5.882352941176471e-01,16873392
2.851502046427752e+03,2.849274312326588e+03,5.882352941176471e-01,16873394
2.853266752310105e+03,2.851105785140742e+03,5.882352941176471e-01,16873398
2.853994110353445e+03,2.847926016010968e+03,1.764705882352941e+00,16873391
2.855173417795449e+03,2.852668469283630e+03,5.882352941176471e-01,16873400
2.855758816235798e+03,2.853550671516087e+03,5.882352941176471e-01,16873402
2.856262709127271e+03,2.849760649871439e+03,1.176470588235294e+00,16873397
2.856938123677802e+03,2.855001896136392e+03,5.882352941176471e-01,16873403
2.858432559700494e+03,2.856667853818141e+03,5.882352941176471e-01,16873405
2.859445181893498e+03,2.857680476011145e+03,5.882352941176471e-01,16873406
2.861052933882857e+03,2.855564636859181e+03,1.764705882352941e+00,16873404
2.861797278201209e+03,2.859064456825913e+03,5.882352941176471e-01,16873408
2.862817639765210e+03,2.860679562993540e+03,5.882352941176471e-01,16873410
2.864005782482291e+03,2.859231205250565e+03,1.176470588235294e+00,16873409
2.864005782482291e+03,2.858855256861861e+03,1.176470588235294e+00,16873407
2.867535194246997e+03,2.861930042967752e+03,1.764705882352941e+00,16873411
2.868199318805981e+03,2.866434612923628e+03,5.882352941176471e-01,16873413
2.868988866497163e+03,2.863003210431933e+03,1.764705882352941e+00,16873412
2.869631354811556e+03,2.866781439978888e+03,5.882352941176471e-01,16873414
2.869964024688334e+03,2.868032376270306e+03,5.882352941176471e-01,16873417
2.872861809071625e+03,2.871097103189272e+03,5.882352941176471e-01,16873418
2.874978423324389e+03,2.873213717442036e+03,5.882352941176471e-01,16873420
2.876952186514052e+03,2.871658068866994e+03,1.764705882352941e+00,16873419
2.878888348297839e+03,2.873594230650780e+03,1.764705882352941e+00,16873421
2.880566124696376e+03,2.877524069152362e+03,5.882352941176471e-01,16873427
2.880566124696376e+03,2.878485579741627e+03,5.882352941176471e-01,16873428
2.882330830578729e+03,2.880410230488011e+03,5.882352941176471e-01,16873431
2.882330830578729e+03,2.879040840249545e+03,5.882352941176471e-01,16873430
2.884100212983859e+03,2.881391001976881e+03,5.882352941176471e-01,16873434
2.884100212983859e+03,2.881438881982695e+03,5.882352941176471e-01,16873435
2.885864918866212e+03,2.883842341815016e+03,5.882352941176471e-01,16873437
2.885864918866212e+03,2.883038474772340e+03,5.882352941176471e-01,16873436
2.887650916905913e+03,2.875613570179945e+03,1.176470588235294e+00,16873423
2.887650916905913e+03,2.876245315250556e+03,1.176470588235294e+00,16873424
2.889415622788266e+03,2.875180271433103e+03,1.764705882352941e+00,16873422
2.889527774218606e+03,2.886220148161534e+03,5.882352941176471e-01,16873440
2.891255096290846e+03,2.887987371196932e+03,5.882352941176471e-01,16873442
2.891255096290846e+03,2.888196602779778e+03,5.882352941176471e-01,16873443
2.891255096290846e+03,2.889367825920453e+03,5.882352941176471e-01,16873444
2.895044650347352e+03,2.881179046426815e+03,1.764705882352941e+00,16873433
2.895044650347352e+03,2.880580154264709e+03,1.764705882352941e+00,16873432
2.896700439389538e+03,2.890809503126100e+03,1.176470588235294e+00,16873445
2.896767047618239e+03,2.895002341735886e+03,5.882352941176471e-01,16873447
2.898465145271891e+03,2.891775380874447e+03,1.764705882352941e+00,16873446
2.900569600225470e+03,2.898804894343117e+03,5.882352941176471e-01,16873449
2.901226736282431e+03,2.899462030400078e+03,5.882352941176471e-01,16873450
2.902360344487457e+03,2.900276499432730e+03,5.882352941176471e-01,16873451
2.902386382867091e+03,2.897092265220032e+03,1.764705882352941e+00,16873448
2.904534158595113e+03,2.902769452712760e+03,5.882352941176471e-01,16873455
2.907183064282068e+03,2.901888946635009e+03,1.764705882352941e+00,16873453
2.907654462134516e+03,2.901901892200776e+03,1.764705882352941e+00,16873454
2.909183469090645e+03,2.906878038243731e+03,5.882352941176471e-01,16873457
2.909828276242172e+03,2.904451747011311e+03,1.764705882352941e+00,16873456
2.910948174972998e+03,2.907072709474322e+03,1.176470588235294e+00,16873458
2.913708362100234e+03,2.911943656217881e+03,5.882352941176471e-01,16873461
2.914477586737704e+03,2.907744370178991e+03,1.764705882352941e+00,16873459
2.915229267769572e+03,2.909935150122513e+03,1.764705882352941e+00,16873460
2.916633525540736e+03,2.914868819658383e+03,5.882352941176471e-01,16873462
2.917831262600694e+03,2.916066556718342e+03,5.882352941176471e-01,16873464
2.918533256536090e+03,2.916768550653737e+03,5.882352941176471e-01,16873465
2.920220308322985e+03,2.914926190675927e+03,1.764705882352941e+00,16873463
2.921437557334268e+03,2.919672851451915e+03,5.882352941176471e-01,16873466
2.924618373490504e+03,2.922853667608151e+03,5.882352941176471e-01,16873469
2.925610299880850e+03,2.920316182233791e+03,1.764705882352941e+00,16873467
2.926646032816433e+03,2.921351915169375e+03,1.764705882352941e+00,16873468
2.932703199845311e+03,2.927409082198253e+03,1.764705882352941e+00,16873470
2.932706632951764e+03,2.930941927069411e+03,5.882352941176471e-01,16873471
2.935411496892668e+03,2.933646791010315e+03,5.882352941176471e-01,16873472
2.935913335903126e+03,2.934148630020773e+03,5.882352941176471e-01,16873474
2.937210994167812e+03,2.935294329457519e+03,5.882352941176471e-01,16873476
2.937210994167812e+03,2.935129435970578e+03,5.882352941176471e-01,16873475
2.939442747667832e+03,2.933716373795897e+03,1.764705882352941e+00,16873473
2.941937321944405e+03,2.940172616062052e+03,5.882352941176471e-01,16873478
2.942724302113201e+03,2.940959596230849e+03,5.882352941176471e-01,16873479
2.945369499079016e+03,2.940075381431957e+03,1.764705882352941e+00,16873477
2.949522327403850e+03,2.946308173101068e+03,5.882352941176471e-01,16873483
2.949623897286904e+03,2.944329779639845e+03,1.764705882352941e+00,16873480
2.949894760032973e+03,2.945992915639144e+03,1.176470588235294e+00,16873481
2.951337818227730e+03,2.949174354914414e+03,5.882352941176471e-01,16873485
2.951337818227730e+03,2.948394031726813e+03,5.882352941176471e-01,16873484
2.952035694448934e+03,2.950270988566581e+03,5.882352941176471e-01,16873486
2.953449802712895e+03,2.951685096830542e+03,5.882352941176471e-01,16873487
2.954546996012137e+03,2.952782290129784e+03,5.882352941176471e-01,16873488
2.955401844983694e+03,2.953637139101341e+03,5.882352941176471e-01,16873489
2.956041859851314e+03,2.954277153968961e+03,5.882352941176471e-01,16873490
2.957746556195566e+03,2.955981850313213e+03,5.882352941176471e-01,16873491
2.959028833362377e+03,2.957264127480024e+03,5.882352941176471e-01,16873492
2.959097353181501e+03,2.957332647299148e+03,5.882352941176471e-01,16873493
2.960373645959440e+03,2.958608940077087e+03,5.882352941176471e-01,16873494
2.961607363938499e+03,2.959842658056146e+03,5.882352941176471e-01,16873495
2.964030641870660e+03,2.962265935988307e+03,5.882352941176471e-01,16873496
2.966819802197615e+03,2.963290390432909e+03,1.176470588235294e+00,16873498
2.967560053635366e+03,2.965262165276687e+03,5.882352941176471e-01,16873500
2.968457702057893e+03,2.963163584410834e+03,1.764705882352941e+00,16873497
2.969329950801307e+03,2.967565244918954e+03,5.882352941176471e-01,16873501
2.970349213962321e+03,2.963650609092209e+03,1.764705882352941e+00,16873499
2.971568154068633e+03,2.969803448186280e+03,5.882352941176471e-01,16873502
2.973618008222209e+03,2.971853302339856e+03,5.882352941176471e-01,16873504
2.974476429799493e+03,2.972711723917140e+03,5.882352941176471e-01,16873505
2.976153294032690e+03,2.970859176385631e+03,1.764705882352941e+00,16873503
2.976663169590671e+03,2.974898463708318e+03,5.882352941176471e-01,16873507
2.977373523329818e+03,2.975227519998110e+03,5.882352941176471e-01,16873508
2.979138229212171e+03,2.976701283066487e+03,5.882352941176471e-01,16873511
2.979682705797396e+03,2.977418890753142e+03,5.882352941176471e-01,16873512
2.981839697064175e+03,2.980074991181822e+03,5.882352941176471e-01,16873515
2.982300094602352e+03,2.975870556638974e+03,1.176470588235294e+00,16873509
2.983604402946528e+03,2.981819170365501e+03,5.882352941176471e-01,16873516
2.984064800484705e+03,2.981914045225435e+03,5.882352941176470e-01,16873517
2.984064800484705e+03,2.973844111565112e+03,1.764705882352941e+00,16873506
2.985676040520999e+03,2.982668029246349e+03,5.882352941176471e-01,16873518
2.985676040520999e+03,2.982754713053067e+03,5.882352941176471e-01,16873519
2.985676040520999e+03,2.982821500303299e+03,5.882352941176471e-01,16873520
2.987440746403352e+03,2.979102748660451e+03,1.176470588235294e+00,16873514
2.987440746403352e+03,2.977987435144753e+03,1.176470588235294e+00,16873513
2.989526343911693e+03,2.987761638029340e+03,5.882352941176471e-01,16873522
2.991804030316898e+03,2.986509912669839e+03,1.764705882352941e+00,16873521
2.992229010461972e+03,2.990464304579619e+03,5.882352941176471e-01,16873524
2.992400642183811e+03,2.988871230419105e+03,1.176470588235294e+00,16873523
2.993568736199251e+03,2.991175581078734e+03,5.882352941176471e-01,16873525
2.993993716344325e+03,2.992052192205219e+03,5.882352941176471e-01,16873526
2.996044185171041e+03,2.994279479288688e+03,5.882352941176471e-01,16873528
2.996369480677329e+03,2.994604774794976e+03,5.882352941176471e-01,16873529
2.997572474902249e+03,2.995197810084975e+03,5.882352941176471e-01,16873530
2.998250648904685e+03,2.996485943022332e+03,5.882352941176471e-01,16873531
2.999494791552032e+03,2.996668831548882e+03,5.882352941176471e-01,16873532
2.999573596935747e+03,2.994043063137543e+03,1.764705882352941e+00,16873527
3.000138718667751e+03,2.998029093863951e+03,5.882352941176471e-01,16873535
3.002226555234255e+03,3.000461849351902e+03,5.882352941176471e-01,16873539
3.003197003898400e+03,3.001432298016047e+03,5.882352941176471e-01,16873540
3.005137530260286e+03,3.002248362445730e+03,5.882352941176471e-01,16873541
3.005225440500052e+03,2.999175556770550e+03,1.764705882352941e+00,16873538
3.005225440500052e+03,2.998497376666111e+03,1.764705882352941e+00,16873537
3.011764512687057e+03,3.004020148258605e+03,1.764705882352941e+00,16873544
3.011764512687057e+03,3.004968523923957e+03,1.764705882352941e+00,16873545
3.011764512687057e+03,3.005518802594950e+03,1.764705882352941e+00,16873546
3.015707820494809e+03,3.009415384888247e+03,1.176470588235294e+00,16873549
3.017336190462130e+03,3.014629082888741e+03,5.882352941176471e-01,16873554
3.017472526377162e+03,3.006911705412909e+03,1.764705882352941e+00,16873548
3.019100896344483e+03,3.015956900010269e+03,5.882352941176471e-01,16873556
3.020933770184352e+03,3.014359454804479e+03,1.764705882352941e+00,16873553
3.020933770184352e+03,3.013534106867361e+03,1.764705882352941e+00,16873552
3.021261533987727e+03,3.019496828105374e+03,5.882352941176471e-01,16873557
3.022698476066705e+03,3.019797899595140e+03,5.882352941176471e-01,16873558
3.025044112465469e+03,3.023279406583116e+03,5.882352941176471e-01,16873560
3.026227887831411e+03,3.019865640895107e+03,1.764705882352941e+00,16873559
3.026767127074278e+03,3.025002421191925e+03,5.882352941176471e-01,16873561
3.029532317353287e+03,3.027767611470934e+03,5.882352941176471e-01,16873564
3.031324529882128e+03,3.028504431309869e+03,5.882352941176471e-01,16873565
3.031338283205372e+03,3.026044165558313e+03,1.764705882352941e+00,16873562
3.031658348715655e+03,3.026364231068596e+03,1.764705882352941e+00,16873563
3.034379512525886e+03,3.032614806643533e+03,5.882352941176471e-01,16873569
3.034853941646834e+03,3.033059696939363e+03,5.882352941176471e-01,16873571
3.036267119831899e+03,3.033288672985232e+03,5.882352941176471e-01,16873572
3.036556057474219e+03,3.034625315373207e+03,5.882352941176471e-01,16873574
3.037325236621720e+03,3.030890192988665e+03,1.176470588235294e+00,16873568
3.039089942504072e+03,3.033026645709513e+03,1.764705882352941e+00,16873570
3.039591339200712e+03,3.037826633318359e+03,5.882352941176471e-01,16873576
3.041850175121278e+03,3.036507427853644e+03,1.764705882352941e+00,16873575
3.043308380499465e+03,3.039867934898979e+03,5.882352941176471e-01,16873579
3.046108689575077e+03,3.039831850226866e+03,1.764705882352941e+00,16873578
3.046108689575077e+03,3.039726087242653e+03,1.764705882352941e+00,16873577
3.046837792264171e+03,3.041069881233693e+03,1.764705882352941e+00,16873580
3.047873395457430e+03,3.045712144291484e+03,5.882352941176471e-01,16873582
3.047873395457430e+03,3.044469863542076e+03,5.882352941176471e-01,16873581
3.049638101339783e+03,3.047793824447445e+03,5.882352941176471e-01,16873585
3.050367204028877e+03,3.048251211131595e+03,5.882352941176471e-01,16873586
3.051402807222136e+03,3.047569481151118e+03,1.176470588235294e+00,16873584
3.053167513104489e+03,3.046550603959868e+03,1.764705882352941e+00,16873583
3.053167878016320e+03,3.050395406564497e+03,5.882352941176471e-01,16873588
3.053896615793583e+03,3.051403354589882e+03,5.882352941176471e-01,16873591
3.054932401442757e+03,3.052216912026391e+03,5.882352941176471e-01,16873592
3.055661321675936e+03,3.053252996640000e+03,5.882352941176471e-01,16873594
3.056697107325110e+03,3.054086784989173e+03,5.882352941176471e-01,16873595
3.058826273324052e+03,3.052329221376511e+03,1.764705882352941e+00,16873593
3.058826273324052e+03,3.050192494118067e+03,1.764705882352941e+00,16873587
3.058893806641000e+03,3.057129100758647e+03,5.882352941176471e-01,16873596
3.060590979206405e+03,3.058573413870908e+03,5.882352941176471e-01,16873597
3.060805610038188e+03,3.059040904155835e+03,5.882352941176471e-01,16873598
3.063018303824752e+03,3.061253597942399e+03,5.882352941176471e-01,16873600
3.063325763317460e+03,3.059796351552754e+03,1.176470588235294e+00,16873599
3.064783009707105e+03,3.062153041254565e+03,5.882352941176471e-01,16873602
3.065090469199813e+03,3.061378494171398e+03,1.176470588235294e+00,16873601
3.068619880964519e+03,3.063089770600051e+03,1.764705882352941e+00,16873603
3.070139575468663e+03,3.068337122176727e+03,5.882352941176471e-01,16873609
3.071904281351016e+03,3.070057805316285e+03,5.882352941176471e-01,16873610
3.073227735993049e+03,3.063669866559552e+03,1.764705882352941e+00,16873604
3.073668987233369e+03,3.071723267741049e+03,5.882352941176470e-01,16873611
3.073668987233369e+03,3.067076371308462e+03,1.764705882352941e+00,16873608
3.077198398998075e+03,3.073229572636281e+03,1.176470588235294e+00,16873613
3.078521853640108e+03,3.072969105527804e+03,1.764705882352941e+00,16873612
3.078592596905396e+03,3.076827891023043e+03,5.882352941176471e-01,16873614
3.080518410905688e+03,3.078753705023335e+03,5.882352941176471e-01,16873615
3.080550565719560e+03,3.078785859837207e+03,5.882352941176471e-01,16873616
3.081277484449504e+03,3.079512778567151e+03,5.882352941176471e-01,16873617
3.083052303553553e+03,3.081287597671200e+03,5.882352941176471e-01,16873619
3.083409671850388e+03,3.081644965968035e+03,5.882352941176471e-01,16873620
3.085812528552747e+03,3.079542803882075e+03,1.764705882352941e+00,16873618
3.087719917726082e+03,3.085955211843729e+03,5.882352941176471e-01,16873621
3.088259063174694e+03,3.086494357292341e+03,5.882352941176471e-01,16873623
3.089484623608435e+03,3.086499788014154e+03,5.882352941176471e-01,16873624
3.091632528331187e+03,3.086338410684128e+03,1.764705882352941e+00,16873622
3.095906227544382e+03,3.090612109897323e+03,1.764705882352941e+00,16873625
3.097309411995397e+03,3.092015294348338e+03,1.764705882352941e+00,16873626
3.097670933426735e+03,3.095415121802329e+03,5.882352941176471e-01,16873628
3.097793637780230e+03,3.092499520133171e+03,1.764705882352941e+00,16873627
3.101682156359130e+03,3.099917450476777e+03,5.882352941176471e-01,16873629
3.104051417013248e+03,3.102286711130895e+03,5.882352941176471e-01,16873630
3.105171631816586e+03,3.103406925934234e+03,5.882352941176471e-01,16873631
3.107854430227772e+03,3.106089724345419e+03,5.882352941176471e-01,16873632
3.109458217977907e+03,3.107693512095554e+03,5.882352941176471e-01,16873634
3.111011401048251e+03,3.108442663888351e+03,5.882352941176471e-01,16873636
3.112348884983969e+03,3.110085345476332e+03,5.882352941176471e-01,16873638
3.112348884983969e+03,3.109757944326157e+03,5.882352941176471e-01,16873637
3.112987629742613e+03,3.107481989283545e+03,1.764705882352941e+00,16873633
3.114113590866322e+03,3.111650094207709e+03,5.882352941176471e-01,16873639
3.114619365762086e+03,3.108392251272628e+03,1.176470588235294e+00,16873635
3.117028806074271e+03,3.114577232299022e+03,5.882352941176471e-01,16873645
3.119507435910540e+03,3.117123280337551e+03,5.882352941176471e-01,16873648
3.120207957196164e+03,3.113078395096884e+03,1.764705882352941e+00,16873641
3.120207957196164e+03,3.112481854846848e+03,1.764705882352941e+00,16873640
3.121334062625827e+03,3.119569356743474e+03,5.882352941176471e-01,16873649
3.123131748650801e+03,3.120556035479460e+03,5.882352941176471e-01,16873651
3.123675448127936e+03,3.115908834621749e+03,1.764705882352941e+00,16873647
3.124510092675726e+03,3.121728653520681e+03,5.882352941176471e-01,16873655
3.124510092675726e+03,3.121383532839758e+03,5.882352941176471e-01,16873654
3.126597268818023e+03,3.124832562935670e+03,5.882352941176471e-01,16873657
3.127204859892642e+03,3.119639618028063e+03,1.764705882352941e+00,16873650
3.128932986712174e+03,3.127168280829821e+03,5.882352941176471e-01,16873658
3.132413469698028e+03,3.130648763815675e+03,5.882352941176471e-01,16873661
3.132969477118745e+03,3.127675359471686e+03,1.764705882352941e+00,16873659
3.133501206725748e+03,3.131266198060186e+03,5.882352941176471e-01,16873662
3.136313553076545e+03,3.133661596408743e+03,5.882352941176471e-01,16873666
3.136498888883450e+03,3.129789629569689e+03,1.764705882352941e+00,16873660
3.137030618490454e+03,3.134873811978746e+03,5.882352941176471e-01,16873669
3.138201816163502e+03,3.135599868534228e+03,5.882352941176471e-01,16873671
3.138201816163502e+03,3.135417955266428e+03,5.882352941176471e-01,16873670
3.141145629091684e+03,3.133169157804051e+03,1.764705882352941e+00,16873665
3.141145629091684e+03,3.131918666234748e+03,1.764705882352941e+00,16873664
3.142910334974037e+03,3.138325877684387e+03,1.176470588235294e+00,16873673
3.143829953030147e+03,3.141444134481323e+03,5.882352941176471e-01,16873678
3.144675040856390e+03,3.142178551063031e+03,5.882352941176471e-01,16873679
3.145134849884444e+03,3.138355684577154e+03,1.176470588235294e+00,16873674
3.146439746738742e+03,3.144410989596807e+03,5.882352941176471e-01,16873680
3.146899555766797e+03,3.140405520114791e+03,1.764705882352941e+00,16873677
3.147065964801740e+03,3.144742665654146e+03,5.882352941176471e-01,16873681
3.148510991973132e+03,3.145949650175668e+03,5.882352941176471e-01,16873684
3.150275697855485e+03,3.148000366799691e+03,5.882352941176471e-01,16873687
3.152040403737838e+03,3.149898828364091e+03,5.882352941176470e-01,16873688
3.152040403737838e+03,3.145467667954330e+03,1.764705882352941e+00,16873683
3.152788379610208e+03,3.147494261963149e+03,1.764705882352941e+00,16873686
3.153805109620191e+03,3.151994720513443e+03,5.882352941176471e-01,16873691
3.153805109620191e+03,3.151820187285843e+03,5.882352941176471e-01,16873690
3.155569815502544e+03,3.153166516934244e+03,5.882352941176471e-01,16873693
3.155838184396002e+03,3.154073478513649e+03,5.882352941176471e-01,16873694
3.158082497257267e+03,3.152367686289757e+03,1.764705882352941e+00,16873692
3.158249485946211e+03,3.156484780063858e+03,5.882352941176471e-01,16873696
3.159176449427786e+03,3.156548120235863e+03,5.882352941176471e-01,16873697
3.159930697484092e+03,3.157501032580357e+03,5.882352941176471e-01,16873700
3.159930697484092e+03,3.157488965705970e+03,5.882352941176471e-01,16873699
3.160941155310139e+03,3.158880752237065e+03,5.882352941176471e-01,16873701
3.162415519649032e+03,3.160650813766679e+03,5.882352941176471e-01,16873702
3.163460109248798e+03,3.154718958581659e+03,1.764705882352941e+00,16873695
3.167348462267176e+03,3.162054344620117e+03,1.764705882352941e+00,16873703
3.167736985305630e+03,3.165972279423277e+03,5.882352941176471e-01,16873704
3.168069529262895e+03,3.166304823380542e+03,5.882352941176471e-01,16873705
3.169307429668756e+03,3.166557155062448e+03,5.882352941176471e-01,16873707
3.169307429668756e+03,3.166446573247860e+03,5.882352941176471e-01,16873706
3.169834235145248e+03,3.167858195228474e+03,5.882352941176471e-01,16873708
3.171072135551109e+03,3.168268578515823e+03,5.882352941176471e-01,16873709
3.172845151761040e+03,3.171080445878687e+03,5.882352941176471e-01,16873713
3.174317315874301e+03,3.171207860905536e+03,5.882352941176471e-01,16873714
3.176357942870588e+03,3.168880944877114e+03,1.764705882352941e+00,16873710
3.177110645582376e+03,3.171043420244267e+03,1.764705882352941e+00,16873712
3.177110645582376e+03,3.170787904109595e+03,1.764705882352941e+00,16873711
3.178122648752941e+03,3.174640091246300e+03,5.882352941176471e-01,16873715
3.178875351464729e+03,3.176645730220218e+03,5.882352941176471e-01,16873716
3.180848688893429e+03,3.179083983011076e+03,5.882352941176471e-01,16873718
3.180978175651101e+03,3.179213469768749e+03,5.882352941176471e-01,16873719
3.181376381634889e+03,3.179360053215223e+03,5.882352941176471e-01,16873720
3.184378100658135e+03,3.177846969870184e+03,1.764705882352941e+00,16873717
3.185578685325356e+03,3.183813979443003e+03,5.882352941176471e-01,16873721
3.186604777974566e+03,3.184840072092213e+03,5.882352941176471e-01,16873722
3.188385496104422e+03,3.186620790222069e+03,5.882352941176471e-01,16873723
3.188532965243911e+03,3.186768259361558e+03,5.882352941176471e-01,16873724
3.190460075866333e+03,3.186930664101627e+03,1.176470588235294e+00,16873725
3.191954704325684e+03,3.190189998443331e+03,5.882352941176471e-01,16873726
3.192105144739928e+03,3.190340438857575e+03,5.882352941176471e-01,16873727
3.193893581518174e+03,3.192128875635821e+03,5.882352941176471e-01,16873729
3.193977667203639e+03,3.192212961321286e+03,5.882352941176471e-01,16873730
3.196414929499921e+03,3.191120811852862e+03,1.764705882352941e+00,16873728
3.196530827779139e+03,3.194766121896786e+03,5.882352941176471e-01,16873732
3.198022144786089e+03,3.195184850903650e+03,5.882352941176471e-01,16873734
3.200060239543844e+03,3.194335242425198e+03,1.764705882352941e+00,16873731
3.200789848137048e+03,3.199025142254695e+03,5.882352941176471e-01,16873735
3.201551556550794e+03,3.194897851911887e+03,1.764705882352941e+00,16873733
3.203087196742460e+03,3.201322490860107e+03,5.882352941176471e-01,16873736
3.205212948534808e+03,3.203448242652455e+03,5.882352941176471e-01,16873737
3.208018587412661e+03,3.205955354937409e+03,5.882352941176471e-01,16873741
3.211603794560615e+03,3.204572868722827e+03,1.764705882352941e+00,16873739
3.211603794560615e+03,3.204489175647956e+03,1.764705882352941e+00,16873738
3.212920190380975e+03,3.206303839369802e+03,1.764705882352941e+00,16873742
3.213905092312520e+03,3.210675519830558e+03,5.882352941176471e-01,16873745
3.213905092312520e+03,3.209693391241533e+03,5.882352941176471e-01,16873744
3.216258937432373e+03,3.214494231550020e+03,5.882352941176471e-01,16873750
3.217434504077225e+03,3.215152388824485e+03,5.882352941176471e-01,16873751
3.218214308028034e+03,3.212676978299718e+03,1.764705882352941e+00,16873748
3.219199209959578e+03,3.216559714136897e+03,5.882352941176471e-01,16873752
3.219788349197079e+03,3.213309500471915e+03,1.764705882352941e+00,16873749
3.219979013910387e+03,3.217987990188894e+03,5.882352941176471e-01,16873753
3.221258485460681e+03,3.218623202757364e+03,5.882352941176471e-01,16873755
3.221258485460681e+03,3.218251839488557e+03,5.882352941176471e-01,16873754
3.223639475778563e+03,3.220110064013857e+03,1.176470588235294e+00,16873756
3.224809055895240e+03,3.221279644130534e+03,1.176470588235294e+00,16873757
3.225638369376766e+03,3.223873663494413e+03,5.882352941176471e-01,16873759
3.226732233796368e+03,3.224507785475353e+03,5.882352941176471e-01,16873761
3.228496939678721e+03,3.225902356697565e+03,5.882352941176471e-01,16873762
3.229167781141472e+03,3.223361294050437e+03,1.764705882352941e+00,16873758
3.230261645561074e+03,3.224223427426368e+03,1.176470588235294e+00,16873760
3.231479419233626e+03,3.229129709112296e+03,5.882352941176471e-01,16873765
3.232026351443427e+03,3.226118069927047e+03,1.764705882352941e+00,16873763
3.234193255775169e+03,3.232428549892817e+03,5.882352941176471e-01,16873766
3.235008830998332e+03,3.228995038373278e+03,1.764705882352941e+00,16873764
3.236109421915973e+03,3.233354407352446e+03,5.882352941176471e-01,16873768
3.238538242763038e+03,3.232655740280492e+03,1.764705882352941e+00,16873767
3.239638833680679e+03,3.236049238125084e+03,1.176470588235294e+00,16873771
3.239638833680679e+03,3.233404703085005e+03,1.764705882352941e+00,16873769
3.242123763752909e+03,3.240359057870556e+03,5.882352941176471e-01,16873772
3.244458832793320e+03,3.242694126910967e+03,5.882352941176471e-01,16873774
3.245754810968614e+03,3.243990105086261e+03,5.882352941176471e-01,16873775
3.247947192467621e+03,3.242422012151284e+03,1.764705882352941e+00,16873773
3.248712542620148e+03,3.246947836737795e+03,5.882352941176471e-01,16873777
3.249521887771101e+03,3.244227770124042e+03,1.764705882352941e+00,16873776
3.249711898349974e+03,3.247379734553546e+03,5.882352941176471e-01,16873778
3.250881921077977e+03,3.248633032875257e+03,5.882352941176471e-01,16873780
3.251789893775235e+03,3.250025187892882e+03,5.882352941176471e-01,16873781
3.252646626960330e+03,3.250731476754212e+03,5.882352941176471e-01,16873782
3.254411332842683e+03,3.248448336959149e+03,1.764705882352941e+00,16873779
3.256201508639272e+03,3.254436802756919e+03,5.882352941176471e-01,16873783
3.256553148138493e+03,3.254788442256140e+03,5.882352941176471e-01,16873784
3.257966214521625e+03,3.255110541422822e+03,5.882352941176471e-01,16873786
3.258530152039377e+03,3.255000740274671e+03,1.176470588235294e+00,16873785
3.261298258348398e+03,3.259533552466045e+03,5.882352941176471e-01,16873787
3.264091677035680e+03,3.262326971153327e+03,5.882352941176471e-01,16873789
3.266752140264257e+03,3.261458022617198e+03,1.764705882352941e+00,16873788
3.266837888513207e+03,3.264221460335212e+03,5.882352941176471e-01,16873792
3.267621088800386e+03,3.265571626673815e+03,5.882352941176471e-01,16873793
3.268559720271085e+03,3.265883222502480e+03,5.882352941176471e-01,16873794
3.269879361720746e+03,3.267061386458448e+03,5.882352941176471e-01,16873796
3.270503487356514e+03,3.268738781474161e+03,5.882352941176471e-01,16873800
3.272208506171175e+03,3.270006478199976e+03,5.882352941176471e-01,16873803
3.273973212053528e+03,3.271887142515445e+03,5.882352941176471e-01,16873807
3.275194013059617e+03,3.273429307177264e+03,5.882352941176471e-01,16873808
3.275737917935881e+03,3.273818211884986e+03,5.882352941176471e-01,16873810
3.276958718941970e+03,3.275051491110920e+03,5.882352941176471e-01,16873812
3.277843025855301e+03,3.263308476748501e+03,1.176470588235294e+00,16873790
3.279607731737654e+03,3.266507196567441e+03,1.764705882352941e+00,16873795
3.279607731737654e+03,3.263872343189679e+03,1.764705882352941e+00,16873791
3.281453864119444e+03,3.268361439357396e+03,1.176470588235294e+00,16873799
3.283218570001797e+03,3.269012798208955e+03,1.764705882352941e+00,16873801
3.284983275884150e+03,3.277965165604457e+03,1.764705882352941e+00,16873813
3.286727625141643e+03,3.284868421300796e+03,5.882352941176471e-01,16873821
3.286727625141643e+03,3.284867215616843e+03,5.882352941176471e-01,16873820
3.288512687648856e+03,3.279405362179051e+03,1.764705882352941e+00,16873814
3.290263822447969e+03,3.281853850937214e+03,1.764705882352941e+00,16873816
3.290263822447969e+03,3.280247821244567e+03,1.764705882352941e+00,16873815
3.290376461335754e+03,3.287234394224226e+03,5.882352941176471e-01,16873822
3.292066074626250e+03,3.288710823257947e+03,5.882352941176471e-01,16873824
3.292066074626250e+03,3.289786675609785e+03,5.882352941176471e-01,16873826
3.293830780508603e+03,3.288911000407710e+03,1.176470588235294e+00,16873825
3.293845969486727e+03,3.292081263604374e+03,5.882352941176471e-01,16873828
3.295595486390956e+03,3.292869048825427e+03,5.882352941176471e-01,16873830
3.295595486390956e+03,3.292602723952191e+03,5.882352941176471e-01,16873829
3.297367786762371e+03,3.294077120221831e+03,5.882352941176471e-01,16873831
3.297375381251433e+03,3.292029642693483e+03,1.764705882352941e+00,16873827
3.299132492644724e+03,3.297159611274909e+03,5.882352941176471e-01,16873836
3.300904793016139e+03,3.294255418962640e+03,1.764705882352941e+00,16873832
3.301007935620827e+03,3.299243229738474e+03,5.882352941176471e-01,16873837
3.302661904409430e+03,3.295810674992012e+03,1.764705882352941e+00,16873835
3.302721070200836e+03,3.299921684284157e+03,5.882352941176471e-01,16873839
3.304426610291783e+03,3.301491351834349e+03,5.882352941176471e-01,16873840
3.304485776083189e+03,3.299770441971128e+03,1.176470588235294e+00,16873838
3.311472472616310e+03,3.309707766733957e+03,5.882352941176471e-01,16873843
3.312937399057939e+03,3.310012182345196e+03,5.882352941176471e-01,16873845
3.314702104940292e+03,3.311948537668355e+03,5.882352941176471e-01,16873848
3.315069408976643e+03,3.313068830954247e+03,5.882352941176471e-01,16873850
3.316650462840821e+03,3.313313613936806e+03,5.882352941176471e-01,16873851
3.316650462840821e+03,3.313583180584185e+03,5.882352941176471e-01,16873852
3.320146112307713e+03,3.309411651857819e+03,1.764705882352941e+00,16873842
3.320146112307713e+03,3.309400658164062e+03,1.764705882352941e+00,16873841
3.323242788176284e+03,3.309962989767324e+03,1.764705882352941e+00,16873844
3.323242788176284e+03,3.311539997211937e+03,1.764705882352941e+00,16873847
3.323242788176284e+03,3.312465195983930e+03,1.764705882352941e+00,16873849
3.325007494058637e+03,3.320690279704276e+03,5.882352941176471e-01,16873856
3.325007494058637e+03,3.321640317618820e+03,5.882352941176471e-01,16873858
3.326772199940990e+03,3.323575140239775e+03,5.882352941176471e-01,16873860
3.328536905823343e+03,3.326017091466677e+03,5.882352941176471e-01,16873862
3.328536905823343e+03,3.326274085945918e+03,5.882352941176471e-01,16873863
3.330301611705696e+03,3.328232224248683e+03,5.882352941176471e-01,16873865
3.333125141117460e+03,3.316872562919977e+03,1.764705882352941e+00,16873855
3.333125141117460e+03,3.321158426584182e+03,1.764705882352941e+00,16873857
3.333125141117460e+03,3.323535154720867e+03,1.764705882352941e+00,16873859
3.338419258764519e+03,3.332297377212244e+03,1.764705882352941e+00,16873866
3.338419258764519e+03,3.332597709178732e+03,1.764705882352941e+00,16873867
3.338419258764519e+03,3.332823939565921e+03,1.764705882352941e+00,16873868
3.340183964646872e+03,3.335572101734793e+03,5.882352941176471e-01,16873869
3.340183964646872e+03,3.335588888643208e+03,5.882352941176471e-01,16873870
3.340183964646872e+03,3.337657594560234e+03,5.882352941176471e-01,16873871
3.341986435431906e+03,3.338724640997467e+03,5.882352941176471e-01,16873872
3.341986435431906e+03,3.339045623034051e+03,5.882352941176471e-01,16873873
3.341986435431906e+03,3.339208099532931e+03,5.882352941176471e-01,16873874
3.343751141314259e+03,3.340335024257596e+03,5.882352941176471e-01,16873876
3.343930922225697e+03,3.342166216343344e+03,5.882352941176471e-01,16873878
3.346448587832637e+03,3.344683881950284e+03,5.882352941176471e-01,16873880
3.347280553078965e+03,3.341914258650805e+03,1.764705882352941e+00,16873877
3.349977999597343e+03,3.344105174182963e+03,1.764705882352941e+00,16873879
3.351163997712375e+03,3.344791634298532e+03,1.764705882352941e+00,16873881
3.352735541174893e+03,3.347441423527834e+03,1.764705882352941e+00,16873882
3.352928703594728e+03,3.350771788970887e+03,5.882352941176471e-01,16873884
3.354500247057246e+03,3.352680508331872e+03,5.882352941176471e-01,16873885
3.355272117244402e+03,3.349419293800368e+03,1.764705882352941e+00,16873883
3.355670465346986e+03,3.353905759464633e+03,5.882352941176471e-01,16873886
3.356264952939599e+03,3.354377897111162e+03,5.882352941176471e-01,16873887
3.360376915191556e+03,3.358612209309203e+03,5.882352941176471e-01,16873889
3.361681619106456e+03,3.359916913224103e+03,5.882352941176471e-01,16873890
3.362223790617393e+03,3.356929672970335e+03,1.764705882352941e+00,16873888
3.363717410744278e+03,3.361120344652561e+03,5.882352941176471e-01,16873893
3.364465319540609e+03,3.360935907775903e+03,1.176470588235294e+00,16873891
3.365499672570761e+03,3.363734966688408e+03,5.882352941176471e-01,16873895
3.366230025422962e+03,3.364318518837873e+03,5.882352941176471e-01,16873896
3.367255600481049e+03,3.365356047908420e+03,5.882352941176471e-01,16873898
3.369741881243538e+03,3.361064543474675e+03,1.764705882352941e+00,16873892
3.370785012245755e+03,3.365035233746809e+03,1.764705882352941e+00,16873897
3.370785012245755e+03,3.363518915718251e+03,1.764705882352941e+00,16873894
3.371530948626885e+03,3.368480285710269e+03,5.882352941176471e-01,16873899
3.372613261928079e+03,3.369790604245525e+03,5.882352941176471e-01,16873901
3.373836811159835e+03,3.371462487830333e+03,5.882352941176471e-01,16873905
3.376142673692785e+03,3.369998487737469e+03,1.764705882352941e+00,16873902
3.377366222924541e+03,3.370975643645669e+03,1.764705882352941e+00,16873904
3.377907379575138e+03,3.375338162197359e+03,5.882352941176471e-01,16873907
3.381434918836105e+03,3.374468183720844e+03,1.764705882352941e+00,16873906
3.381528879753995e+03,3.376234762106936e+03,1.764705882352941e+00,16873908
3.382804019978840e+03,3.379182034462284e+03,5.882352941176471e-01,16873911
3.385695861631124e+03,3.378586382807331e+03,1.764705882352941e+00,16873910
3.385695861631124e+03,3.376251113222135e+03,1.764705882352941e+00,16873909
3.386729036483164e+03,3.381087207232234e+03,1.764705882352941e+00,16873915
3.387460567513476e+03,3.383462416108642e+03,5.882352941176471e-01,16873917
3.387460567513476e+03,3.383389518198300e+03,5.882352941176471e-01,16873916
3.390012180548427e+03,3.388247474666074e+03,5.882352941176471e-01,16873918
3.391110796100931e+03,3.389346090218578e+03,5.882352941176471e-01,16873919
3.392635620898301e+03,3.390870915015948e+03,5.882352941176471e-01,16873920
3.396334897566975e+03,3.394570191684622e+03,5.882352941176471e-01,16873923
3.397399502593677e+03,3.395634796711324e+03,5.882352941176471e-01,16873924
3.397697997599092e+03,3.392403879952034e+03,1.764705882352941e+00,16873921
3.400816443658284e+03,3.393757620128872e+03,1.764705882352941e+00,16873922
3.401629015214034e+03,3.395676587721284e+03,1.764705882352941e+00,16873925
3.404169633716072e+03,3.401868496451560e+03,5.882352941176471e-01,16873929
3.405158426978740e+03,3.398699294362095e+03,1.764705882352941e+00,16873926
3.406091796230775e+03,3.403364944891646e+03,5.882352941176471e-01,16873930
3.406414348127389e+03,3.399636764946173e+03,1.764705882352941e+00,16873927
3.406923132861093e+03,3.404366454506509e+03,5.882352941176471e-01,16873935
3.407856502113128e+03,3.405745788838892e+03,5.882352941176471e-01,16873936
3.408179054009742e+03,3.406363885817950e+03,5.882352941176471e-01,16873937
3.410798258242753e+03,3.409033552360400e+03,5.882352941176471e-01,16873938
3.414926430052008e+03,3.413161724169655e+03,5.882352941176471e-01,16873941
3.416098381808413e+03,3.410804264161354e+03,1.764705882352941e+00,16873939
3.418063036059054e+03,3.416298330176701e+03,5.882352941176471e-01,16873942
3.418151839906131e+03,3.412857722259072e+03,1.764705882352941e+00,16873940
3.422502575608835e+03,3.420737869726482e+03,5.882352941176471e-01,16873943
3.422947210160171e+03,3.421182504277818e+03,5.882352941176471e-01,16873944
3.427588584844383e+03,3.424059173079677e+03,1.176470588235294e+00,16873947
3.427713521960936e+03,3.422419404313877e+03,1.764705882352941e+00,16873945
3.427951539914158e+03,3.422657422267099e+03,1.764705882352941e+00,16873946
3.429436582137771e+03,3.426883640690231e+03,5.882352941176471e-01,16873949
3.431279804268791e+03,3.429515098386438e+03,5.882352941176471e-01,16873952
3.432965993902477e+03,3.426757761735984e+03,1.764705882352941e+00,16873948
3.433178608424526e+03,3.430283324369415e+03,5.882352941176471e-01,16873953
3.433245657561216e+03,3.427852461047983e+03,1.764705882352941e+00,16873951
3.434872442799529e+03,3.432093722287875e+03,5.882352941176471e-01,16873956
3.436637148681882e+03,3.434288516054995e+03,5.882352941176471e-01,16873960
3.439660811850681e+03,3.433860945607715e+03,1.764705882352941e+00,16873959
3.439660811850681e+03,3.432455784947157e+03,1.764705882352941e+00,16873957
3.440166560446588e+03,3.434548854313117e+03,1.764705882352941e+00,16873961
3.443196160911190e+03,3.441363922299422e+03,5.882352941176471e-01,16873966
3.443199734553509e+03,3.441435028671156e+03,5.882352941176471e-01,16873967
3.445904704554480e+03,3.436970653541219e+03,1.764705882352941e+00,16873962
3.446727359497056e+03,3.444476254485168e+03,5.882352941176471e-01,16873970
3.447040713156465e+03,3.445276007274112e+03,5.882352941176471e-01,16873971
3.448080737908121e+03,3.445383705468879e+03,5.882352941176471e-01,16873972
3.449845443790474e+03,3.448066999336794e+03,5.882352941176471e-01,16873975
3.451013540244216e+03,3.439678623738092e+03,1.764705882352941e+00,16873965
3.453374855555180e+03,3.451593827424217e+03,5.882352941176471e-01,16873978
3.454833095598922e+03,3.445406023557927e+03,1.764705882352941e+00,16873973
3.455343086942322e+03,3.449338571535732e+03,1.764705882352941e+00,16873976
3.456597801481275e+03,3.453845141569362e+03,5.882352941176471e-01,16873985
3.458600542576596e+03,3.456220942079080e+03,5.882352941176471e-01,16873987
3.458838577789563e+03,3.452017200682405e+03,1.764705882352941e+00,16873979
3.459312781687509e+03,3.455783369922803e+03,1.176470588235294e+00,16873986
3.462286970912687e+03,3.460522265030334e+03,5.882352941176471e-01,16873989
3.462506301186653e+03,3.460741595304300e+03,5.882352941176471e-01,16873990
3.462769167273685e+03,3.461004461391332e+03,5.882352941176471e-01,16873991
3.465382497953495e+03,3.463617792071142e+03,5.882352941176471e-01,16873992
3.465629121162585e+03,3.463864415280232e+03,5.882352941176471e-01,16873993
3.467953242721023e+03,3.466188536838670e+03,5.882352941176471e-01,16873995
3.469656605074853e+03,3.466127193310147e+03,1.176470588235294e+00,16873994
3.471665351890100e+03,3.469900646007747e+03,5.882352941176471e-01,16873997
3.472689776195109e+03,3.470925070312756e+03,5.882352941176471e-01,16873998
3.473261370756996e+03,3.467967253109937e+03,1.764705882352941e+00,16873996
3.473866219416026e+03,3.472101513533673e+03,5.882352941176471e-01,16873999
3.474454482077462e+03,3.472386498382046e+03,5.882352941176471e-01,16874000
3.475048891429217e+03,3.472930949521978e+03,5.882352941176471e-01,16874001
3.476813597311569e+03,3.474718098914364e+03,5.882352941176471e-01,16874006
3.477573753301498e+03,3.475143368812774e+03,5.882352941176471e-01,16874007
3.478683279808545e+03,3.476918573926192e+03,5.882352941176471e-01,16874009
3.480825622206407e+03,3.474222463657559e+03,1.176470588235294e+00,16874005
3.480825622206407e+03,3.473307000336732e+03,1.176470588235294e+00,16874003
3.482590328088760e+03,3.480591443007883e+03,5.882352941176471e-01,16874012
3.483456697959331e+03,3.481691992076978e+03,5.882352941176471e-01,16874013
3.483771550254690e+03,3.476004281698900e+03,1.764705882352941e+00,16874008
3.485378829989363e+03,3.483002703673902e+03,5.882352941176471e-01,16874018
3.485378829989363e+03,3.482984943117088e+03,5.882352941176471e-01,16874017
3.488005637917391e+03,3.486240932035038e+03,5.882352941176471e-01,16874020
3.488147522421371e+03,3.481718649223229e+03,1.764705882352941e+00,16874014
3.490672947636422e+03,3.485242943017878e+03,1.764705882352941e+00,16874019
3.497642917342390e+03,3.495878211460037e+03,5.882352941176471e-01,16874021
3.499386849808553e+03,3.497622143926200e+03,5.882352941176471e-01,16874023
3.501047455936296e+03,3.497518044171590e+03,1.176470588235294e+00,16874022
3.503067320866698e+03,3.500892658650995e+03,5.882352941176471e-01,16874026
3.503067320866698e+03,3.501034068596133e+03,5.882352941176471e-01,16874027
3.503502010578524e+03,3.498207892931465e+03,1.764705882352941e+00,16874024
3.504832026749051e+03,3.499793068150041e+03,1.176470588235294e+00,16874025
3.504832026749051e+03,3.501797629702063e+03,5.882352941176471e-01,16874028
3.506596732631404e+03,3.504561126398463e+03,5.882352941176471e-01,16874030
3.507872337116067e+03,3.505069352888082e+03,5.882352941176471e-01,16874033
3.507872337116067e+03,3.504972775331218e+03,5.882352941176471e-01,16874032
3.509968796886042e+03,3.506981930103729e+03,5.882352941176471e-01,16874035
3.510300550773665e+03,3.503853823953671e+03,1.764705882352941e+00,16874029
3.511733502768395e+03,3.509082352083591e+03,5.882352941176471e-01,16874038
3.513498208650748e+03,3.506945545386514e+03,1.764705882352941e+00,16874034
3.516211441568730e+03,3.512682029804024e+03,1.176470588235294e+00,16874039
3.516270462855369e+03,3.514505756973016e+03,5.882352941176471e-01,16874040
3.520390879975992e+03,3.515096762328933e+03,1.764705882352941e+00,16874041
3.521606913963537e+03,3.518731264937175e+03,5.882352941176471e-01,16874044
3.524528308734470e+03,3.518186760364606e+03,1.764705882352941e+00,16874043
3.524528308734470e+03,3.517858985867280e+03,1.764705882352941e+00,16874042
3.525136325728242e+03,3.519149172182538e+03,1.764705882352941e+00,16874045
3.526597023113709e+03,3.523042147963177e+03,5.882352941176471e-01,16874048
3.526597023113709e+03,3.523168153150313e+03,5.882352941176471e-01,16874049
3.528361728996062e+03,3.522715716010861e+03,1.176470588235294e+00,16874047
3.528361728996062e+03,3.525485298224589e+03,5.882352941176471e-01,16874052
3.528361728996062e+03,3.525458152106748e+03,5.882352941176471e-01,16874051
3.531995983759001e+03,3.530231277876648e+03,5.882352941176471e-01,16874055
3.533106127229241e+03,3.530542585958931e+03,5.882352941176471e-01,16874056
3.533413326638324e+03,3.531571541556358e+03,5.882352941176471e-01,16874057
3.534295102884667e+03,3.529576715464535e+03,1.176470588235294e+00,16874053
3.534870833111594e+03,3.533064810245627e+03,5.882352941176471e-01,16874058
3.535616361480909e+03,3.533851655598556e+03,5.882352941176471e-01,16874059
3.539405611070485e+03,3.537640905188132e+03,5.882352941176471e-01,16874060
3.539760356119972e+03,3.537995650237619e+03,5.882352941176471e-01,16874061
3.539882077279782e+03,3.538117371397429e+03,5.882352941176471e-01,16874062
3.541347689477581e+03,3.538274844382992e+03,5.882352941176471e-01,16874063
3.542992678342993e+03,3.541227972460640e+03,5.882352941176471e-01,16874065
3.543310788693687e+03,3.541546082811334e+03,5.882352941176471e-01,16874066
3.544877101242287e+03,3.538959797376646e+03,1.764705882352941e+00,16874064
3.547298778656615e+03,3.545534072774262e+03,5.882352941176471e-01,16874069
3.548286795990052e+03,3.541756315224524e+03,1.764705882352941e+00,16874067
3.548604906340745e+03,3.543114976254564e+03,1.764705882352941e+00,16874068
3.552585982564624e+03,3.550821276682271e+03,5.882352941176471e-01,16874072
3.552592896303674e+03,3.546810375310606e+03,1.764705882352941e+00,16874070
3.554132235059542e+03,3.551629835472928e+03,5.882352941176471e-01,16874073
3.555896940941895e+03,3.553016901144553e+03,5.882352941176471e-01,16874076
3.556122308068380e+03,3.550575929062939e+03,1.764705882352941e+00,16874071
3.557661646824248e+03,3.554882671203839e+03,5.882352941176471e-01,16874077
3.557880100211683e+03,3.552394423409086e+03,1.764705882352941e+00,16874075
3.560127521989495e+03,3.558362816107142e+03,5.882352941176471e-01,16874078
3.560145862921828e+03,3.558381157039475e+03,5.882352941176471e-01,16874079
3.561244630719211e+03,3.559479924836858e+03,5.882352941176471e-01,16874080
3.562573198737155e+03,3.560808492854802e+03,5.882352941176471e-01,16874081
3.562694829854783e+03,3.560930123972430e+03,5.882352941176471e-01,16874082
3.564516008688952e+03,3.562751302806599e+03,5.882352941176471e-01,16874084
3.565123115175704e+03,3.563358409293351e+03,5.882352941176471e-01,16874085
3.566590411960343e+03,3.564825706077990e+03,5.882352941176471e-01,16874086
3.567161409818921e+03,3.561867292171862e+03,1.764705882352941e+00,16874083
3.567335602544938e+03,3.565570896662586e+03,5.882352941176471e-01,16874087
3.568355117842696e+03,3.565943061198210e+03,5.882352941176471e-01,16874088
3.569255179809112e+03,3.567490473926759e+03,5.882352941176471e-01,16874089
3.570119823725049e+03,3.568194524017570e+03,5.882352941176471e-01,16874091
3.571412905121971e+03,3.569648199239619e+03,5.882352941176471e-01,16874092
3.572906482709360e+03,3.567612365062301e+03,1.764705882352941e+00,16874090
3.574348399661822e+03,3.572583693779469e+03,5.882352941176471e-01,16874093
3.574439839465499e+03,3.572675133583146e+03,5.882352941176471e-01,16874094
3.576111558121231e+03,3.574346852238878e+03,5.882352941176471e-01,16874095
3.578489006989620e+03,3.576724301107267e+03,5.882352941176471e-01,16874097
3.580282659351955e+03,3.578517953469602e+03,5.882352941176471e-01,16874098
3.581099297618902e+03,3.575805179971843e+03,1.764705882352941e+00,16874096
3.582146423712512e+03,3.579785298202090e+03,5.882352941176471e-01,16874101
3.582146423712512e+03,3.579331081502745e+03,5.882352941176471e-01,16874100
3.582864003501255e+03,3.580720191594761e+03,5.882352941176471e-01,16874102
3.584175357420022e+03,3.582410651537669e+03,5.882352941176471e-01,16874103
3.584628709383607e+03,3.582691101013281e+03,5.882352941176471e-01,16874104
3.585675835477218e+03,3.578716070426010e+03,1.764705882352941e+00,16874099
3.586242297944765e+03,3.583593633525281e+03,5.882352941176471e-01,16874106
3.586242297944765e+03,3.583310970075366e+03,5.882352941176471e-01,16874105
3.587579127344560e+03,3.584799080147342e+03,5.882352941176471e-01,16874108
3.588007003827118e+03,3.585953007447196e+03,5.882352941176471e-01,16874110
3.588777471203084e+03,3.587012765320731e+03,5.882352941176471e-01,16874111
3.589343833226913e+03,3.587513775881397e+03,5.882352941176471e-01,16874112
3.590949880588568e+03,3.589185174706215e+03,5.882352941176471e-01,16874113
3.592447422227422e+03,3.590682716345069e+03,5.882352941176471e-01,16874114
3.593161458064748e+03,3.591396752182395e+03,5.882352941176471e-01,16874115
3.596585514116024e+03,3.594820808233671e+03,5.882352941176471e-01,16874117
3.597181638887047e+03,3.591887521239988e+03,1.764705882352941e+00,16874116
3.597769296680568e+03,3.596004590798215e+03,5.882352941176471e-01,16874118
3.598350219998377e+03,3.596220257123388e+03,5.882352941176471e-01,16874119
3.599419026526260e+03,3.597654320643907e+03,5.882352941176471e-01,16874120
3.599961511686193e+03,3.598196805803840e+03,5.882352941176471e-01,16874121
3.600277401250322e+03,3.598512695367969e+03,5.882352941176471e-01,16874122
3.601341378400539e+03,3.599576672518186e+03,5.882352941176471e-01,16874123
3.604266755386034e+03,3.602502049503681e+03,5.882352941176471e-01,16874124
3.604485435446808e+03,3.602720729564455e+03,5.882352941176471e-01,16874125
3.606031461268387e+03,3.603725146908150e+03,5.882352941176471e-01,16874127
3.606418641568629e+03,3.604653935686276e+03,5.882352941176471e-01,16874128
3.608183347450982e+03,3.606115877346814e+03,5.882352941176471e-01,16874131
3.609615797051747e+03,3.606840729393147e+03,5.882352941176471e-01,16874133
3.611657835197034e+03,3.603171423777707e+03,1.764705882352941e+00,16874126
3.612761790274126e+03,3.606086385287041e+03,1.764705882352941e+00,16874130
3.612761790274126e+03,3.604801293850581e+03,1.764705882352941e+00,16874129
3.613974518617933e+03,3.611640795352446e+03,5.882352941176471e-01,16874135
3.615852828899613e+03,3.614088123017260e+03,5.882352941176471e-01,16874137
3.617503930382639e+03,3.610931360857148e+03,1.764705882352941e+00,16874134
3.617508753294360e+03,3.613979341529654e+03,1.176470588235294e+00,16874136
3.620320719196024e+03,3.616791307431318e+03,1.176470588235294e+00,16874138
3.620383275734570e+03,3.618618569852217e+03,5.882352941176471e-01,16874139
3.620620017156887e+03,3.618855311274534e+03,5.882352941176471e-01,16874140
3.622116703347650e+03,3.620195877206844e+03,5.882352941176471e-01,16874142
3.622116703347650e+03,3.620002160118163e+03,5.882352941176471e-01,16874141
3.622787137935262e+03,3.621022432052909e+03,5.882352941176471e-01,16874143
3.625629116510411e+03,3.623864410628058e+03,5.882352941176471e-01,16874144
3.626845262327968e+03,3.625080556445615e+03,5.882352941176471e-01,16874145
3.628204586271135e+03,3.625594460329342e+03,5.882352941176471e-01,16874148
3.629969292153488e+03,3.625416429386921e+03,1.176470588235294e+00,16874147
3.630485228068418e+03,3.625191110421360e+03,1.764705882352941e+00,16874146
3.631688211083658e+03,3.629923505201305e+03,5.882352941176471e-01,16874150
3.632571842303431e+03,3.630807136421078e+03,5.882352941176471e-01,16874151
3.636040871220028e+03,3.634276165337675e+03,5.882352941176471e-01,16874152
3.636334104919836e+03,3.634569399037483e+03,5.882352941176471e-01,16874153
3.636837777464039e+03,3.635073071581686e+03,5.882352941176471e-01,16874154
3.638758652833464e+03,3.636993946951111e+03,5.882352941176471e-01,16874156
3.639631035213951e+03,3.636101623449246e+03,1.176470588235294e+00,16874155
3.639786838820306e+03,3.638022132937953e+03,5.882352941176471e-01,16874157
3.642155711079335e+03,3.640391005196982e+03,5.882352941176471e-01,16874159
3.642857026578657e+03,3.641092320696304e+03,5.882352941176471e-01,16874160
3.643797249723422e+03,3.640267837958716e+03,1.176470588235294e+00,16874158
3.647817589140827e+03,3.646052883258475e+03,5.882352941176471e-01,16874161
3.648984233705900e+03,3.647219527823547e+03,5.882352941176471e-01,16874162
3.649061849238415e+03,3.647297143356062e+03,5.882352941176471e-01,16874163
3.649618271702574e+03,3.647853565820221e+03,5.882352941176471e-01,16874164
3.652221726827526e+03,3.650457020945173e+03,5.882352941176471e-01,16874167
3.654138186220942e+03,3.652148591043198e+03,5.882352941176471e-01,16874172
3.654138186220942e+03,3.651922951537488e+03,5.882352941176471e-01,16874171
3.655294955937748e+03,3.652956023634254e+03,5.882352941176471e-01,16874173
3.655902892103294e+03,3.653767946882958e+03,5.882352941176471e-01,16874174
3.659280319826614e+03,3.648995822084945e+03,1.764705882352941e+00,16874165
3.659280319826614e+03,3.649843430926243e+03,1.764705882352941e+00,16874166
3.659280319826614e+03,3.650463461907247e+03,1.764705882352941e+00,16874168
3.661045025708967e+03,3.653803343202613e+03,1.176470588235294e+00,16874175
3.663692084532496e+03,3.656138244755837e+03,1.176470588235294e+00,16874176
3.665015613944261e+03,3.660735351847355e+03,1.176470588235294e+00,16874179
3.665456790414849e+03,3.657559004304491e+03,1.764705882352941e+00,16874177
3.666780319826614e+03,3.660157289277752e+03,1.764705882352941e+00,16874178
3.670170811185104e+03,3.668406105302751e+03,5.882352941176471e-01,16874182
3.670309731591320e+03,3.663708627870891e+03,1.764705882352941e+00,16874180
3.672266751538757e+03,3.666972633891698e+03,1.764705882352941e+00,16874181
3.673865840185460e+03,3.671664906757617e+03,5.882352941176471e-01,16874186
3.675297925677609e+03,3.672869078580846e+03,5.882352941176471e-01,16874188
3.675297925677609e+03,3.672443868589790e+03,5.882352941176471e-01,16874187
3.679159912261679e+03,3.671435893522699e+03,1.764705882352941e+00,16874184
3.679159912261679e+03,3.670020360377391e+03,1.764705882352941e+00,16874183
3.680758330734350e+03,3.674198323863144e+03,1.764705882352941e+00,16874189
3.682606180321544e+03,3.679664455336512e+03,5.882352941176471e-01,16874194
3.682606180321544e+03,3.679536058321055e+03,5.882352941176471e-01,16874193
3.685294810997493e+03,3.678075346665750e+03,1.764705882352941e+00,16874192
3.685294810997493e+03,3.677443538162383e+03,1.764705882352941e+00,16874191
3.687105137081845e+03,3.685340431199492e+03,5.882352941176471e-01,16874197
3.688824222762199e+03,3.683513063474930e+03,1.764705882352941e+00,16874195
3.688869842964198e+03,3.687089446258067e+03,5.882352941176471e-01,16874199
3.690583248097815e+03,3.687208986511294e+03,5.882352941176471e-01,16874201
3.690736170525543e+03,3.688971464643190e+03,5.882352941176471e-01,16874203
3.692347953980168e+03,3.690168242548391e+03,5.882352941176471e-01,16874204
3.692373604354536e+03,3.684797839530768e+03,1.176470588235294e+00,16874196
3.694129760112100e+03,3.691064337817125e+03,5.882352941176471e-01,16874205
3.694138310236889e+03,3.686383099660826e+03,1.764705882352941e+00,16874198
3.695894465994453e+03,3.692825086817345e+03,5.882352941176471e-01,16874209
3.695894465994453e+03,3.692770600753069e+03,5.882352941176471e-01,16874208
3.696781093998024e+03,3.691486741347565e+03,1.176470588235294e+00,16874206
3.698545799880377e+03,3.687166695611611e+03,1.764705882352941e+00,16874200
3.699733822409637e+03,3.697969116527284e+03,5.882352941176471e-01,16874210
3.699821394439071e+03,3.698056688556719e+03,5.882352941176471e-01,16874211
3.706160387670248e+03,3.704395681787895e+03,5.882352941176471e-01,16874213
3.707926277833088e+03,3.702632160186030e+03,1.764705882352941e+00,16874212
3.709231025483450e+03,3.707466319601097e+03,5.882352941176471e-01,16874214
3.709580884688467e+03,3.707816178806114e+03,5.882352941176471e-01,16874215
3.710168996766217e+03,3.708404290883864e+03,5.882352941176471e-01,16874216
3.713208731258841e+03,3.711444025376488e+03,5.882352941176471e-01,16874218
3.714257815113062e+03,3.712493109230709e+03,5.882352941176471e-01,16874219
3.714525143130509e+03,3.708530128808745e+03,1.764705882352941e+00,16874217
3.714973437141193e+03,3.713147721939870e+03,5.882352941176471e-01,16874220
3.716156185004138e+03,3.714243826235796e+03,5.882352941176471e-01,16874222
3.717920890886491e+03,3.713354468852776e+03,1.176470588235294e+00,16874221
3.717920890886491e+03,3.715243866597564e+03,5.882352941176471e-01,16874224
3.720267554788252e+03,3.714803883481769e+03,1.764705882352941e+00,16874223
3.721450302651197e+03,3.718967257443120e+03,5.882352941176471e-01,16874227
3.723215008533550e+03,3.720679489320208e+03,5.882352941176471e-01,16874228
3.723671905722922e+03,3.718252727245827e+03,1.764705882352941e+00,16874226
3.723671905722922e+03,3.717487137239001e+03,1.764705882352941e+00,16874225
3.725284312542151e+03,3.722568129041724e+03,5.882352941176471e-01,16874230
3.725284312542151e+03,3.723172457923040e+03,5.882352941176471e-01,16874231
3.727049018424504e+03,3.724500392213167e+03,5.882352941176471e-01,16874232
3.728813724306857e+03,3.721613983503036e+03,1.764705882352941e+00,16874229
3.729307538242613e+03,3.727542832360260e+03,5.882352941176471e-01,16874234
3.731651043568133e+03,3.729886337685780e+03,5.882352941176471e-01,16874235
3.732641304320260e+03,3.727347186673202e+03,1.764705882352941e+00,16874233
3.733680488791817e+03,3.731915782909464e+03,5.882352941176471e-01,16874236
3.734238132108127e+03,3.732473426225775e+03,5.882352941176471e-01,16874237
3.735677765506064e+03,3.733913059623711e+03,5.882352941176471e-01,16874238
3.737047968288197e+03,3.735283262405844e+03,5.882352941176471e-01,16874239
3.740193208536731e+03,3.736663796772025e+03,1.176470588235294e+00,16874240
3.740201600159586e+03,3.738436894277233e+03,5.882352941176471e-01,16874242
3.743296922179764e+03,3.740755624711099e+03,5.882352941176471e-01,16874247
3.744271556346456e+03,3.742506850464104e+03,5.882352941176471e-01,16874248
3.745412760087065e+03,3.737572910599604e+03,1.176470588235294e+00,16874241
3.747177465969418e+03,3.739454996668443e+03,1.764705882352941e+00,16874244
3.747177465969418e+03,3.739228099831856e+03,1.764705882352941e+00,16874243
3.748942171851771e+03,3.745876724187970e+03,5.882352941176471e-01,16874249
3.748942171851771e+03,3.740647233225516e+03,1.764705882352941e+00,16874246
3.750706877734124e+03,3.745991907277388e+03,1.176470588235294e+00,16874250
3.752777247220088e+03,3.749247835455382e+03,1.176470588235294e+00,16874251
3.755281853483771e+03,3.749987735836712e+03,1.764705882352941e+00,16874252
3.757307878568415e+03,3.755543172686062e+03,5.882352941176471e-01,16874253
3.760306063342364e+03,3.758541357460011e+03,5.882352941176471e-01,16874254
3.761225635904485e+03,3.759460930022132e+03,5.882352941176471e-01,16874256
3.762070769224717e+03,3.760217895154809e+03,5.882352941176471e-01,16874257
3.764161522830203e+03,3.761751435159505e+03,5.882352941176471e-01,16874262
3.764161522830203e+03,3.761320492907227e+03,5.882352941176471e-01,16874261
3.766139879826009e+03,3.760865453627081e+03,1.176470588235294e+00,16874259
3.767904585708362e+03,3.760681818303452e+03,1.764705882352941e+00,16874258
3.767904585708362e+03,3.759030429044711e+03,1.764705882352941e+00,16874255
3.769081056296597e+03,3.764918800455704e+03,5.882352941176471e-01,16874265
3.769081056296597e+03,3.765432199176679e+03,5.882352941176471e-01,16874267
3.770845762178950e+03,3.763079749572010e+03,1.176470588235294e+00,16874264
3.770845762178950e+03,3.764989570515554e+03,1.176470588235294e+00,16874266
3.770845762178950e+03,3.768463945001173e+03,5.882352941176471e-01,16874268
3.772610468061303e+03,3.770093800952132e+03,5.882352941176471e-01,16874269
3.774086989899142e+03,3.772322284016789e+03,5.882352941176471e-01,16874270
3.776896533111322e+03,3.774546823343191e+03,5.882352941176471e-01,16874276
3.777857696597299e+03,3.775258845252741e+03,5.882352941176471e-01,16874279
3.781033553977794e+03,3.772712694580358e+03,1.764705882352941e+00,16874271
3.781387108362005e+03,3.775174008103246e+03,1.764705882352941e+00,16874278
3.782798259860147e+03,3.779702003675052e+03,5.882352941176471e-01,16874283
3.783171714543208e+03,3.781176937369607e+03,5.882352941176471e-01,16874285
3.784811935531207e+03,3.782072207147659e+03,5.882352941176471e-01,16874286
3.784811935531207e+03,3.782428464666224e+03,5.882352941176471e-01,16874287
3.786576641413560e+03,3.783524002593726e+03,5.882352941176471e-01,16874290
3.788341347295913e+03,3.786410358946234e+03,5.882352941176471e-01,16874293
3.788341347295913e+03,3.785965874370371e+03,5.882352941176471e-01,16874292
3.792105702879263e+03,3.778925849073144e+03,1.764705882352941e+00,16874281
3.792105702879263e+03,3.777706678580343e+03,1.764705882352941e+00,16874280
3.794572694142857e+03,3.792807988260504e+03,5.882352941176471e-01,16874297
3.794608843030074e+03,3.787382298833304e+03,1.764705882352941e+00,16874294
3.796355474468819e+03,3.794411347983799e+03,5.882352941176471e-01,16874300
3.796355474468819e+03,3.794039232718794e+03,5.882352941176471e-01,16874299
3.799837594964311e+03,3.793585659570495e+03,1.764705882352941e+00,16874298
3.799837594964311e+03,3.791247151932727e+03,1.764705882352941e+00,16874296
3.801023814829454e+03,3.795729697182395e+03,1.764705882352941e+00,16874301
3.801602300846664e+03,3.798532528743330e+03,5.882352941176471e-01,16874302
3.803573175475675e+03,3.801808469593322e+03,5.882352941176471e-01,16874304
3.804574611272799e+03,3.802809905390446e+03,5.882352941176471e-01,16874305
3.805738268448645e+03,3.803973562566292e+03,5.882352941176471e-01,16874306
3.806815512089509e+03,3.801521394442450e+03,1.764705882352941e+00,16874303
3.809414079502258e+03,3.807649373619905e+03,5.882352941176471e-01,16874311
3.810815582081006e+03,3.807945206636134e+03,5.882352941176471e-01,16874312
3.810815582081006e+03,3.808121808525758e+03,5.882352941176471e-01,16874313
3.810815582081006e+03,3.808187956460664e+03,5.882352941176471e-01,16874314
3.812507088318905e+03,3.805730182804124e+03,1.176470588235294e+00,16874308
3.813426041082308e+03,3.805944446769893e+03,1.176470588235294e+00,16874309
3.814271794201258e+03,3.805265716053527e+03,1.764705882352941e+00,16874307
3.815190746964661e+03,3.806103918941548e+03,1.764705882352941e+00,16874310
3.817012777491330e+03,3.815248071608977e+03,5.882352941176471e-01,16874317
3.817477912150120e+03,3.815713206267767e+03,5.882352941176471e-01,16874318
3.818720158729367e+03,3.812829267099129e+03,1.764705882352941e+00,16874316
3.819087573146209e+03,3.816243348429957e+03,5.882352941176471e-01,16874320
3.819087573146209e+03,3.815995044204670e+03,5.882352941176471e-01,16874319
3.820668571820141e+03,3.818479041744278e+03,5.882352941176471e-01,16874323
3.821891674168936e+03,3.820126968286583e+03,5.882352941176471e-01,16874324
3.822704033963833e+03,3.820939328081480e+03,5.882352941176471e-01,16874325
3.824197983584847e+03,3.817639717316042e+03,1.764705882352941e+00,16874322
3.824468739846186e+03,3.822360935683916e+03,5.882352941176471e-01,16874328
3.826233445728539e+03,3.821436871227643e+03,1.176470588235294e+00,16874326
3.827573908961519e+03,3.825304550028349e+03,5.882352941176471e-01,16874331
3.829550736168558e+03,3.823108538475273e+03,1.764705882352941e+00,16874330
3.829550736168558e+03,3.823076415147985e+03,1.764705882352941e+00,16874329
3.831315442050911e+03,3.828342387986889e+03,5.882352941176471e-01,16874333
3.833084659325986e+03,3.827790541678927e+03,1.764705882352941e+00,16874332
3.833272975557725e+03,3.829743563793020e+03,1.176470588235294e+00,16874334
3.835037681440078e+03,3.833246483863679e+03,5.882352941176471e-01,16874337
3.836614071090692e+03,3.831188754925608e+03,1.764705882352941e+00,16874335
3.838374265580323e+03,3.831981544395466e+03,1.764705882352941e+00,16874336
3.839159496765669e+03,3.837394790883316e+03,5.882352941176471e-01,16874338
3.841398783909714e+03,3.839634078027361e+03,5.882352941176471e-01,16874340
3.842215342717990e+03,3.840450636835637e+03,5.882352941176471e-01,16874341
3.842869909098549e+03,3.840790051088294e+03,5.882352941176471e-01,16874342
3.843163489792067e+03,3.839340497333843e+03,1.176470588235294e+00,16874339
3.843980048600343e+03,3.841548617058921e+03,5.882352941176471e-01,16874343
3.845712273709409e+03,3.843947567827056e+03,5.882352941176471e-01,16874345
3.846112529738727e+03,3.844347823856374e+03,5.882352941176471e-01,16874346
3.847877235621080e+03,3.842940396540556e+03,1.176470588235294e+00,16874344
3.848738099830865e+03,3.846968788024018e+03,5.882352941176471e-01,16874349
3.851476939782048e+03,3.844463763262740e+03,1.764705882352941e+00,16874347
3.852462139357323e+03,3.847168021710264e+03,1.764705882352941e+00,16874350
3.855006351546754e+03,3.848212448175357e+03,1.764705882352941e+00,16874351
3.855991551122029e+03,3.849739293928574e+03,1.764705882352941e+00,16874352
3.857561629242630e+03,3.852098615535756e+03,1.764705882352941e+00,16874353
3.859326335124983e+03,3.855787793193154e+03,1.176470588235294e+00,16874354
3.859582128277309e+03,3.857817422394956e+03,5.882352941176471e-01,16874357
3.861416747102121e+03,3.859652041219768e+03,5.882352941176471e-01,16874359
3.862794581499114e+03,3.855915429320641e+03,1.764705882352941e+00,16874355
3.863014034853520e+03,3.860978093551996e+03,5.882352941176471e-01,16874361
3.863014034853520e+03,3.860664113724283e+03,5.882352941176471e-01,16874360
3.864595525511530e+03,3.861798143412744e+03,5.882352941176471e-01,16874362
3.864778740735873e+03,3.862979482691471e+03,5.882352941176471e-01,16874365
3.866360231393883e+03,3.864074996517248e+03,5.882352941176471e-01,16874366
3.866952853610000e+03,3.857927768555889e+03,1.176470588235294e+00,16874358
3.868124937276236e+03,3.865597554719421e+03,5.882352941176471e-01,16874367
3.868238239558120e+03,3.857132131517701e+03,1.764705882352941e+00,16874356
3.869303478610163e+03,3.867538772727810e+03,5.882352941176471e-01,16874368
3.870076139651468e+03,3.868311433769115e+03,5.882352941176471e-01,16874369
3.870720131510116e+03,3.868955425627763e+03,5.882352941176471e-01,16874370
3.871165459331119e+03,3.869400753448766e+03,5.882352941176471e-01,16874371
3.872597124606912e+03,3.870832418724559e+03,5.882352941176471e-01,16874372
3.872744520937832e+03,3.870979815055479e+03,5.882352941176471e-01,16874373
3.872930165213471e+03,3.871083033294242e+03,5.882352941176471e-01,16874374
3.874435528654725e+03,3.871909367827285e+03,5.882352941176471e-01,16874376
3.874435528654725e+03,3.871233608179587e+03,5.882352941176471e-01,16874375
3.874694871095824e+03,3.872781614842743e+03,5.882352941176471e-01,16874377
3.876200234537078e+03,3.873972104536892e+03,5.882352941176471e-01,16874378
3.877363295785214e+03,3.875598589902861e+03,5.882352941176471e-01,16874379
3.878535770841576e+03,3.876771064959223e+03,5.882352941176471e-01,16874380
3.882146706793729e+03,3.880382000911376e+03,5.882352941176471e-01,16874382
3.882195784417420e+03,3.880431078535067e+03,5.882352941176471e-01,16874383
3.883071528771735e+03,3.879542117007029e+03,1.176470588235294e+00,16874381
3.883935951487927e+03,3.881738663071511e+03,5.882352941176471e-01,16874384
3.887465363252633e+03,3.882144416095839e+03,1.764705882352941e+00,16874385
3.888836959162764e+03,3.887072253280411e+03,5.882352941176471e-01,16874387
3.889236481152292e+03,3.887219739385896e+03,5.882352941176471e-01,16874388
3.889242893169597e+03,3.883948775522538e+03,1.764705882352941e+00,16874386
3.892566131922234e+03,3.890607661963343e+03,5.882352941176471e-01,16874393
3.893865149280790e+03,3.891525474206375e+03,5.882352941176471e-01,16874395
3.894434741120468e+03,3.892428398830536e+03,5.882352941176471e-01,16874398
3.894434741120468e+03,3.892333038951657e+03,5.882352941176471e-01,16874397
3.896199447002821e+03,3.894361170049732e+03,5.882352941176471e-01,16874400
3.898457806590630e+03,3.888140658379573e+03,1.764705882352941e+00,16874390
3.899538994820968e+03,3.891009232671644e+03,1.764705882352941e+00,16874394
3.899538994820968e+03,3.890103141962865e+03,1.764705882352941e+00,16874392
3.900804300237056e+03,3.899039594354703e+03,5.882352941176471e-01,16874401
3.901370923859387e+03,3.899606217977034e+03,5.882352941176471e-01,16874402
3.901831507379672e+03,3.900066801497319e+03,5.882352941176471e-01,16874403
3.902901935638949e+03,3.901137229756596e+03,5.882352941176471e-01,16874404
3.904280765503799e+03,3.902516059621446e+03,5.882352941176471e-01,16874405
3.905293904427189e+03,3.903529198544836e+03,5.882352941176471e-01,16874407
3.906551434715172e+03,3.904710598170507e+03,5.882352941176471e-01,16874410
3.908823316191895e+03,3.903022022950466e+03,1.764705882352941e+00,16874406
3.909444178855775e+03,3.907679472973422e+03,5.882352941176471e-01,16874411
3.909789799484212e+03,3.904086828816191e+03,1.764705882352941e+00,16874408
3.910588022074248e+03,3.908347974357312e+03,5.882352941176471e-01,16874412
3.911208884738127e+03,3.908858484827400e+03,5.882352941176471e-01,16874413
3.911554505366565e+03,3.909688177115352e+03,5.882352941176471e-01,16874414
3.913293319262159e+03,3.911528613379806e+03,5.882352941176471e-01,16874415
3.914018960264540e+03,3.912254254382187e+03,5.882352941176471e-01,16874416
3.915094748853430e+03,3.913330042971077e+03,5.882352941176471e-01,16874417
3.918338850357435e+03,3.916574144475082e+03,5.882352941176471e-01,16874418
3.919610388718287e+03,3.917845682835934e+03,5.882352941176471e-01,16874419
3.920124542999496e+03,3.918359837117144e+03,5.882352941176471e-01,16874420
3.920884695729371e+03,3.919119989847018e+03,5.882352941176471e-01,16874421
3.925161583505951e+03,3.919263283566686e+03,1.764705882352941e+00,16874423
3.925161583505951e+03,3.919227295119404e+03,1.764705882352941e+00,16874422
3.926579720631075e+03,3.921285602984017e+03,1.764705882352941e+00,16874424
3.926926289388304e+03,3.925081282200187e+03,5.882352941176471e-01,16874426
3.926926289388304e+03,3.923813035138497e+03,5.882352941176471e-01,16874425
3.930993853324700e+03,3.929229147442347e+03,5.882352941176471e-01,16874428
3.933102077903480e+03,3.927807960256421e+03,1.764705882352941e+00,16874427
3.933430746207184e+03,3.929901334442478e+03,1.176470588235294e+00,16874429
3.936960157971890e+03,3.931473713226096e+03,1.764705882352941e+00,16874430
3.938568399918943e+03,3.935336442941398e+03,5.882352941176471e-01,16874436
3.938628700304875e+03,3.931905458525039e+03,1.764705882352941e+00,16874431
3.940489569736595e+03,3.934889833722498e+03,1.764705882352941e+00,16874435
3.942555787652015e+03,3.940791081769662e+03,5.882352941176471e-01,16874441
3.943219582789357e+03,3.941062813951758e+03,5.882352941176471e-01,16874442
3.944242294055171e+03,3.938948176408112e+03,1.764705882352941e+00,16874439
3.946085199416721e+03,3.941982637434250e+03,1.176470588235294e+00,16874443
3.946748994554063e+03,3.944544365482158e+03,5.882352941176471e-01,16874445
3.947771705819876e+03,3.939690171024652e+03,1.764705882352941e+00,16874440
3.949614611181427e+03,3.942616638725463e+03,1.764705882352941e+00,16874444
3.949826263147499e+03,3.948061557265146e+03,5.882352941176471e-01,16874446
3.950297609811008e+03,3.948532903928655e+03,5.882352941176471e-01,16874447
3.951379317063780e+03,3.949198902616396e+03,5.882352941176471e-01,16874448
3.955218748695710e+03,3.953454042813357e+03,5.882352941176471e-01,16874450
3.955943438529493e+03,3.954178732647140e+03,5.882352941176471e-01,16874451
3.956760122856550e+03,3.954995416974197e+03,5.882352941176471e-01,16874452
3.957708144411846e+03,3.955461112536898e+03,5.882352941176471e-01,16874453
3.958673785104402e+03,3.953156335735830e+03,1.764705882352941e+00,16874449
3.958844248556960e+03,3.957079542674607e+03,5.882352941176471e-01,16874454
3.960035535406423e+03,3.958270829524070e+03,5.882352941176471e-01,16874455
3.960871418384372e+03,3.959106712502019e+03,5.882352941176471e-01,16874456
3.961800241288776e+03,3.960018230583365e+03,5.882352941176471e-01,16874458
3.965177753979725e+03,3.959883636332666e+03,1.764705882352941e+00,16874457
3.965671624095916e+03,3.963906918213563e+03,5.882352941176471e-01,16874459
3.966138583178757e+03,3.964373877296404e+03,5.882352941176471e-01,16874460
3.970864168591106e+03,3.969099462708753e+03,5.882352941176471e-01,16874461
3.972854817273248e+03,3.971090111390895e+03,5.882352941176471e-01,16874462
3.975569281814323e+03,3.973804575931970e+03,5.882352941176471e-01,16874464
3.976544624739224e+03,3.974779918856871e+03,5.882352941176471e-01,16874465
3.976713495147591e+03,3.971419377500532e+03,1.764705882352941e+00,16874463
3.977821659159126e+03,3.975335515975104e+03,5.882352941176471e-01,16874467
3.979407386152767e+03,3.977642680270414e+03,5.882352941176471e-01,16874468
3.980663939783608e+03,3.978899233901255e+03,5.882352941176471e-01,16874469
3.981172092035120e+03,3.979284708698931e+03,5.882352941176471e-01,16874470
3.981351070923832e+03,3.974870591468150e+03,1.764705882352941e+00,16874466
3.983211162036496e+03,3.981446456154143e+03,5.882352941176471e-01,16874471
3.984610629536843e+03,3.982845923654490e+03,5.882352941176471e-01,16874472
3.988305337566109e+03,3.983011219919050e+03,1.764705882352941e+00,16874473
3.991422285234805e+03,3.989657579352452e+03,5.882352941176471e-01,16874474
3.995687179492116e+03,3.993922473609763e+03,5.882352941176471e-01,16874476
3.996071800745742e+03,3.990777683098683e+03,1.764705882352941e+00,16874475
3.999859473858615e+03,3.996330062093909e+03,1.176470588235294e+00,16874477
4.003596141109780e+03,3.998302023462721e+03,1.764705882352941e+00,16874478
4.004460529542197e+03,4.002695823659844e+03,5.882352941176471e-01,16874479
4.004723728012495e+03,4.002959022130142e+03,5.882352941176471e-01,16874480
4.008294062253444e+03,4.006529356371091e+03,5.882352941176471e-01,16874482
4.008469611709125e+03,4.006704905826772e+03,5.882352941176471e-01,16874483
4.010175801106251e+03,4.007565278927396e+03,5.882352941176471e-01,16874486
4.010175801106251e+03,4.007477495822157e+03,5.882352941176471e-01,16874485
4.011916663468058e+03,4.005497085587962e+03,1.176470588235294e+00,16874481
4.011940506988604e+03,4.010151006405374e+03,5.882352941176471e-01,16874489
4.012766650410783e+03,4.010338855358569e+03,5.882352941176471e-01,16874490
4.014018659965031e+03,4.012253954082678e+03,5.882352941176471e-01,16874491
4.015446075232764e+03,4.009237238646078e+03,1.764705882352941e+00,16874488
4.016133102798159e+03,4.013874109082371e+03,5.882352941176471e-01,16874494
4.016133102798159e+03,4.013161092440047e+03,5.882352941176471e-01,16874493
4.017210781115117e+03,4.012953427984228e+03,1.176470588235294e+00,16874492
4.017945489780583e+03,4.016180783898230e+03,5.882352941176471e-01,16874495
4.019057265476573e+03,4.017292559594220e+03,5.882352941176471e-01,16874496
4.019317524735017e+03,4.017552818852664e+03,5.882352941176471e-01,16874497
4.022243387092592e+03,4.020478681210239e+03,5.882352941176471e-01,16874498
4.022420589062874e+03,4.020655883180521e+03,5.882352941176471e-01,16874499
4.022461382708899e+03,4.020696676826546e+03,5.882352941176471e-01,16874500
4.024008092974945e+03,4.020769554017725e+03,5.882352941176471e-01,16874501
4.024914386987858e+03,4.023149681105505e+03,5.882352941176471e-01,16874503
4.025772798857298e+03,4.023868467387232e+03,5.882352941176471e-01,16874504
4.028393046842229e+03,4.023098929195170e+03,1.764705882352941e+00,16874502
4.028784872940957e+03,4.027020167058604e+03,5.882352941176471e-01,16874506
4.030303327456456e+03,4.026773915691750e+03,1.176470588235294e+00,16874505
4.032786799688522e+03,4.031022093806169e+03,5.882352941176471e-01,16874508
4.032984886953713e+03,4.029455475189007e+03,1.176470588235294e+00,16874507
4.034715735774130e+03,4.031186324009424e+03,1.176470588235294e+00,16874509
4.035483383641370e+03,4.033718677759017e+03,5.882352941176471e-01,16874510
4.035569895170293e+03,4.033805189287940e+03,5.882352941176471e-01,16874511
4.036864265590103e+03,4.034063435560880e+03,5.882352941176471e-01,16874513
4.036864265590103e+03,4.033926261758127e+03,5.882352941176471e-01,16874512
4.039379207420443e+03,4.035849795655737e+03,1.176470588235294e+00,16874514
4.040739454902432e+03,4.038974749020079e+03,5.882352941176471e-01,16874515
4.044490703400211e+03,4.042725997517858e+03,5.882352941176471e-01,16874517
4.046282379064435e+03,4.040988261417376e+03,1.764705882352941e+00,16874516
4.047672969148304e+03,4.045908263265951e+03,5.882352941176471e-01,16874519
4.049852897989571e+03,4.048088192107218e+03,5.882352941176471e-01,16874520
4.051111684446261e+03,4.045817566799202e+03,1.764705882352941e+00,16874518
4.051617603871924e+03,4.049341898449651e+03,5.882352941176471e-01,16874522
4.052402137265784e+03,4.048872725501078e+03,1.176470588235294e+00,16874521
4.053305312692339e+03,4.051540606809986e+03,5.882352941176471e-01,16874523
4.053382309754277e+03,4.051594182575369e+03,5.882352941176471e-01,16874524
4.055070018574692e+03,4.052718200056558e+03,5.882352941176471e-01,16874526
4.055931549030490e+03,4.052359718083401e+03,1.176470588235294e+00,16874525
4.057230365091710e+03,4.055465659209357e+03,5.882352941176471e-01,16874528
4.059075150806038e+03,4.057310444923685e+03,5.882352941176471e-01,16874529
4.059119176394050e+03,4.053825058746991e+03,1.764705882352941e+00,16874527
4.060487507835465e+03,4.058722801953112e+03,5.882352941176471e-01,16874530
4.061571381651491e+03,4.059806675769138e+03,5.882352941176471e-01,16874531
4.065286926529428e+03,4.063197138118231e+03,5.882352941176471e-01,16874536
4.065286926529428e+03,4.062442770770208e+03,5.882352941176471e-01,16874535
4.066646233831932e+03,4.061643712914805e+03,1.176470588235294e+00,16874532
4.068410939714285e+03,4.062306024907528e+03,1.764705882352941e+00,16874534
4.068410939714285e+03,4.061871316614640e+03,1.764705882352941e+00,16874533
4.068636511876690e+03,4.065837959071877e+03,5.882352941176471e-01,16874537
4.070401217759043e+03,4.068468900782089e+03,5.882352941176471e-01,16874542
4.073446648227467e+03,4.071681942345114e+03,5.882352941176471e-01,16874543
4.073705057361344e+03,4.067373130481058e+03,1.764705882352941e+00,16874541
4.073705057361344e+03,4.066984592075540e+03,1.764705882352941e+00,16874540
4.075335278415261e+03,4.071711335966139e+03,5.882352941176471e-01,16874544
4.075469763243697e+03,4.073632534685628e+03,5.882352941176471e-01,16874547
4.077200847918941e+03,4.074393787445553e+03,5.882352941176471e-01,16874549
4.078965553801294e+03,4.074471740523025e+03,1.176470588235294e+00,16874550
4.079417098222765e+03,4.074122980575706e+03,1.764705882352941e+00,16874548
4.080735016198258e+03,4.078267282228691e+03,5.882352941176471e-01,16874555
4.080735016198258e+03,4.077676321125440e+03,5.882352941176471e-01,16874554
4.081181804105118e+03,4.078979823345126e+03,5.882352941176471e-01,16874557
4.082723116034041e+03,4.079819423208734e+03,5.882352941176471e-01,16874559
4.082723116034041e+03,4.080320960629108e+03,5.882352941176471e-01,16874560
4.084487821916394e+03,4.079712596758355e+03,1.176470588235294e+00,16874558
4.086252527798747e+03,4.077075681659649e+03,1.764705882352941e+00,16874553
4.086650203070181e+03,4.083542921841827e+03,5.882352941176471e-01,16874563
4.088017233681100e+03,4.085680847730697e+03,5.882352941176471e-01,16874566
4.089980777199170e+03,4.087590299392636e+03,5.882352941176471e-01,16874569
4.089980777199170e+03,4.087579982057174e+03,5.882352941176471e-01,16874568
4.090644504328383e+03,4.081709142013551e+03,1.764705882352941e+00,16874562
4.091966725457927e+03,4.088613401878660e+03,5.882352941176471e-01,16874570
4.091966725457927e+03,4.089679767522790e+03,5.882352941176471e-01,16874572
4.093936420830232e+03,4.090719153970996e+03,5.882352941176471e-01,16874573
4.095701126712585e+03,4.093130418388506e+03,5.882352941176471e-01,16874578
4.095701126712585e+03,4.092786683417736e+03,5.882352941176471e-01,16874577
4.097751222944079e+03,4.095129334819992e+03,5.882352941176471e-01,16874580
4.098322003642360e+03,4.086298810774543e+03,1.764705882352941e+00,16874567
4.099801319175573e+03,4.096837810012441e+03,5.882352941176471e-01,16874582
4.099801319175573e+03,4.097283619749299e+03,5.882352941176471e-01,16874583
4.099801319175573e+03,4.097328882042686e+03,5.882352941176471e-01,16874584
4.101566025057926e+03,4.099239618591732e+03,5.882352941176471e-01,16874587
4.101566025057926e+03,4.098349143877870e+03,5.882352941176471e-01,16874586
4.103330730940278e+03,4.095077982226795e+03,1.764705882352941e+00,16874579
4.103866025329712e+03,4.102101319447359e+03,5.882352941176471e-01,16874588
4.104639297148836e+03,4.102874591266483e+03,5.882352941176471e-01,16874589
4.109587886484293e+03,4.103105144848149e+03,1.764705882352941e+00,16874591
4.109587886484293e+03,4.102928793508613e+03,1.764705882352941e+00,16874590
4.110828578288906e+03,4.107336719551341e+03,5.882352941176471e-01,16874598
4.111352592366646e+03,4.109312419360925e+03,5.882352941176471e-01,16874599
4.114707332772105e+03,4.104855335942115e+03,1.764705882352941e+00,16874594
4.114707332772105e+03,4.105220304353311e+03,1.764705882352941e+00,16874595
4.114707332772105e+03,4.106824229600097e+03,1.764705882352941e+00,16874596
4.116472038654458e+03,4.112897972203316e+03,5.882352941176471e-01,16874602
4.116472038654458e+03,4.113103432264122e+03,5.882352941176471e-01,16874603
4.118600538896636e+03,4.114898522422658e+03,5.882352941176471e-01,16874604
4.118600538896636e+03,4.115265119127852e+03,5.882352941176471e-01,16874605
4.118600538896636e+03,4.116199551911113e+03,5.882352941176471e-01,16874606
4.120365244778989e+03,4.111805766351015e+03,1.176470588235294e+00,16874601
4.120365244778989e+03,4.117927216093757e+03,5.882352941176471e-01,16874608
4.122129950661342e+03,4.109324927403482e+03,1.764705882352941e+00,16874600
4.122221136344076e+03,4.119552418428808e+03,5.882352941176471e-01,16874610
4.123940249385062e+03,4.121178274054895e+03,5.882352941176471e-01,16874613
4.125704955267415e+03,4.122422020500207e+03,5.882352941176471e-01,16874614
4.125704955267415e+03,4.123329055933367e+03,5.882352941176471e-01,16874615
4.125750548108782e+03,4.119392590018955e+03,1.764705882352941e+00,16874609
4.127484858763557e+03,4.124237931531899e+03,5.882352941176471e-01,16874618
4.129249564645910e+03,4.123956066896301e+03,1.176470588235294e+00,16874617
4.129249564645910e+03,4.124441146946945e+03,1.176470588235294e+00,16874619
4.131014270528263e+03,4.120638801827192e+03,1.764705882352941e+00,16874612
4.131195913763790e+03,4.129431207881438e+03,5.882352941176471e-01,16874620
4.135243637731118e+03,4.129949520084059e+03,1.764705882352941e+00,16874621
4.136009306258020e+03,4.134012232113339e+03,5.882352941176471e-01,16874625
4.139401221112679e+03,4.132479894493314e+03,1.764705882352941e+00,16874623
4.139401221112679e+03,4.132067403763173e+03,1.764705882352941e+00,16874622
4.140537755378176e+03,4.134834286023907e+03,1.764705882352941e+00,16874626
4.141487503368069e+03,4.137423251393604e+03,5.882352941176471e-01,16874628
4.141487503368069e+03,4.137254481944337e+03,5.882352941176471e-01,16874627
4.142302461260529e+03,4.140044373858753e+03,5.882352941176471e-01,16874631
4.143997148249059e+03,4.142232442366706e+03,5.882352941176471e-01,16874632
4.144114498492176e+03,4.142349792609823e+03,5.882352941176471e-01,16874633
4.144437966117252e+03,4.142673260234899e+03,5.882352941176471e-01,16874634
4.147870083220428e+03,4.146105377338075e+03,5.882352941176471e-01,16874637
4.151036992256234e+03,4.148864632102142e+03,5.882352941176471e-01,16874640
4.151883589655742e+03,4.145742874609175e+03,1.764705882352941e+00,16874635
4.153251870605206e+03,4.146667998755528e+03,1.764705882352941e+00,16874638
4.154094473931234e+03,4.152329768048881e+03,5.882352941176471e-01,16874641
4.155494658930848e+03,4.153729953048495e+03,5.882352941176471e-01,16874642
4.155507333557813e+03,4.153742627675460e+03,5.882352941176471e-01,16874643
4.156508077029516e+03,4.154743371147163e+03,5.882352941176471e-01,16874644
4.160344379890574e+03,4.158579674008222e+03,5.882352941176471e-01,16874647
4.160912467169366e+03,4.155618349522307e+03,1.764705882352941e+00,16874645
4.162109085772927e+03,4.159992408546335e+03,5.882352941176471e-01,16874649
4.163673415045075e+03,4.161386016761933e+03,5.882352941176471e-01,16874650
4.164441878934072e+03,4.158212966821445e+03,1.764705882352941e+00,16874646
4.165438120927428e+03,4.163516576349817e+03,5.882352941176471e-01,16874653
4.167687247059382e+03,4.162075039739293e+03,1.764705882352941e+00,16874652
4.167687247059382e+03,4.159616400271992e+03,1.764705882352941e+00,16874648
4.168967532692134e+03,4.165465073407161e+03,5.882352941176471e-01,16874655
4.170212448653653e+03,4.168447742771300e+03,5.882352941176471e-01,16874656
4.171179707493660e+03,4.169415001611307e+03,5.882352941176471e-01,16874657
4.171216658824088e+03,4.165197395766743e+03,1.764705882352941e+00,16874654
4.174088803165820e+03,4.172324097283467e+03,5.882352941176471e-01,16874658
4.175011935329852e+03,4.173247229447499e+03,5.882352941176471e-01,16874659
4.175374878254856e+03,4.173610172372503e+03,5.882352941176471e-01,16874660
4.176776641212204e+03,4.174152483796617e+03,5.882352941176471e-01,16874662
4.177618214930526e+03,4.173820927393327e+03,1.176470588235294e+00,16874661
4.177930702647069e+03,4.176165996764716e+03,5.882352941176471e-01,16874663
4.179606934093446e+03,4.177842228211093e+03,5.882352941176471e-01,16874664
4.184837732535202e+03,4.178526171181845e+03,1.764705882352941e+00,16874666
4.184837732535202e+03,4.177965551070102e+03,1.764705882352941e+00,16874665
4.186360313478550e+03,4.178634283709665e+03,1.764705882352941e+00,16874667
4.188503548489249e+03,4.186738842606896e+03,5.882352941176471e-01,16874672
4.190131850182261e+03,4.184264778616919e+03,1.764705882352941e+00,16874671
4.190268254371602e+03,4.187541959203397e+03,5.882352941176471e-01,16874674
4.190628261886419e+03,4.187098850121713e+03,1.176470588235294e+00,16874673
4.195439691492704e+03,4.190145573845645e+03,1.764705882352941e+00,16874675
4.197204464527899e+03,4.195224869182325e+03,5.882352941176471e-01,16874679
4.197204464527899e+03,4.194237954390556e+03,5.882352941176471e-01,16874678
4.199281141635317e+03,4.197516435752964e+03,5.882352941176471e-01,16874681
4.200013287297108e+03,4.193998580654552e+03,1.764705882352941e+00,16874677
4.200013287297108e+03,4.193675086339614e+03,1.764705882352941e+00,16874676
4.201045847517670e+03,4.198209298260984e+03,5.882352941176471e-01,16874682
4.203003496333103e+03,4.201238790450750e+03,5.882352941176471e-01,16874685
4.203706332108519e+03,4.201449529142565e+03,5.882352941176471e-01,16874686
4.206491322851237e+03,4.200340553390518e+03,1.176470588235294e+00,16874684
4.208256028733590e+03,4.205650194167834e+03,5.882352941176470e-01,16874691
4.208256028733590e+03,4.201770371133227e+03,1.764705882352941e+00,16874687
4.208256028733590e+03,4.199333630994854e+03,1.764705882352941e+00,16874683
4.210020734615943e+03,4.202747368960552e+03,1.176470588235294e+00,16874689
4.210020734615943e+03,4.207683929327077e+03,5.882352941176471e-01,16874692
4.211085457177486e+03,4.209320751295133e+03,5.882352941176471e-01,16874693
4.212235835989277e+03,4.210471130106924e+03,5.882352941176471e-01,16874694
4.212343519031299e+03,4.210578813148946e+03,5.882352941176471e-01,16874695
4.214631573698140e+03,4.212866867815787e+03,5.882352941176471e-01,16874697
4.216049544446557e+03,4.214284838564204e+03,5.882352941176471e-01,16874698
4.216354370599776e+03,4.212824958835070e+03,1.176470588235294e+00,16874696
4.220626763314131e+03,4.215332645667072e+03,1.764705882352941e+00,16874699
4.223274778458391e+03,4.221510072576038e+03,5.882352941176471e-01,16874702
4.223637796857077e+03,4.218343679210018e+03,1.764705882352941e+00,16874700
4.223826593192878e+03,4.221695924642507e+03,5.882352941176471e-01,16874703
4.225039484340744e+03,4.222538275736061e+03,5.882352941176471e-01,16874704
4.225402502739430e+03,4.220297181428172e+03,1.176470588235294e+00,16874701
4.226804190223097e+03,4.224672346227059e+03,5.882352941176471e-01,16874706
4.229813391295410e+03,4.228048685413058e+03,5.882352941176471e-01,16874708
4.229871838686734e+03,4.224577721039675e+03,1.764705882352941e+00,16874705
4.231607320873425e+03,4.228828246237732e+03,5.882352941176471e-01,16874709
4.231607320873425e+03,4.229163521001455e+03,5.882352941176471e-01,16874710
4.231686318170343e+03,4.226392200523284e+03,1.764705882352941e+00,16874707
4.233372026755778e+03,4.230349280364567e+03,5.882352941176471e-01,16874712
4.233603177894839e+03,4.231838472012486e+03,5.882352941176471e-01,16874713
4.235136732638131e+03,4.230323185018473e+03,1.176470588235294e+00,16874711
4.236559712007236e+03,4.234795006124883e+03,5.882352941176471e-01,16874714
4.236803765391531e+03,4.235039059509178e+03,5.882352941176471e-01,16874715
4.237480314681047e+03,4.235715608798694e+03,5.882352941176471e-01,16874716
4.241292163552630e+03,4.237762751787924e+03,1.176470588235294e+00,16874717
4.242858437571621e+03,4.241093731689268e+03,5.882352941176471e-01,16874718
4.243822165451421e+03,4.242057459569068e+03,5.882352941176471e-01,16874719
4.244867670522641e+03,4.243102964640288e+03,5.882352941176471e-01,16874721
4.248274407244803e+03,4.242980289597744e+03,1.764705882352941e+00,16874720
4.249068032512410e+03,4.247303326630057e+03,5.882352941176471e-01,16874722
4.253342646454883e+03,4.249813234690177e+03,1.176470588235294e+00,16874723
4.256116771581482e+03,4.254352065699129e+03,5.882352941176471e-01,16874724
4.257386699192260e+03,4.255621993309907e+03,5.882352941176471e-01,16874726
4.258133444307153e+03,4.254604032542447e+03,1.176470588235294e+00,16874725
4.262438790891808e+03,4.260674085009456e+03,5.882352941176471e-01,16874728
4.263712277949053e+03,4.261947572066700e+03,5.882352941176471e-01,16874729
4.265185781729687e+03,4.263421075847334e+03,5.882352941176471e-01,16874730
4.265637786794169e+03,4.260343669147111e+03,1.764705882352941e+00,16874727
4.267841198532393e+03,4.266076492650040e+03,5.882352941176471e-01,16874732
4.269079165231237e+03,4.263785047584178e+03,1.764705882352941e+00,16874731
4.271817344449261e+03,4.266523226802203e+03,1.764705882352941e+00,16874733
4.272057233094358e+03,4.270292527212005e+03,5.882352941176471e-01,16874735
4.273582050331614e+03,4.270961590487972e+03,5.882352941176471e-01,16874736
4.275573812314500e+03,4.270115870943306e+03,1.764705882352941e+00,16874734
4.275576298062293e+03,4.273811592179940e+03,5.882352941176471e-01,16874738
4.277187527017282e+03,4.271893409370223e+03,1.764705882352941e+00,16874737
4.277338518196853e+03,4.275484046332433e+03,5.882352941176471e-01,16874739
4.277722757254511e+03,4.275958051372158e+03,5.882352941176471e-01,16874740
4.280434437318048e+03,4.278669731435695e+03,5.882352941176471e-01,16874743
4.282283982814166e+03,4.278170279845481e+03,1.176470588235294e+00,16874742
4.283891532373996e+03,4.280768947439632e+03,5.882352941176471e-01,16874746
4.283891532373996e+03,4.281083103419922e+03,5.882352941176471e-01,16874747
4.284048688696519e+03,4.276289972811373e+03,1.764705882352941e+00,16874741
4.286401977450321e+03,4.284637271567968e+03,5.882352941176471e-01,16874749
4.287420944138702e+03,4.280047807964244e+03,1.764705882352941e+00,16874745
4.287420944138702e+03,4.278802784739936e+03,1.764705882352941e+00,16874744
4.289931389215027e+03,4.287636974529031e+03,5.882352941176471e-01,16874754
4.293236224625112e+03,4.286686567992931e+03,1.764705882352941e+00,16874751
4.293236224625112e+03,4.286098781411915e+03,1.764705882352941e+00,16874750
4.294776354152844e+03,4.292765562628227e+03,5.882352941176471e-01,16874758
4.296765636389818e+03,4.290252126784904e+03,1.764705882352941e+00,16874756
4.296765636389818e+03,4.289048653099259e+03,1.764705882352941e+00,16874755
4.298530342272171e+03,4.296449275335193e+03,5.882352941176471e-01,16874760
4.299167363342457e+03,4.297402657460104e+03,5.882352941176471e-01,16874761
4.300455436760410e+03,4.295161319113351e+03,1.764705882352941e+00,16874759
4.302446569690690e+03,4.300681863808337e+03,5.882352941176471e-01,16874765
4.303931385656487e+03,4.297402862649073e+03,1.764705882352941e+00,16874762
4.305601168770100e+03,4.303836462887747e+03,5.882352941176471e-01,16874766
4.306687957400208e+03,4.304923251517855e+03,5.882352941176471e-01,16874767
4.306719706464931e+03,4.304955000582578e+03,5.882352941176471e-01,16874768
4.308201149363957e+03,4.306436443481604e+03,5.882352941176471e-01,16874769
4.309504433042058e+03,4.307739727159705e+03,5.882352941176471e-01,16874771
4.310093462352199e+03,4.308007964614385e+03,5.882352941176471e-01,16874772
4.311199630690424e+03,4.308977820899206e+03,5.882352941176471e-01,16874775
4.311199630690424e+03,4.308456363575736e+03,5.882352941176471e-01,16874774
4.311858904780588e+03,4.310094198898235e+03,5.882352941176471e-01,16874777
4.312963600026741e+03,4.307531202457746e+03,1.176470588235294e+00,16874770
4.314246923484008e+03,4.312482217601655e+03,5.882352941176471e-01,16874778
4.315817154075698e+03,4.314052448193345e+03,5.882352941176471e-01,16874779
4.319404278405663e+03,4.315874866640957e+03,1.176470588235294e+00,16874780
4.320100348694042e+03,4.318335642811689e+03,5.882352941176471e-01,16874782
4.323103111348446e+03,4.320413443405868e+03,5.882352941176471e-01,16874786
4.323629760458748e+03,4.317893704290425e+03,1.764705882352941e+00,16874781
4.325043366934233e+03,4.320833676725188e+03,1.176470588235294e+00,16874787
4.326808072816586e+03,4.318906030827556e+03,1.764705882352941e+00,16874784
4.326808072816586e+03,4.318552485679663e+03,1.764705882352941e+00,16874783
4.327984543404821e+03,4.323969089264260e+03,5.882352941176471e-01,16874789
4.327984543404821e+03,4.324288775824379e+03,5.882352941176471e-01,16874790
4.329749249287174e+03,4.327195841763050e+03,5.882352941176471e-01,16874791
4.329782581186335e+03,4.328017875303982e+03,5.882352941176471e-01,16874792
4.331513955169527e+03,4.323700436233573e+03,1.764705882352941e+00,16874788
4.331530621119107e+03,4.328684721485037e+03,5.882352941176471e-01,16874793
4.335060032883813e+03,4.329707351753596e+03,1.764705882352941e+00,16874794
4.337913777594326e+03,4.332619659947267e+03,1.764705882352941e+00,16874795
4.339333368030568e+03,4.334647098523886e+03,1.176470588235294e+00,16874796
4.341098073912920e+03,4.335458840819750e+03,1.764705882352941e+00,16874797
4.341705922053297e+03,4.335871385142277e+03,1.764705882352941e+00,16874798
4.344627485677626e+03,4.338539499167752e+03,1.764705882352941e+00,16874799
4.346223407173560e+03,4.343521186945444e+03,5.882352941176471e-01,16874803
4.346392191559979e+03,4.340429826329096e+03,1.764705882352941e+00,16874801
4.347988113055913e+03,4.346117536190843e+03,5.882352941176471e-01,16874804
4.348156897442332e+03,4.342693995408854e+03,1.764705882352941e+00,16874802
4.349921603324685e+03,4.348023497479361e+03,5.882352941176471e-01,16874807
4.350294783983240e+03,4.348348955463012e+03,5.882352941176471e-01,16874808
4.351872899536316e+03,4.347442225069117e+03,1.176470588235294e+00,16874806
4.353459918060820e+03,4.350683413376481e+03,5.882352941176471e-01,16874810
4.353459918060820e+03,4.350768485837938e+03,5.882352941176471e-01,16874811
4.353637605418669e+03,4.346765372218534e+03,1.764705882352941e+00,16874805
4.355224623943173e+03,4.349424604168525e+03,1.176470588235294e+00,16874809
4.359223905591942e+03,4.353929787944883e+03,1.764705882352941e+00,16874812
4.360527521266943e+03,4.358761753827818e+03,5.882352941176471e-01,16874815
4.361008099931134e+03,4.355713982284075e+03,1.764705882352941e+00,16874813
4.362292227149296e+03,4.359332529824409e+03,5.882352941176471e-01,16874818
4.364532639581630e+03,4.359062981209751e+03,1.764705882352941e+00,16874816
4.364532639581630e+03,4.356998109502237e+03,1.764705882352941e+00,16874814
4.366378806192938e+03,4.364614100310585e+03,5.882352941176471e-01,16874820
4.368091509036781e+03,4.366326803154428e+03,5.882352941176471e-01,16874821
4.369041946045350e+03,4.363747828398291e+03,1.764705882352941e+00,16874819
4.369993143637003e+03,4.366463731872297e+03,1.176470588235294e+00,16874822
4.370193807365216e+03,4.368429101482863e+03,5.882352941176471e-01,16874823
4.371493107698361e+03,4.369728401816008e+03,5.882352941176471e-01,16874824
4.371958513247569e+03,4.370187383251320e+03,5.882352941176471e-01,16874826
4.374118643881558e+03,4.372353937999205e+03,5.882352941176471e-01,16874828
4.375287261284062e+03,4.369878158299307e+03,1.764705882352941e+00,16874825
4.375921154671823e+03,4.374156448789471e+03,5.882352941176471e-01,16874830
4.377051967166415e+03,4.374800791307168e+03,5.882352941176471e-01,16874831
4.377583421284118e+03,4.375496429223086e+03,5.882352941176471e-01,16874832
4.378816673048768e+03,4.376512367745101e+03,5.882352941176471e-01,16874833
4.379412761528616e+03,4.372289303637060e+03,1.764705882352941e+00,16874827
4.380853685702233e+03,4.379088979819880e+03,5.882352941176471e-01,16874834
4.381112833048824e+03,4.372468649156981e+03,1.764705882352941e+00,16874829
4.383133936753170e+03,4.381369230870817e+03,5.882352941176471e-01,16874836
4.385686947038726e+03,4.383471605113642e+03,5.882352941176471e-01,16874839
4.386252762139353e+03,4.380958644492294e+03,1.764705882352941e+00,16874835
4.388377050351962e+03,4.382157535274020e+03,1.176470588235294e+00,16874837
4.390141756234315e+03,4.383442515035159e+03,1.764705882352941e+00,16874838
4.391443763401226e+03,4.385647710974784e+03,1.764705882352941e+00,16874841
4.391443763401226e+03,4.385031322191027e+03,1.764705882352941e+00,16874840
4.392557465700124e+03,4.389000006945926e+03,5.882352941176471e-01,16874843
4.394370968241645e+03,4.392606262359292e+03,5.882352941176471e-01,16874844
4.396086877464829e+03,4.388772196600549e+03,1.764705882352941e+00,16874842
4.396135674123998e+03,4.393266241830496e+03,5.882352941176471e-01,16874846
4.396518208378494e+03,4.394492265483941e+03,5.882352941176471e-01,16874847
4.397851583347182e+03,4.395126083163370e+03,5.882352941176471e-01,16874848
4.397900380006351e+03,4.396086972981041e+03,5.882352941176471e-01,16874849
4.398282914260847e+03,4.392988796613788e+03,1.176470588235294e+00,16874845
4.401231049909820e+03,4.399466344027467e+03,5.882352941176471e-01,16874851
4.402731225504291e+03,4.400966519621938e+03,5.882352941176471e-01,16874852
4.403446650906212e+03,4.401681945023859e+03,5.882352941176471e-01,16874853
4.403822886867931e+03,4.398528769220873e+03,1.764705882352941e+00,16874850
4.405371347469447e+03,4.403606641587094e+03,5.882352941176471e-01,16874855
4.408025343151350e+03,4.402279757630826e+03,1.764705882352941e+00,16874854
4.408192301721186e+03,4.406427595838833e+03,5.882352941176471e-01,16874857
4.409441275540931e+03,4.404147157893873e+03,1.764705882352941e+00,16874856
4.409790049033703e+03,4.407120869050901e+03,5.882352941176471e-01,16874858
4.411064373864271e+03,4.409299667981918e+03,5.882352941176471e-01,16874859
4.411205981423284e+03,4.409366984231720e+03,5.882352941176471e-01,16874860
4.413927728982795e+03,4.412163023100442e+03,5.882352941176471e-01,16874862
4.415084166680762e+03,4.409721333711123e+03,1.764705882352941e+00,16874861
4.415100993332514e+03,4.413336287450161e+03,5.882352941176471e-01,16874863
4.415953018945076e+03,4.414188313062723e+03,5.882352941176471e-01,16874864
4.417780634621925e+03,4.416015928739572e+03,5.882352941176471e-01,16874865
4.418426048262607e+03,4.416661342380254e+03,5.882352941176471e-01,16874866
4.420248484667837e+03,4.418483778785484e+03,5.882352941176471e-01,16874867
4.420633444540717e+03,4.418868738658364e+03,5.882352941176471e-01,16874868
4.421361552803062e+03,4.419596846920709e+03,5.882352941176471e-01,16874869
4.423276350126222e+03,4.421511644243869e+03,5.882352941176471e-01,16874870
4.426140500486442e+03,4.422611088721737e+03,1.176470588235294e+00,16874871
4.426986921948498e+03,4.425222216066145e+03,5.882352941176471e-01,16874873
4.428575449401137e+03,4.423281331754078e+03,1.764705882352941e+00,16874872
4.428751627830851e+03,4.426474097802737e+03,5.882352941176471e-01,16874875
4.429669912251148e+03,4.427032063141635e+03,5.882352941176471e-01,16874876
4.430340155283490e+03,4.428246187681209e+03,5.882352941176471e-01,16874877
4.430516333713204e+03,4.425667185955965e+03,1.176470588235294e+00,16874874
4.432342486975009e+03,4.430577781092656e+03,5.882352941176471e-01,16874878
4.433319135781739e+03,4.431554429899386e+03,5.882352941176471e-01,16874879
4.436462365663749e+03,4.434697659781396e+03,5.882352941176471e-01,16874882
4.436690790565443e+03,4.433161378800737e+03,1.176470588235294e+00,16874881
4.438244183502159e+03,4.435220382050299e+03,5.882352941176471e-01,16874883
4.438261295458217e+03,4.432967177811158e+03,1.764705882352941e+00,16874880
4.440524706903463e+03,4.438760001021110e+03,5.882352941176471e-01,16874886
4.441756483143932e+03,4.439991777261579e+03,5.882352941176471e-01,16874887
4.442556607490030e+03,4.440791901607677e+03,5.882352941176471e-01,16874888
4.442784513658336e+03,4.437490396011277e+03,1.764705882352941e+00,16874885
4.445049026675434e+03,4.443284320793081e+03,5.882352941176471e-01,16874890
4.445966113035219e+03,4.444201407152866e+03,5.882352941176471e-01,16874891
4.446813732557786e+03,4.444827454985968e+03,5.882352941176471e-01,16874892
4.447545339335909e+03,4.442251221688850e+03,1.764705882352941e+00,16874889
4.451698289964389e+03,4.449933584082036e+03,5.882352941176471e-01,16874896
4.453151005769984e+03,4.447856888122925e+03,1.764705882352941e+00,16874893
4.454770836512120e+03,4.448168164118473e+03,1.764705882352941e+00,16874894
4.455227701729095e+03,4.449477432946271e+03,1.764705882352941e+00,16874895
4.456535542394473e+03,4.454693196199257e+03,5.882352941176471e-01,16874898
4.457394095962883e+03,4.453864684198177e+03,1.176470588235294e+00,16874897
4.457813080497205e+03,4.456048374614852e+03,5.882352941176471e-01,16874899
4.462283472925815e+03,4.456989355278757e+03,1.764705882352941e+00,16874900
4.462688213609942e+03,4.457248056734535e+03,1.764705882352941e+00,16874901
4.462701785739522e+03,4.460937079857169e+03,5.882352941176471e-01,16874902
4.465057864483195e+03,4.463293158600842e+03,5.882352941176471e-01,16874905
4.465812884690521e+03,4.463657334907593e+03,5.882352941176471e-01,16874906
4.466217625374648e+03,4.464315539607026e+03,5.882352941176471e-01,16874907
4.466822570365548e+03,4.464593819177806e+03,5.882352941176471e-01,16874908
4.468587276247901e+03,4.466234036300308e+03,5.882352941176471e-01,16874909
4.469544666797290e+03,4.462526653195474e+03,1.764705882352941e+00,16874904
4.469544666797290e+03,4.461778301053530e+03,1.764705882352941e+00,16874903
4.471202995951933e+03,4.467552502972365e+03,5.882352941176471e-01,16874910
4.471202995951933e+03,4.467737644733630e+03,5.882352941176471e-01,16874912
4.472967701834286e+03,4.470018140929302e+03,5.882352941176471e-01,16874919
4.472967701834286e+03,4.470348329714493e+03,5.882352941176471e-01,16874920
4.474732407716639e+03,4.470600677994433e+03,1.176470588235294e+00,16874921
4.474732407716639e+03,4.471576385883100e+03,5.882352941176471e-01,16874924
4.476497113598992e+03,4.474387130941338e+03,5.882352941176470e-01,16874925
4.476497113598992e+03,4.467634078182967e+03,1.764705882352941e+00,16874911
4.479946634754623e+03,4.478181928872270e+03,5.882352941176471e-01,16874927
4.480026525363698e+03,4.474617810103343e+03,1.764705882352941e+00,16874926
4.481751285941513e+03,4.479549172906211e+03,5.882352941176471e-01,16874929
4.485443931922022e+03,4.483076038958517e+03,5.882352941176471e-01,16874935
4.485571057853738e+03,4.478976768180033e+03,1.764705882352941e+00,16874928
4.486710917309975e+03,4.483733637444936e+03,5.882352941176471e-01,16874939
4.487208637804375e+03,4.485245753975333e+03,5.882352941176471e-01,16874941
4.489452710131355e+03,4.480445882619168e+03,1.764705882352941e+00,16874931
4.490352433858256e+03,4.488402618337756e+03,5.882352941176471e-01,16874945
4.490977732791394e+03,4.486099418623106e+03,1.176470588235294e+00,16874942
4.492137523279383e+03,4.489779287630533e+03,5.882352941176471e-01,16874946
4.492742438673747e+03,4.486935126877126e+03,1.764705882352941e+00,16874944
4.493902229161736e+03,4.491597014061693e+03,5.882352941176471e-01,16874951
4.494919998736300e+03,4.490393200935803e+03,1.176470588235294e+00,16874948
4.497352705057453e+03,4.495587999175100e+03,5.882352941176471e-01,16874953
4.499739228835506e+03,4.497974522953153e+03,5.882352941176471e-01,16874955
4.499971385524869e+03,4.494677267877810e+03,1.764705882352941e+00,16874952
4.500939435659033e+03,4.495645318011974e+03,1.764705882352941e+00,16874954
4.501503934717859e+03,4.498145195545882e+03,5.882352941176471e-01,16874956
4.502075410534343e+03,4.500310704651990e+03,5.882352941176471e-01,16874957
4.503163208360861e+03,4.501398502478508e+03,5.882352941176471e-01,16874958
4.503268640600212e+03,4.501428809610829e+03,5.882352941176471e-01,16874959
4.504927914243214e+03,4.502710104914022e+03,5.882352941176471e-01,16874961
4.506056514022062e+03,4.502527102257356e+03,1.176470588235294e+00,16874960
4.507393683215469e+03,4.505628977333116e+03,5.882352941176471e-01,16874963
4.508908151086078e+03,4.503614033439019e+03,1.764705882352941e+00,16874962
4.510266604755984e+03,4.508501898873631e+03,5.882352941176471e-01,16874965
4.511551506329586e+03,4.509786800447233e+03,5.882352941176471e-01,16874967
4.513316212211939e+03,4.511387960309021e+03,5.882352941176471e-01,16874970
4.513729418778594e+03,4.507955496822784e+03,1.764705882352941e+00,16874964
4.514834484192454e+03,4.512049168124779e+03,5.882352941176471e-01,16874971
4.515080918094292e+03,4.513072280386864e+03,5.882352941176471e-01,16874973
4.516046657367877e+03,4.510579928434444e+03,1.176470588235294e+00,16874968
4.517811363250230e+03,4.509452474510596e+03,1.764705882352941e+00,16874966
4.521031326123780e+03,4.519266620241427e+03,5.882352941176471e-01,16874975
4.521684804503549e+03,4.519920098621196e+03,5.882352941176471e-01,16874976
4.522738103343357e+03,4.517443985696298e+03,1.764705882352941e+00,16874974
4.523122771196018e+03,4.520558600428688e+03,5.882352941176471e-01,16874977
4.524695143152040e+03,4.522671333252585e+03,5.882352941176471e-01,16874980
4.524695143152040e+03,4.522520555813875e+03,5.882352941176471e-01,16874979
4.526459849034393e+03,4.524587434273008e+03,5.882352941176471e-01,16874982
4.526652182960723e+03,4.521010207407265e+03,1.764705882352941e+00,16874978
4.528224554916746e+03,4.526161335492643e+03,5.882352941176471e-01,16874984
4.528224554916746e+03,4.525647892505674e+03,5.882352941176471e-01,16874983
4.529989260799099e+03,4.527719679438271e+03,5.882352941176471e-01,16874985
4.530181594725429e+03,4.524043636456883e+03,1.764705882352941e+00,16874981
4.531757972499973e+03,4.529192694678515e+03,5.882352941176471e-01,16874987
4.533711006490135e+03,4.528232566553789e+03,1.764705882352941e+00,16874986
4.533879690414554e+03,4.532114984532201e+03,5.882352941176471e-01,16874989
4.535287384264679e+03,4.529787127727915e+03,1.764705882352941e+00,16874988
4.536343430250568e+03,4.534578724368215e+03,5.882352941176471e-01,16874991
4.537240418254841e+03,4.532132085649985e+03,1.176470588235294e+00,16874990
4.538459844639891e+03,4.536695138757538e+03,5.882352941176471e-01,16874993
4.538918797640458e+03,4.535389385875752e+03,1.176470588235294e+00,16874992
4.539097936398713e+03,4.537333230516360e+03,5.882352941176471e-01,16874994
4.540224550522244e+03,4.537430735852408e+03,5.882352941176471e-01,16874995
4.544545611042387e+03,4.542780905160034e+03,5.882352941176471e-01,16874998
4.545065123391769e+03,4.539771005744710e+03,1.764705882352941e+00,16874996
4.546829829274122e+03,4.544857196783083e+03,5.882352941176471e-01,16875000
4.548075022807092e+03,4.542644231946097e+03,1.764705882352941e+00,16874997
4.549826061368052e+03,4.546980802621863e+03,5.882352941176471e-01,16875006
4.550359241038828e+03,4.544353675597212e+03,1.764705882352941e+00,16874999
4.552403533631838e+03,4.550638827749485e+03,5.882352941176471e-01,16875008
4.553355473132758e+03,4.547655879431710e+03,1.764705882352941e+00,16875007
4.553355473132758e+03,4.545248406718476e+03,1.764705882352941e+00,16875001
4.555120179015111e+03,4.553055456745257e+03,5.882352941176471e-01,16875011
4.555120179015111e+03,4.552819655553228e+03,5.882352941176471e-01,16875010
4.556884884897463e+03,4.554555632744805e+03,5.882352941176471e-01,16875015
4.556884884897463e+03,4.554517666516192e+03,5.882352941176471e-01,16875014
4.558649590779816e+03,4.556182824936587e+03,5.882352941176471e-01,16875017
4.560025683662210e+03,4.557462296543717e+03,5.882352941176471e-01,16875019
4.563211072206317e+03,4.550778753598453e+03,1.764705882352941e+00,16875009
4.563211072206317e+03,4.553602566751895e+03,1.764705882352941e+00,16875012
4.563211072206317e+03,4.555798224743825e+03,1.764705882352941e+00,16875016
4.564975778088670e+03,4.561604379353188e+03,5.882352941176471e-01,16875021
4.566740483971023e+03,4.557596746068847e+03,1.764705882352941e+00,16875020
4.568505189853376e+03,4.565481741693875e+03,5.882352941176470e-01,16875024
4.568505189853376e+03,4.561917002623156e+03,1.764705882352941e+00,16875022
4.570269895735729e+03,4.568126419008965e+03,5.882352941176471e-01,16875027
4.572034601618082e+03,4.565867478732460e+03,1.764705882352941e+00,16875025
4.572034601618082e+03,4.563583137987256e+03,1.764705882352941e+00,16875023
4.572421517056251e+03,4.570656811173898e+03,5.882352941176471e-01,16875028
4.573799307500435e+03,4.571221012221204e+03,5.882352941176471e-01,16875029
4.574186222938604e+03,4.572085683652092e+03,5.882352941176471e-01,16875031
4.575564013382788e+03,4.573610968769933e+03,5.882352941176471e-01,16875033
4.575564013382788e+03,4.573322930230561e+03,5.882352941176471e-01,16875032
4.577522176984225e+03,4.574365739867812e+03,5.882352941176471e-01,16875034
4.577715634703310e+03,4.571277248548822e+03,1.764705882352941e+00,16875030
4.579286882866578e+03,4.576975053946582e+03,5.882352941176471e-01,16875038
4.581051588748931e+03,4.574963267372767e+03,1.764705882352941e+00,16875035
4.582940581681508e+03,4.581175875799155e+03,5.882352941176471e-01,16875041
4.583054089316842e+03,4.577759971669783e+03,1.764705882352941e+00,16875039
4.584749535882797e+03,4.581933425926949e+03,5.882352941176471e-01,16875042
4.584818795199195e+03,4.583029078319381e+03,5.882352941176471e-01,16875044
4.585004205036903e+03,4.579710087389844e+03,1.764705882352941e+00,16875040
4.586818428682786e+03,4.585053722800433e+03,5.882352941176471e-01,16875045
4.587252142821108e+03,4.585487436938755e+03,5.882352941176471e-01,16875046
4.588704245580992e+03,4.586939539698639e+03,5.882352941176471e-01,16875047
4.589856568919150e+03,4.588091863036797e+03,5.882352941176471e-01,16875048
4.590107306303826e+03,4.588342600421473e+03,5.882352941176471e-01,16875049
4.591083641754892e+03,4.589318935872539e+03,5.882352941176471e-01,16875050
4.593073887757446e+03,4.591309181875093e+03,5.882352941176471e-01,16875051
4.597769544979379e+03,4.596004839097026e+03,5.882352941176471e-01,16875052
4.599400200458969e+03,4.597635494576616e+03,5.882352941176471e-01,16875054
4.602598657650354e+03,4.597304540003295e+03,1.764705882352941e+00,16875053
4.602979322491420e+03,4.601214616609067e+03,5.882352941176471e-01,16875056
4.603507699363469e+03,4.598213581716410e+03,1.764705882352941e+00,16875055
4.604617140093418e+03,4.601740085749039e+03,5.882352941176471e-01,16875058
4.604617140093418e+03,4.601263602994163e+03,5.882352941176471e-01,16875057
4.605346985521036e+03,4.603142207193461e+03,5.882352941176471e-01,16875060
4.606457947221846e+03,4.604693241339493e+03,5.882352941176471e-01,16875063
4.608146551858123e+03,4.603656859913897e+03,1.176470588235294e+00,16875062
4.610638881900078e+03,4.608874176017725e+03,5.882352941176471e-01,16875065
4.612265796725748e+03,4.606971679078689e+03,1.764705882352941e+00,16875064
4.615439844999785e+03,4.610145727352726e+03,1.764705882352941e+00,16875066
4.615932999547137e+03,4.610364848395669e+03,1.764705882352941e+00,16875067
4.617937672184967e+03,4.616172966302614e+03,5.882352941176471e-01,16875068
4.619310297253420e+03,4.617545591371067e+03,5.882352941176471e-01,16875070
4.622276556045092e+03,4.616982438398033e+03,1.764705882352941e+00,16875069
4.624533742153638e+03,4.619239624506580e+03,1.764705882352941e+00,16875071
4.624604414900479e+03,4.619278220309065e+03,1.764705882352941e+00,16875072
4.626298448035991e+03,4.624264236383346e+03,5.882352941176471e-01,16875074
4.629951112910227e+03,4.627898610788445e+03,5.882352941176471e-01,16875080
4.629951112910227e+03,4.627455549756288e+03,5.882352941176471e-01,16875079
4.630478367430032e+03,4.623419543900620e+03,1.764705882352941e+00,16875073
4.631722551285583e+03,4.628895051257920e+03,5.882352941176471e-01,16875082
4.631722551285583e+03,4.628557673058891e+03,5.882352941176471e-01,16875081
4.633590279106920e+03,4.631825573224567e+03,5.882352941176471e-01,16875086
4.636731378453500e+03,4.624780248372697e+03,1.764705882352941e+00,16875075
4.636731378453500e+03,4.625228748163530e+03,1.764705882352941e+00,16875076
4.636731378453500e+03,4.625705690317681e+03,1.764705882352941e+00,16875077
4.638554447222095e+03,4.633760714373425e+03,5.882352941176471e-01,16875087
4.640378068388018e+03,4.636877285669103e+03,5.882352941176471e-01,16875092
4.642142774270371e+03,4.638790108356376e+03,5.882352941176471e-01,16875096
4.644587501966930e+03,4.630212467882857e+03,1.764705882352941e+00,16875085
4.644587501966930e+03,4.629971310389238e+03,1.764705882352941e+00,16875084
4.646012196942180e+03,4.642757764311323e+03,5.882352941176471e-01,16875098
4.648116913731636e+03,4.641398101109328e+03,1.764705882352941e+00,16875097
4.649541608706886e+03,4.643213353571759e+03,1.764705882352941e+00,16875099
4.649881619613989e+03,4.647833233204041e+03,5.882352941176471e-01,16875102
4.651306314589239e+03,4.648984738836609e+03,5.882352941176471e-01,16875103
4.653084683854305e+03,4.650519185326040e+03,5.882352941176471e-01,16875104
4.653241025925143e+03,4.647193176653055e+03,1.764705882352941e+00,16875101
4.653241025925143e+03,4.645085389681897e+03,1.764705882352941e+00,16875100
4.655599101128218e+03,4.653834395245865e+03,5.882352941176471e-01,16875109
4.656614095619011e+03,4.651326809663309e+03,1.176470588235294e+00,16875107
4.658962898679556e+03,4.653668781032497e+03,1.764705882352941e+00,16875108
4.659431999257054e+03,4.657667293374701e+03,5.882352941176471e-01,16875110
4.662805044162594e+03,4.659839612986656e+03,5.882352941176471e-01,16875114
4.663069674334215e+03,4.657775556687156e+03,1.764705882352941e+00,16875111
4.664834380216568e+03,4.662859647204571e+03,5.882352941176471e-01,16875119
4.666334455927300e+03,4.663425174146582e+03,5.882352941176471e-01,16875120
4.666546160064597e+03,4.659137675855383e+03,1.176470588235294e+00,16875113
4.666546160064597e+03,4.658111551416129e+03,1.176470588235294e+00,16875112
4.668169457835564e+03,4.666404751953211e+03,5.882352941176471e-01,16875121
4.673126177688094e+03,4.667832060041035e+03,1.764705882352941e+00,16875122
4.673563653754959e+03,4.671798947872606e+03,5.882352941176471e-01,16875124
4.675250540899812e+03,4.669956423252753e+03,1.764705882352941e+00,16875123
4.676397728829244e+03,4.674633022946891e+03,5.882352941176471e-01,16875125
4.676562304589305e+03,4.674797598706952e+03,5.882352941176471e-01,16875126
4.677015246782165e+03,4.675093279156399e+03,5.882352941176471e-01,16875127
4.678162434711597e+03,4.676243462562795e+03,5.882352941176471e-01,16875128
4.680202020414824e+03,4.678437314532471e+03,5.882352941176471e-01,16875130
4.682146018417632e+03,4.680372185149454e+03,5.882352941176471e-01,16875135
4.683586075944589e+03,4.680843049234427e+03,5.882352941176471e-01,16875136
4.683829562211136e+03,4.678001245827649e+03,1.176470588235294e+00,16875129
4.685472524960216e+03,4.682436251591032e+03,5.882352941176471e-01,16875137
4.685472524960216e+03,4.683162653932670e+03,5.882352941176471e-01,16875138
4.685594268093489e+03,4.678616606652927e+03,1.764705882352941e+00,16875131
4.687303635020343e+03,4.685538929137990e+03,5.882352941176471e-01,16875140
4.689066916260117e+03,4.686131860478198e+03,5.882352941176471e-01,16875142
4.689413332412827e+03,4.687553459650081e+03,5.882352941176471e-01,16875144
4.690831622142470e+03,4.687994555137247e+03,5.882352941176471e-01,16875145
4.692596328024823e+03,4.688804891529945e+03,1.176470588235294e+00,16875146
4.692596328024823e+03,4.690176716456293e+03,5.882352941176471e-01,16875147
4.693451666873177e+03,4.685536079852833e+03,1.764705882352941e+00,16875139
4.696751338158004e+03,4.694986632275651e+03,5.882352941176471e-01,16875149
4.697890445671882e+03,4.692038291848950e+03,1.764705882352941e+00,16875148
4.698135843724074e+03,4.696371137841721e+03,5.882352941176471e-01,16875150
4.702313369571053e+03,4.697019251923994e+03,1.764705882352941e+00,16875151
4.703603305313494e+03,4.701838599431141e+03,5.882352941176471e-01,16875152
4.704783300655762e+03,4.703018594773409e+03,5.882352941176471e-01,16875153
4.706199034134182e+03,4.704434328251829e+03,5.882352941176471e-01,16875154
4.707086363488915e+03,4.705321657606562e+03,5.882352941176471e-01,16875155
4.708928728702741e+03,4.707164022820388e+03,5.882352941176471e-01,16875156
4.710693434585094e+03,4.708327441490862e+03,5.882352941176471e-01,16875159
4.713443262100084e+03,4.708149144453025e+03,1.764705882352941e+00,16875157
4.713558460719490e+03,4.708264343072431e+03,1.764705882352941e+00,16875158
4.715078618379815e+03,4.712632280454495e+03,5.882352941176471e-01,16875164
4.715078618379815e+03,4.711589043822253e+03,5.882352941176471e-01,16875163
4.716843324262168e+03,4.714554171611874e+03,5.882352941176471e-01,16875166
4.717087872484196e+03,4.710264044795227e+03,1.764705882352941e+00,16875160
4.718655116691776e+03,4.715528647849060e+03,5.882352941176471e-01,16875168
4.720617284248902e+03,4.715172791474325e+03,1.764705882352941e+00,16875167
4.722184528456482e+03,4.718961541783921e+03,5.882352941176471e-01,16875172
4.722316169572997e+03,4.718035574217511e+03,1.176470588235294e+00,16875170
4.724080875455350e+03,4.715578739096008e+03,1.764705882352941e+00,16875169
4.727478646103541e+03,4.722148238617292e+03,1.764705882352941e+00,16875173
4.727610287220056e+03,4.722290346671440e+03,1.764705882352941e+00,16875174
4.729075285267230e+03,4.725881233809502e+03,5.882352941176471e-01,16875177
4.729075285267230e+03,4.725486419901392e+03,5.882352941176471e-01,16875176
4.731139698984762e+03,4.725209740065196e+03,1.764705882352941e+00,16875175
4.731142635464965e+03,4.729377929582612e+03,5.882352941176471e-01,16875179
4.732885464411733e+03,4.731120758529380e+03,5.882352941176471e-01,16875180
4.732904404867115e+03,4.731123123448957e+03,5.882352941176471e-01,16875181
4.734513748738177e+03,4.732749042855824e+03,5.882352941176471e-01,16875182
4.736440235260786e+03,4.734675529378433e+03,5.882352941176471e-01,16875183
4.737752098806293e+03,4.735987392923940e+03,5.882352941176471e-01,16875184
4.740187762346592e+03,4.738423056464239e+03,5.882352941176471e-01,16875186
4.740591991214043e+03,4.738827285331690e+03,5.882352941176471e-01,16875187
4.741423872238925e+03,4.737894460474219e+03,1.176470588235294e+00,16875185
4.743348473378380e+03,4.741583767496027e+03,5.882352941176471e-01,16875188
4.746269130019571e+03,4.744504424137218e+03,5.882352941176471e-01,16875189
4.746982146270100e+03,4.745217440387747e+03,5.882352941176471e-01,16875191
4.750074223037948e+03,4.744780105390889e+03,1.764705882352941e+00,16875190
4.750592511803969e+03,4.748827805921616e+03,5.882352941176471e-01,16875192
4.751708000314952e+03,4.749943294432599e+03,5.882352941176471e-01,16875193
4.755314552967220e+03,4.753549847084867e+03,5.882352941176471e-01,16875195
4.755519624518069e+03,4.753754918635716e+03,5.882352941176471e-01,16875196
4.756882253098356e+03,4.754134789948612e+03,5.882352941176471e-01,16875198
4.756882253098356e+03,4.754032853536788e+03,5.882352941176471e-01,16875197
4.757284330400421e+03,4.755364672172055e+03,5.882352941176471e-01,16875200
4.758847997631742e+03,4.755553752465321e+03,5.882352941176471e-01,16875201
4.758847997631742e+03,4.755574292351612e+03,5.882352941176471e-01,16875202
4.760612703514095e+03,4.752958829831217e+03,1.176470588235294e+00,16875194
4.762377409396448e+03,4.755783056512468e+03,1.764705882352941e+00,16875203
4.764142115278801e+03,4.758667966972748e+03,1.764705882352941e+00,16875205
4.765948535494553e+03,4.763091998360061e+03,5.882352941176471e-01,16875208
4.768746053875528e+03,4.762720042844737e+03,1.764705882352941e+00,16875207
4.768746053875528e+03,4.762689437614879e+03,1.764705882352941e+00,16875206
4.769748261144290e+03,4.764225543945600e+03,1.764705882352941e+00,16875210
4.774040171522586e+03,4.768422138632633e+03,1.764705882352941e+00,16875212
4.774040171522586e+03,4.766612620501414e+03,1.764705882352941e+00,16875211
4.775293129479037e+03,4.771899693078381e+03,5.882352941176471e-01,16875214
4.775804877404939e+03,4.773535162624221e+03,5.882352941176471e-01,16875218
4.777313709324341e+03,4.774615149257229e+03,5.882352941176471e-01,16875219
4.777313709324341e+03,4.774797580844670e+03,5.882352941176471e-01,16875220
4.777569583287292e+03,4.771743500631721e+03,1.764705882352941e+00,16875213
4.782477658240105e+03,4.780712952357752e+03,5.882352941176471e-01,16875222
4.782607826971400e+03,4.776601410992921e+03,1.764705882352941e+00,16875221
4.783061946491814e+03,4.781297240609461e+03,5.882352941176471e-01,16875223
4.787771775887164e+03,4.782344185803109e+03,1.764705882352941e+00,16875224
4.788916733434911e+03,4.786316171858366e+03,5.882352941176471e-01,16875228
4.789302031970782e+03,4.783622615787853e+03,1.764705882352941e+00,16875225
4.790108960543391e+03,4.787704312922569e+03,5.882352941176471e-01,16875230
4.790108960543391e+03,4.787296097261150e+03,5.882352941176471e-01,16875229
4.792831443735488e+03,4.784425637965480e+03,1.764705882352941e+00,16875227
4.794119537911726e+03,4.792354832029373e+03,5.882352941176471e-01,16875232
4.795403078190450e+03,4.789519881805550e+03,1.764705882352941e+00,16875231
4.795884243794079e+03,4.793952824588816e+03,5.882352941176471e-01,16875234
4.796880297343537e+03,4.794318754459294e+03,5.882352941176471e-01,16875235
4.798932489955155e+03,4.793350885578831e+03,1.764705882352941e+00,16875233
4.799891976748666e+03,4.798127270866313e+03,5.882352941176471e-01,16875236
4.800425709052850e+03,4.798661003170497e+03,5.882352941176471e-01,16875237
4.800697195837508e+03,4.798818970945052e+03,5.882352941176471e-01,16875238
4.801667536957239e+03,4.799234470886047e+03,5.882352941176471e-01,16875239
4.802190414935203e+03,4.799913685401105e+03,5.882352941176471e-01,16875241
4.803432242839591e+03,4.800873946732247e+03,5.882352941176471e-01,16875243
4.805991313484567e+03,4.800686844149142e+03,1.764705882352941e+00,16875242
4.806961654604297e+03,4.804620406871653e+03,5.882352941176471e-01,16875246
4.807725001644335e+03,4.802430883997276e+03,1.764705882352941e+00,16875244
4.809520725249273e+03,4.802676872392841e+03,1.764705882352941e+00,16875245
4.810856454387149e+03,4.807947356669714e+03,5.882352941176471e-01,16875249
4.812827894211094e+03,4.809867117881980e+03,5.882352941176471e-01,16875250
4.813034628152686e+03,4.807530952706845e+03,1.764705882352941e+00,16875248
4.813034628152686e+03,4.807327042622443e+03,1.764705882352941e+00,16875247
4.814630075408442e+03,4.811990402525688e+03,5.882352941176471e-01,16875252
4.814799334035039e+03,4.812902844841083e+03,5.882352941176471e-01,16875254
4.815342664159994e+03,4.813577958277641e+03,5.882352941176471e-01,16875255
4.816479410604093e+03,4.814421936341173e+03,5.882352941176471e-01,16875257
4.819104052526365e+03,4.817339346644012e+03,5.882352941176471e-01,16875258
4.819767429426860e+03,4.818002723544507e+03,5.882352941176471e-01,16875259
4.820008822368799e+03,4.814306488860588e+03,1.764705882352941e+00,16875256
4.822243532979000e+03,4.820478827096647e+03,5.882352941176471e-01,16875261
4.824398170173424e+03,4.819071964679942e+03,1.764705882352941e+00,16875260
4.825049460570473e+03,4.823284754688120e+03,5.882352941176471e-01,16875263
4.826419558835838e+03,4.824654852953485e+03,5.882352941176471e-01,16875264
4.827189462788505e+03,4.825424756906152e+03,5.882352941176471e-01,16875265
4.828217443600079e+03,4.825707881239684e+03,5.882352941176471e-01,16875266
4.828250622481967e+03,4.822956504834908e+03,1.764705882352941e+00,16875262
4.828954168670858e+03,4.826503228070464e+03,5.882352941176471e-01,16875268
4.831548501176253e+03,4.829783795293900e+03,5.882352941176471e-01,16875269
4.832508910181837e+03,4.830744204299484e+03,5.882352941176471e-01,16875270
4.833181645247174e+03,4.831416939364821e+03,5.882352941176471e-01,16875271
4.838118274943972e+03,4.832824157296913e+03,1.764705882352941e+00,16875272
4.838421517193305e+03,4.836656811310952e+03,5.882352941176471e-01,16875274
4.840034601950991e+03,4.837578311387440e+03,5.882352941176471e-01,16875277
4.840034601950991e+03,4.837571469829264e+03,5.882352941176471e-01,16875276
4.840680988180678e+03,4.838572577653287e+03,5.882352941176471e-01,16875278
4.842908234078691e+03,4.841143528196338e+03,5.882352941176471e-01,16875279
4.843564013715697e+03,4.836707016452277e+03,1.764705882352941e+00,16875275
4.843564013715697e+03,4.835386870533619e+03,1.764705882352941e+00,16875273
4.844672939961044e+03,4.841270385117494e+03,5.882352941176471e-01,16875280
4.846761413648892e+03,4.844996707766539e+03,5.882352941176471e-01,16875283
4.848631428606993e+03,4.846623199465350e+03,5.882352941176471e-01,16875285
4.849391580486954e+03,4.846972031800388e+03,5.882352941176471e-01,16875287
4.849930244994860e+03,4.844097462839895e+03,1.764705882352941e+00,16875281
4.850396134489346e+03,4.847961624709368e+03,5.882352941176471e-01,16875288
4.853925546254052e+03,4.845052257211320e+03,1.764705882352941e+00,16875284
4.855259955916102e+03,4.852715976846574e+03,5.882352941176471e-01,16875293
4.855367529971177e+03,4.848885262583572e+03,1.764705882352941e+00,16875289
4.857096377835172e+03,4.854425532708698e+03,5.882352941176471e-01,16875298
4.857096377835172e+03,4.854062854259805e+03,5.882352941176471e-01,16875297
4.857485261231150e+03,4.855386885525633e+03,5.882352941176471e-01,16875300
4.858861083717525e+03,4.855750858561189e+03,5.882352941176471e-01,16875302
4.860820231297867e+03,4.853759825957557e+03,1.764705882352941e+00,16875296
4.860820231297867e+03,4.851297419042460e+03,1.764705882352941e+00,16875292
4.862670528038545e+03,4.859927773686373e+03,5.882352941176471e-01,16875306
4.864645956494230e+03,4.859414805922118e+03,1.176470588235294e+00,16875304
4.866410662376583e+03,4.859312297990489e+03,1.764705882352941e+00,16875303
4.868147271915825e+03,4.865039394344059e+03,5.882352941176471e-01,16875312
4.869958576532736e+03,4.866830737637203e+03,5.882352941176471e-01,16875316
4.869958576532736e+03,4.867033680004796e+03,5.882352941176471e-01,16875317
4.869958576532736e+03,4.867510508527502e+03,5.882352941176471e-01,16875318
4.871723282415089e+03,4.868333666854057e+03,5.882352941176471e-01,16875320
4.873487988297442e+03,4.870859276515723e+03,5.882352941176471e-01,16875322
4.874208548283832e+03,4.862489929873515e+03,1.764705882352941e+00,16875307
4.875973254166184e+03,4.873867312701848e+03,5.882352941176471e-01,16875329
4.877244994704791e+03,4.875328707100976e+03,5.882352941176471e-01,16875331
4.877244994704791e+03,4.874500147545485e+03,5.882352941176471e-01,16875330
4.878296893703618e+03,4.876532187821265e+03,5.882352941176471e-01,16875332
4.879009700587144e+03,4.877221306289840e+03,5.882352941176471e-01,16875333
4.881227020330929e+03,4.879462314448576e+03,5.882352941176471e-01,16875335
4.881254941656339e+03,4.868999929901746e+03,1.764705882352941e+00,16875321
4.884689573148166e+03,4.878072019505607e+03,1.764705882352941e+00,16875334
4.885422576180499e+03,4.880128458533441e+03,1.764705882352941e+00,16875336
4.887005913564686e+03,4.885241207682333e+03,5.882352941176471e-01,16875337
4.887306876520248e+03,4.885542170637895e+03,5.882352941176471e-01,16875338
4.890891009570244e+03,4.885596891923186e+03,1.764705882352941e+00,16875339
4.892300031211745e+03,4.885872513308721e+03,1.764705882352941e+00,16875340
4.894350087817372e+03,4.889055970170314e+03,1.764705882352941e+00,16875341
4.894378373186762e+03,4.892613667304409e+03,5.882352941176471e-01,16875342
4.896900012422735e+03,4.895135306540382e+03,5.882352941176471e-01,16875344
4.897174945683074e+03,4.893645533918368e+03,1.176470588235294e+00,16875343
4.897667714168974e+03,4.895903008286621e+03,5.882352941176471e-01,16875345
4.898664718305088e+03,4.896281666973715e+03,5.882352941176471e-01,16875346
4.900704357447780e+03,4.897034208462190e+03,1.176470588235294e+00,16875347
4.904707967745571e+03,4.899413850098512e+03,1.764705882352941e+00,16875348
4.906441796744015e+03,4.901147679096956e+03,1.764705882352941e+00,16875349
4.907432033164484e+03,4.905667327282132e+03,5.882352941176471e-01,16875350
4.908790648217444e+03,4.907025942335091e+03,5.882352941176471e-01,16875351
4.908901305736926e+03,4.907136599854574e+03,5.882352941176471e-01,16875352
4.910609753110669e+03,4.908845047228317e+03,5.882352941176471e-01,16875353
4.913807571709971e+03,4.912042865827618e+03,5.882352941176471e-01,16875356
4.914875144015946e+03,4.912642641889017e+03,5.882352941176471e-01,16875357
4.915405397832232e+03,4.911345732251240e+03,1.176470588235294e+00,16875354
4.916656727857280e+03,4.913982106314762e+03,5.882352941176471e-01,16875358
4.917170103714585e+03,4.911709106307435e+03,1.764705882352941e+00,16875355
4.918678121668285e+03,4.915538660575646e+03,5.882352941176471e-01,16875363
4.918678121668285e+03,4.915453024516386e+03,5.882352941176471e-01,16875362
4.920442827550638e+03,4.917513154752680e+03,5.882352941176471e-01,16875364
4.920442827550638e+03,4.918262752593045e+03,5.882352941176471e-01,16875365
4.920723328821368e+03,4.914908899933907e+03,1.764705882352941e+00,16875360
4.922207533432991e+03,4.919412743363906e+03,5.882352941176471e-01,16875366
4.922863462974301e+03,4.921098757091948e+03,5.882352941176471e-01,16875367
4.923686545578981e+03,4.921921839696628e+03,5.882352941176471e-01,16875368
4.925003145326990e+03,4.923238439444637e+03,5.882352941176471e-01,16875369
4.926314856318006e+03,4.924550150435653e+03,5.882352941176471e-01,16875370
4.927921638705445e+03,4.926156932823092e+03,5.882352941176471e-01,16875371
4.928234804991148e+03,4.926470099108795e+03,5.882352941176471e-01,16875372
4.930903703230564e+03,4.929138997348211e+03,5.882352941176471e-01,16875373
4.931011443899792e+03,4.929246738017439e+03,5.882352941176471e-01,16875374
4.933986856895770e+03,4.932222151013417e+03,5.882352941176471e-01,16875377
4.935262589831036e+03,4.929968472183978e+03,1.764705882352941e+00,16875375
4.935710439432778e+03,4.933768706332402e+03,5.882352941176471e-01,16875379
4.935710439432778e+03,4.932576095996865e+03,5.882352941176471e-01,16875378
4.939015926396613e+03,4.936386087842642e+03,5.882352941176471e-01,16875383
4.939239851197483e+03,4.932139904322727e+03,1.764705882352941e+00,16875376
4.940780632278966e+03,4.937827367976578e+03,5.882352941176471e-01,16875384
4.943654990025418e+03,4.934464073338361e+03,1.764705882352941e+00,16875380
4.944336442265677e+03,4.939042324618618e+03,1.764705882352941e+00,16875385
4.945682102443583e+03,4.943917396561230e+03,5.882352941176471e-01,16875387
4.946074749926025e+03,4.940581640903329e+03,1.764705882352941e+00,16875386
4.946492217055398e+03,4.944727511173045e+03,5.882352941176471e-01,16875388
4.948712347301889e+03,4.946947641419536e+03,5.882352941176471e-01,16875390
4.949605564002204e+03,4.947840858119851e+03,5.882352941176471e-01,16875391
4.950983186886866e+03,4.945689069239807e+03,1.764705882352941e+00,16875389
4.953156514223935e+03,4.951391808341582e+03,5.882352941176471e-01,16875392
4.955708824246748e+03,4.953944118364395e+03,5.882352941176471e-01,16875393
4.956799868721552e+03,4.955035162839199e+03,5.882352941176471e-01,16875394
4.957060123018310e+03,4.955295417135957e+03,5.882352941176471e-01,16875395
4.958928284622312e+03,4.957163578739959e+03,5.882352941176471e-01,16875396
4.964779571357204e+03,4.959485453710145e+03,1.764705882352941e+00,16875397
4.965151459605597e+03,4.963386753723244e+03,5.882352941176471e-01,16875399
4.965502014515325e+03,4.960207896868267e+03,1.764705882352941e+00,16875398
4.966727378843343e+03,4.963613743591122e+03,5.882352941176471e-01,16875400
4.968617942488767e+03,4.966238146526300e+03,5.882352941176471e-01,16875405
4.968617942488767e+03,4.965945161286981e+03,5.882352941176471e-01,16875404
4.971471743207929e+03,4.965165178339167e+03,1.764705882352941e+00,16875403
4.971471743207929e+03,4.965145774564776e+03,1.764705882352941e+00,16875402
4.973211635299218e+03,4.969695625602286e+03,5.882352941176471e-01,16875408
4.974976341181571e+03,4.973085175153314e+03,5.882352941176471e-01,16875411
4.975001154972634e+03,4.969657409743449e+03,1.764705882352941e+00,16875407
4.976749318327612e+03,4.973649952193863e+03,5.882352941176471e-01,16875412
4.976749318327612e+03,4.974080687678066e+03,5.882352941176471e-01,16875413
4.976749318327612e+03,4.974275978001828e+03,5.882352941176471e-01,16875414
4.980278730092318e+03,4.971695628908671e+03,1.764705882352941e+00,16875410
4.980278730092318e+03,4.970123150738505e+03,1.764705882352941e+00,16875409
4.980444830173860e+03,4.977076176994433e+03,5.882352941176471e-01,16875416
4.982043435974671e+03,4.978846224373049e+03,5.882352941176471e-01,16875418
4.983808141857023e+03,4.981339693649234e+03,5.882352941176471e-01,16875421
4.984089701580013e+03,4.982132090089477e+03,5.882352941176471e-01,16875422
4.985457388097930e+03,4.976182793100363e+03,1.764705882352941e+00,16875415
4.985760554221369e+03,4.983187654533526e+03,5.882352941176471e-01,16875424
4.985760554221369e+03,4.982680831949178e+03,5.882352941176471e-01,16875423
4.987222093980283e+03,4.984723817259362e+03,5.882352941176471e-01,16875426
4.988986799862635e+03,4.987189638124280e+03,5.882352941176471e-01,16875428
4.989395547581623e+03,4.987546309994352e+03,5.882352941176471e-01,16875429
4.989951717139757e+03,4.980091740442443e+03,1.764705882352941e+00,16875419
4.990945693300630e+03,4.987699051427465e+03,5.882352941176471e-01,16875430
4.991160253463976e+03,4.989278081196098e+03,5.882352941176471e-01,16875433
4.993234938151031e+03,4.991470232268678e+03,5.882352941176471e-01,16875435
4.994475105065336e+03,4.985866135816917e+03,1.764705882352941e+00,16875427
4.995245834786815e+03,4.989569520761427e+03,1.764705882352941e+00,16875434
4.999096832151113e+03,4.997332126268761e+03,5.882352941176471e-01,16875438
4.999502613527173e+03,4.994208495880115e+03,1.764705882352941e+00,16875436
5.000493182111843e+03,4.995199064464785e+03,1.764705882352941e+00,16875437
5.000973646288259e+03,4.997440397825922e+03,5.882352941176471e-01,16875439
5.001267319409526e+03,4.999264994533302e+03,5.882352941176471e-01,16875442
5.002593674023714e+03,5.000828968141361e+03,5.882352941176471e-01,16875443
5.006274613888299e+03,5.004509908005946e+03,5.882352941176471e-01,16875446
5.006684994722842e+03,5.001390877075783e+03,1.764705882352941e+00,16875444
5.008179494246067e+03,5.002885376599008e+03,1.764705882352941e+00,16875445
5.008415179357515e+03,5.006650473475162e+03,5.882352941176471e-01,16875447
5.009611288538505e+03,5.007846582656153e+03,5.882352941176471e-01,16875448
5.010113993112749e+03,5.008349287230396e+03,5.882352941176471e-01,16875449
5.014097136013189e+03,5.012332430130836e+03,5.882352941176471e-01,16875451
5.015861841895542e+03,5.013616233251238e+03,5.882352941176471e-01,16875453
5.016621586861004e+03,5.011327469213945e+03,1.764705882352941e+00,16875450
5.017826829154246e+03,5.015307537430179e+03,5.882352941176471e-01,16875454
5.018044732154304e+03,5.012750614507245e+03,1.764705882352941e+00,16875452
5.019700486536628e+03,5.017311100663473e+03,5.882352941176471e-01,16875461
5.022260461409297e+03,5.016112193615980e+03,1.764705882352941e+00,16875459
5.023229898301333e+03,5.017331027498196e+03,1.764705882352941e+00,16875462
5.024994604183686e+03,5.022296161290236e+03,5.882352941176471e-01,16875469
5.025218347859845e+03,5.019206810837366e+03,1.176470588235294e+00,16875463
5.025807723114472e+03,5.023672109830767e+03,5.882352941176471e-01,16875470
5.026983053742198e+03,5.025167805341398e+03,5.882352941176471e-01,16875471
5.027762442913395e+03,5.025997737031042e+03,5.882352941176471e-01,16875472
5.028524015948392e+03,5.021473106153306e+03,1.764705882352941e+00,16875467
5.029267352405349e+03,5.026887086296011e+03,5.882352941176471e-01,16875474
5.030660390059223e+03,5.028365665302582e+03,5.882352941176471e-01,16875477
5.032425095941576e+03,5.029696579459614e+03,5.882352941176471e-01,16875479
5.032796764170055e+03,5.026401369145562e+03,1.764705882352941e+00,16875473
5.034189801823929e+03,5.031625286844662e+03,5.882352941176471e-01,16875480
5.036140341820521e+03,5.029492918435817e+03,1.764705882352941e+00,16875478
5.036140341820521e+03,5.028128488492378e+03,1.764705882352941e+00,16875476
5.037914848810579e+03,5.036150142928226e+03,5.882352941176471e-01,16875481
5.039674899152206e+03,5.037910193269854e+03,5.882352941176471e-01,16875482
5.045172213277062e+03,5.043407507394709e+03,5.882352941176471e-01,16875486
5.046280451917467e+03,5.040986334270408e+03,1.764705882352941e+00,16875483
5.047040988394414e+03,5.044009092512641e+03,5.882352941176471e-01,16875487
5.047145057629414e+03,5.041562856762704e+03,1.764705882352941e+00,16875484
5.048390371817869e+03,5.046189016415695e+03,5.882352941176471e-01,16875489
5.048805694276767e+03,5.046970879953566e+03,5.882352941176471e-01,16875491
5.050155077700222e+03,5.048042429589182e+03,5.882352941176471e-01,16875493
5.050530984013652e+03,5.041930884732007e+03,1.176470588235294e+00,16875485
5.050737855948616e+03,5.048973150066263e+03,5.882352941176471e-01,16875494
5.051919783582575e+03,5.049566899972881e+03,5.882352941176471e-01,16875495
5.054031500171948e+03,5.052266794289595e+03,5.882352941176471e-01,16875496
5.054036425369331e+03,5.047184473774883e+03,1.764705882352941e+00,16875492
5.055796206054300e+03,5.053807605189932e+03,5.882352941176471e-01,16875498
5.055908336071427e+03,5.054143630189074e+03,5.882352941176471e-01,16875499
5.059437747836133e+03,5.053644336663986e+03,1.764705882352941e+00,16875497
5.061049597832932e+03,5.055381141473773e+03,1.176470588235294e+00,16875501
5.062814303715285e+03,5.057052134470857e+03,1.764705882352941e+00,16875502
5.062814303715285e+03,5.054296698807529e+03,1.764705882352941e+00,16875500
5.064602525943602e+03,5.061128656235398e+03,5.882352941176471e-01,16875505
5.064602525943602e+03,5.061404478929305e+03,5.882352941176471e-01,16875506
5.064602525943602e+03,5.061816891249934e+03,5.882352941176471e-01,16875507
5.066367231825955e+03,5.063798813540301e+03,5.882352941176471e-01,16875510
5.066367231825955e+03,5.064179016832582e+03,5.882352941176471e-01,16875511
5.068131937708308e+03,5.065649759443855e+03,5.882352941176471e-01,16875513
5.068131937708308e+03,5.065189330142551e+03,5.882352941176471e-01,16875512
5.069014290649485e+03,5.063264889628171e+03,1.176470588235294e+00,16875509
5.070778996531838e+03,5.061096630524860e+03,1.764705882352941e+00,16875504
5.071464053976310e+03,5.069003597021140e+03,5.882352941176471e-01,16875516
5.074308408296543e+03,5.068619699656077e+03,1.764705882352941e+00,16875514
5.074993465741016e+03,5.068624143451506e+03,1.764705882352941e+00,16875515
5.076681182301671e+03,5.074916476419318e+03,5.882352941176471e-01,16875518
5.077540621598919e+03,5.072246503951860e+03,1.764705882352941e+00,16875517
5.078484382844873e+03,5.075208942600957e+03,5.882352941176471e-01,16875520
5.080615468333701e+03,5.078850762451348e+03,5.882352941176471e-01,16875522
5.081070033363625e+03,5.074970423564821e+03,1.764705882352941e+00,16875519
5.082013794609579e+03,5.076130240134900e+03,1.764705882352941e+00,16875521
5.085909585980760e+03,5.079611937638320e+03,1.764705882352941e+00,16875523
5.086795627959843e+03,5.083266216195137e+03,1.176470588235294e+00,16875524
5.088526471425195e+03,5.086761765542842e+03,5.882352941176471e-01,16875526
5.090532320437494e+03,5.085238202790435e+03,1.764705882352941e+00,16875525
5.091061062563985e+03,5.089296356681633e+03,5.882352941176471e-01,16875527
5.094704063926277e+03,5.089409946279218e+03,1.764705882352941e+00,16875528
5.096744411798494e+03,5.094979705916141e+03,5.882352941176471e-01,16875531
5.096988914579714e+03,5.095224208697362e+03,5.882352941176471e-01,16875532
5.097488847433506e+03,5.092194729786447e+03,1.764705882352941e+00,16875529
5.099768291966704e+03,5.098003586084351e+03,5.882352941176471e-01,16875534
5.100438650579335e+03,5.093379827049923e+03,1.764705882352941e+00,16875530
5.101849927522573e+03,5.099667983189300e+03,5.882352941176471e-01,16875537
5.103614633404926e+03,5.100990549224664e+03,5.882352941176471e-01,16875538
5.103839734593504e+03,5.095943162862675e+03,1.764705882352941e+00,16875533
5.105491889881568e+03,5.098637445431383e+03,1.764705882352941e+00,16875535
5.108998791527416e+03,5.102223809745052e+03,1.764705882352941e+00,16875539
5.110965784958237e+03,5.105671667311178e+03,1.764705882352941e+00,16875544
5.111299962215383e+03,5.109535256333030e+03,5.882352941176471e-01,16875545
5.113344508236065e+03,5.109815096471359e+03,1.176470588235294e+00,16875546
5.114509238065920e+03,5.112744532183567e+03,5.882352941176471e-01,16875547
5.114722375548960e+03,5.112957669666607e+03,5.882352941176471e-01,16875548
5.115522595686666e+03,5.113757889804313e+03,5.882352941176471e-01,16875549
5.116273943948273e+03,5.114128195199482e+03,5.882352941176471e-01,16875550
5.118038649830626e+03,5.115585013238146e+03,5.882352941176471e-01,16875554
5.119779872595677e+03,5.114582846900835e+03,1.176470588235294e+00,16875551
5.121544578478029e+03,5.114735219049540e+03,1.764705882352941e+00,16875552
5.123117650409923e+03,5.120034910836190e+03,5.882352941176471e-01,16875558
5.123282086391595e+03,5.116328672625476e+03,1.764705882352941e+00,16875555
5.124095820326329e+03,5.121531383132069e+03,5.882352941176471e-01,16875562
5.124095820326329e+03,5.121448205909013e+03,5.882352941176471e-01,16875561
5.125046792273948e+03,5.119397715882332e+03,1.176470588235294e+00,16875557
5.128431663242438e+03,5.126666957360085e+03,5.882352941176471e-01,16875565
5.129202511758149e+03,5.126800707289621e+03,5.882352941176471e-01,16875566
5.132181202447071e+03,5.125673099993443e+03,1.764705882352941e+00,16875563
5.133299604447977e+03,5.128871918122292e+03,1.176470588235294e+00,16875568
5.135064310330330e+03,5.129133986889730e+03,1.764705882352941e+00,16875569
5.135064310330330e+03,5.127461080236257e+03,1.764705882352941e+00,16875567
5.135166363102284e+03,5.132557237000008e+03,5.882352941176471e-01,16875570
5.136829016212683e+03,5.134891569010081e+03,5.882352941176471e-01,16875573
5.138593722095036e+03,5.136699224686180e+03,5.882352941176471e-01,16875576
5.138896818092298e+03,5.133503709991885e+03,1.176470588235294e+00,16875572
5.142355171269022e+03,5.135618033537059e+03,1.764705882352941e+00,16875575
5.143948223653901e+03,5.140776768977946e+03,5.882352941176471e-01,16875581
5.145780121816209e+03,5.144015415933856e+03,5.882352941176471e-01,16875583
5.146656254608352e+03,5.138664780683017e+03,1.764705882352941e+00,16875578
5.146656254608352e+03,5.137333155435253e+03,1.764705882352941e+00,16875577
5.147982894094633e+03,5.144479482963001e+03,5.882352941176471e-01,16875585
5.148621860830423e+03,5.146857154948070e+03,5.882352941176471e-01,16875586
5.150084213594288e+03,5.140479195801001e+03,1.176470588235294e+00,16875580
5.150084213594288e+03,5.139800355717234e+03,1.176470588235294e+00,16875579
5.153277011741692e+03,5.151439562300544e+03,5.882352941176471e-01,16875589
5.153613625358994e+03,5.146857508177569e+03,1.764705882352941e+00,16875587
5.153613625358994e+03,5.144105146312689e+03,1.764705882352941e+00,16875584
5.155100430002745e+03,5.153335724120392e+03,5.882352941176471e-01,16875590
5.155483507469211e+03,5.153718801586858e+03,5.882352941176471e-01,16875591
5.157084324745000e+03,5.149557324353193e+03,1.764705882352941e+00,16875588
5.160394547649804e+03,5.158009297031060e+03,5.882352941176471e-01,16875595
5.160613736509706e+03,5.154128688199916e+03,1.764705882352941e+00,16875592
5.160953933402529e+03,5.155659815755470e+03,1.764705882352941e+00,16875593
5.162159253532157e+03,5.159134415364411e+03,5.882352941176471e-01,16875596
5.162378442392059e+03,5.156839199185000e+03,1.176470588235294e+00,16875594
5.168591226674346e+03,5.163297109027288e+03,1.764705882352941e+00,16875597
5.168681775029509e+03,5.166375277674560e+03,5.882352941176471e-01,16875601
5.169000469269964e+03,5.163347787685537e+03,1.764705882352941e+00,16875598
5.172347896825652e+03,5.165152363264803e+03,1.176470588235294e+00,16875600
5.172347896825652e+03,5.167768013652241e+03,1.176470588235294e+00,16875602
5.174112602708005e+03,5.171179280593295e+03,5.882352941176470e-01,16875605
5.174112602708005e+03,5.163746221319819e+03,1.764705882352941e+00,16875599
5.175877308590358e+03,5.172488894150215e+03,5.882352941176471e-01,16875607
5.177642014472711e+03,5.174328012194890e+03,5.882352941176470e-01,16875609
5.177642014472711e+03,5.168772759902611e+03,1.764705882352941e+00,16875604
5.179406720355064e+03,5.173976744174171e+03,1.176470588235294e+00,16875608
5.181171426237416e+03,5.175134953800789e+03,1.176470588235294e+00,16875610
5.181171426237416e+03,5.172404623144036e+03,1.764705882352941e+00,16875606
5.182936132119769e+03,5.179915919131125e+03,5.882352941176470e-01,16875614
5.182936132119769e+03,5.176914459067630e+03,1.764705882352941e+00,16875612
5.186465543884475e+03,5.182789807069456e+03,1.176470588235294e+00,16875616
5.186465543884475e+03,5.179858476020122e+03,1.764705882352941e+00,16875613
5.187305650651315e+03,5.185540944768962e+03,5.882352941176471e-01,16875617
5.188510285355775e+03,5.185570794602784e+03,5.882352941176471e-01,16875618
5.188510285355775e+03,5.185703959689670e+03,5.882352941176471e-01,16875619
5.190274991238128e+03,5.186089754523836e+03,1.176470588235294e+00,16875620
5.192767817088078e+03,5.191003111205725e+03,5.882352941176471e-01,16875621
5.193709471044904e+03,5.191944765162551e+03,5.882352941176471e-01,16875622
5.195228197115427e+03,5.193463491233074e+03,5.882352941176471e-01,16875623
5.196459887993855e+03,5.194695182111502e+03,5.882352941176471e-01,16875625
5.197323216375020e+03,5.193793804610314e+03,1.176470588235294e+00,16875624
5.199027516661498e+03,5.197262810779145e+03,5.882352941176471e-01,16875626
5.199726616257353e+03,5.197961910375000e+03,5.882352941176471e-01,16875628
5.201014077599831e+03,5.197484665835125e+03,1.176470588235294e+00,16875627
5.205038107603990e+03,5.203273401721637e+03,5.882352941176471e-01,16875631
5.205985565470380e+03,5.200691447823321e+03,1.764705882352941e+00,16875629
5.206728374769108e+03,5.204089426252226e+03,5.882352941176471e-01,16875632
5.206802813486343e+03,5.203198963004402e+03,1.176470588235294e+00,16875630
5.208121676002097e+03,5.205967984904826e+03,5.882352941176471e-01,16875634
5.208121676002097e+03,5.205936467018822e+03,5.882352941176471e-01,16875633
5.209818090898771e+03,5.208053385016418e+03,5.882352941176471e-01,16875635
5.212129855985782e+03,5.208600444221076e+03,1.176470588235294e+00,16875636
5.214050096951841e+03,5.212285391069488e+03,5.882352941176471e-01,16875638
5.214657166144735e+03,5.212700525553873e+03,5.882352941176471e-01,16875640
5.215814802834194e+03,5.213137122299474e+03,5.882352941176471e-01,16875641
5.216255760011807e+03,5.212560236231820e+03,1.176470588235294e+00,16875639
5.217744075111462e+03,5.215299258375299e+03,5.882352941176471e-01,16875642
5.218020465894160e+03,5.211127754380030e+03,1.764705882352941e+00,16875637
5.219693041515614e+03,5.216707298315712e+03,5.882352941176471e-01,16875646
5.221775646810818e+03,5.216143935624025e+03,1.764705882352941e+00,16875644
5.223222453280320e+03,5.217545136317278e+03,1.764705882352941e+00,16875647
5.223609752780287e+03,5.221192502212138e+03,5.882352941176471e-01,16875650
5.226081096490166e+03,5.221879746941491e+03,1.176470588235294e+00,16875653
5.227139164544992e+03,5.220786978843107e+03,1.764705882352941e+00,16875649
5.228516570927378e+03,5.223043124590791e+03,1.764705882352941e+00,16875654
5.229147224099121e+03,5.227382518216768e+03,5.882352941176471e-01,16875656
5.230960567908171e+03,5.229195862025818e+03,5.882352941176471e-01,16875657
5.232358060210107e+03,5.227063942563048e+03,1.764705882352941e+00,16875655
5.233784491545696e+03,5.232019785663343e+03,5.882352941176471e-01,16875659
5.234593649019642e+03,5.229299531372583e+03,1.764705882352941e+00,16875658
5.234628907509238e+03,5.232864201626885e+03,5.882352941176471e-01,16875660
5.235549197428049e+03,5.233535351921146e+03,5.882352941176471e-01,16875661
5.237023333840820e+03,5.235258627958467e+03,5.882352941176471e-01,16875662
5.238447379848249e+03,5.236682673965896e+03,5.882352941176471e-01,16875663
5.243159409401551e+03,5.241394703519198e+03,5.882352941176471e-01,16875664
5.247237407565982e+03,5.243707995801276e+03,1.176470588235294e+00,16875666
5.247419114847481e+03,5.242124997200423e+03,1.764705882352941e+00,16875665
5.249876296175450e+03,5.248111590293097e+03,5.882352941176471e-01,16875667
5.255435923124991e+03,5.253671217242638e+03,5.882352941176471e-01,16875668
5.255717666151712e+03,5.253952960269359e+03,5.882352941176471e-01,16875669
5.256880434037575e+03,5.255115728155223e+03,5.882352941176471e-01,16875670
5.257265069540299e+03,5.255500363657946e+03,5.882352941176471e-01,16875671
5.258159697086160e+03,5.256394991203807e+03,5.882352941176471e-01,16875672
5.259370265817561e+03,5.257605559935208e+03,5.882352941176471e-01,16875673
5.261917790889983e+03,5.260153085007631e+03,5.882352941176471e-01,16875677
5.262241910286840e+03,5.258287761104352e+03,1.176470588235294e+00,16875674
5.264006616169193e+03,5.262179863803124e+03,5.882352941176471e-01,16875678
5.265055793059655e+03,5.259270984295192e+03,1.764705882352941e+00,16875676
5.265055793059655e+03,5.258813116543060e+03,1.764705882352941e+00,16875675
5.268933737162457e+03,5.267169031280104e+03,5.882352941176471e-01,16875681
5.269021380767657e+03,5.267232806025035e+03,5.882352941176471e-01,16875682
5.269845686808796e+03,5.265491969002952e+03,1.176470588235294e+00,16875679
5.271742407333273e+03,5.269977701450920e+03,5.882352941176471e-01,16875685
5.272463148927163e+03,5.268406272937619e+03,1.176470588235294e+00,16875683
5.275265985321566e+03,5.269169976613694e+03,1.764705882352941e+00,16875684
5.275525520620292e+03,5.273760814737939e+03,5.882352941176471e-01,16875687
5.276234633919518e+03,5.270940516272459e+03,1.764705882352941e+00,16875686
5.277030691203919e+03,5.274123841575363e+03,5.882352941176471e-01,16875688
5.281146274082046e+03,5.279381568199693e+03,5.882352941176471e-01,16875690
5.282910979964399e+03,5.280695520986780e+03,5.882352941176471e-01,16875692
5.284011056640406e+03,5.281270963791538e+03,5.882352941176471e-01,16875693
5.284031760703880e+03,5.278737643056822e+03,1.764705882352941e+00,16875689
5.284675685846752e+03,5.282639000931224e+03,5.882352941176471e-01,16875697
5.287540468405112e+03,5.280419532685276e+03,1.764705882352941e+00,16875691
5.287850690295442e+03,5.286085984413089e+03,5.882352941176471e-01,16875700
5.288580182998595e+03,5.284223491343254e+03,1.176470588235294e+00,16875698
5.289305174287465e+03,5.285148558421371e+03,1.176470588235294e+00,16875699
5.293497682654904e+03,5.288203565007846e+03,1.764705882352941e+00,16875701
5.293628899792162e+03,5.290807698207508e+03,5.882352941176471e-01,16875704
5.293953962337446e+03,5.291878937382262e+03,5.882352941176471e-01,16875705
5.295556136947157e+03,5.293519085101567e+03,5.882352941176471e-01,16875713
5.295556136947157e+03,5.293517833677643e+03,5.882352941176471e-01,16875712
5.297043886938559e+03,5.295279160540768e+03,5.882352941176471e-01,16875714
5.298947070766388e+03,5.296299774480084e+03,5.882352941176471e-01,16875716
5.298947070766388e+03,5.297017258150655e+03,5.882352941176471e-01,16875717
5.299581307067147e+03,5.290099488027456e+03,1.764705882352941e+00,16875702
5.302476482531093e+03,5.295339473645364e+03,1.764705882352941e+00,16875715
5.304384477306926e+03,5.302619771424573e+03,5.882352941176471e-01,16875722
5.305401081840402e+03,5.297740557416618e+03,1.764705882352941e+00,16875718
5.306005894295799e+03,5.303909780538123e+03,5.882352941176471e-01,16875723
5.307165787722755e+03,5.304660018360851e+03,5.882352941176471e-01,16875725
5.307781783423290e+03,5.300129330683619e+03,1.176470588235294e+00,16875719
5.309197970433917e+03,5.306347665162104e+03,5.882352941176471e-01,16875726
5.309546489305643e+03,5.300734143139016e+03,1.764705882352941e+00,16875720
5.311340530689305e+03,5.309575824806952e+03,5.882352941176471e-01,16875730
5.311380789092389e+03,5.302038830550237e+03,1.176470588235294e+00,16875721
5.312913362804983e+03,5.309877626821146e+03,5.882352941176471e-01,16875731
5.313253518555232e+03,5.311488812672879e+03,5.882352941176471e-01,16875734
5.314678068687336e+03,5.311931327330123e+03,5.882352941176471e-01,16875735
5.314890071655553e+03,5.309360584639324e+03,1.176470588235294e+00,16875729
5.316442774569689e+03,5.313990107593515e+03,5.882352941176471e-01,16875736
5.316654777537906e+03,5.307700741380373e+03,1.764705882352941e+00,16875728
5.318419483420259e+03,5.311172023323584e+03,1.764705882352941e+00,16875733
5.320647493049431e+03,5.318882787167078e+03,5.882352941176471e-01,16875737
5.322370872634907e+03,5.320606166752554e+03,5.882352941176471e-01,16875738
5.322568033614815e+03,5.320803327732462e+03,5.882352941176471e-01,16875739
5.323128028424393e+03,5.321363322542041e+03,5.882352941176471e-01,16875740
5.324135578517260e+03,5.321978984430028e+03,5.882352941176471e-01,16875741
5.326144052082454e+03,5.322614640317748e+03,1.176470588235294e+00,16875742
5.326677212934116e+03,5.324912507051763e+03,5.882352941176471e-01,16875744
5.328422146071452e+03,5.323078029192011e+03,1.764705882352941e+00,16875743
5.331951557836158e+03,5.326211760193011e+03,1.764705882352941e+00,16875745
5.331971330581175e+03,5.326466748810273e+03,1.764705882352941e+00,16875746
5.333270583722423e+03,5.327764882610162e+03,1.764705882352941e+00,16875747
5.333726150091020e+03,5.331927947887707e+03,5.882352941176471e-01,16875749
5.333726150091020e+03,5.330493489404216e+03,5.882352941176471e-01,16875748
5.335101512054628e+03,5.333336806172276e+03,5.882352941176471e-01,16875750
5.335515142658841e+03,5.333750436776488e+03,5.882352941176471e-01,16875751
5.336866217936981e+03,5.335051318137558e+03,5.882352941176471e-01,16875753
5.337623044124480e+03,5.335266389182207e+03,5.882352941176471e-01,16875754
5.338422128211215e+03,5.336254010894369e+03,5.882352941176471e-01,16875757
5.338422128211215e+03,5.336201533825412e+03,5.882352941176471e-01,16875756
5.339987063071884e+03,5.337249065429502e+03,5.882352941176471e-01,16875759
5.339987063071884e+03,5.337480551180598e+03,5.882352941176471e-01,16875760
5.341751768954237e+03,5.337131408309446e+03,1.176470588235294e+00,16875758
5.341751768954237e+03,5.338698853675114e+03,5.882352941176471e-01,16875762
5.343516474836590e+03,5.340761395994962e+03,5.882352941176470e-01,16875763
5.343516474836590e+03,5.341241771708533e+03,5.882352941176470e-01,16875764
5.343516474836590e+03,5.334683920838389e+03,1.764705882352941e+00,16875752
5.345281180718943e+03,5.342964122557464e+03,5.882352941176471e-01,16875765
5.346466392056233e+03,5.344701686173880e+03,5.882352941176471e-01,16875767
5.347075469442023e+03,5.344706153761052e+03,5.882352941176471e-01,16875768
5.347474163570247e+03,5.345340346400398e+03,5.882352941176471e-01,16875770
5.349001161360366e+03,5.347236455478013e+03,5.882352941176471e-01,16875771
5.349995803820939e+03,5.343944751805541e+03,1.764705882352941e+00,16875766
5.351492479386688e+03,5.349727773504335e+03,5.882352941176471e-01,16875772
5.352041022167634e+03,5.350276316285281e+03,5.882352941176471e-01,16875773
5.352722272443820e+03,5.350957566561467e+03,5.882352941176471e-01,16875774
5.354715680932410e+03,5.352950975050057e+03,5.882352941176471e-01,16875776
5.355737819124015e+03,5.353973113241662e+03,5.882352941176471e-01,16875777
5.356840842037902e+03,5.354318069181746e+03,5.882352941176471e-01,16875778
5.357201297261041e+03,5.351907179613982e+03,1.764705882352941e+00,16875775
5.357502525006368e+03,5.355680050756147e+03,5.882352941176471e-01,16875780
5.359021721837873e+03,5.357257015955520e+03,5.882352941176471e-01,16875782
5.359912062917515e+03,5.358147357035162e+03,5.882352941176471e-01,16875783
5.360578340761417e+03,5.358409691043000e+03,5.882352941176471e-01,16875785
5.362009907721819e+03,5.359482635084857e+03,5.882352941176471e-01,16875787
5.363774613604172e+03,5.361886417234942e+03,5.882352941176471e-01,16875788
5.364761790762885e+03,5.356820604468821e+03,1.764705882352941e+00,16875781
5.365539319486525e+03,5.359229209053424e+03,1.764705882352941e+00,16875786
5.367044849127664e+03,5.364366827090147e+03,5.882352941176471e-01,16875792
5.367044849127664e+03,5.364070084850766e+03,5.882352941176471e-01,16875791
5.368945192298187e+03,5.366580766670202e+03,5.882352941176471e-01,16875795
5.369216466874528e+03,5.362671432175090e+03,1.764705882352941e+00,16875789
5.370817328621910e+03,5.369052622739557e+03,5.882352941176471e-01,16875798
5.372638448197864e+03,5.365898683114620e+03,1.764705882352941e+00,16875794
5.374384368124136e+03,5.372619662241783e+03,5.882352941176471e-01,16875804
5.376055330067073e+03,5.373652300876826e+03,5.882352941176471e-01,16875805
5.376149074006489e+03,5.374339357424305e+03,5.882352941176471e-01,16875807
5.376840621451638e+03,5.368377303267913e+03,1.764705882352941e+00,16875797
5.379584741831778e+03,5.371546138146994e+03,1.764705882352941e+00,16875803
5.383576968059227e+03,5.380047556294521e+03,1.176470588235294e+00,16875808
5.384561563839647e+03,5.382266572756769e+03,5.882352941176471e-01,16875811
5.385341673941580e+03,5.381032152074941e+03,1.176470588235294e+00,16875810
5.385413236006246e+03,5.380119118359187e+03,1.764705882352941e+00,16875809
5.387154087867043e+03,5.385017232552698e+03,5.882352941176471e-01,16875814
5.388423462261976e+03,5.384894050497270e+03,1.176470588235294e+00,16875812
5.390397527334459e+03,5.388632821452106e+03,5.882352941176471e-01,16875816
5.390683499631749e+03,5.384996077030447e+03,1.764705882352941e+00,16875813
5.392162233216812e+03,5.389946989677680e+03,5.882352941176471e-01,16875818
5.392355074707454e+03,5.390590368825101e+03,5.882352941176471e-01,16875819
5.392438694723307e+03,5.388816152151953e+03,1.176470588235294e+00,16875817
5.394023359844486e+03,5.391401339245863e+03,5.882352941176471e-01,16875821
5.394023359844486e+03,5.391054867936688e+03,5.882352941176471e-01,16875820
5.395257818021440e+03,5.393493112139087e+03,5.882352941176471e-01,16875822
5.401896896576076e+03,5.398367484811370e+03,1.176470588235294e+00,16875824
5.403342889952160e+03,5.398048772305101e+03,1.764705882352941e+00,16875823
5.405426308340782e+03,5.399056149900952e+03,1.764705882352941e+00,16875825
5.406627611145863e+03,5.403678489950163e+03,5.882352941176471e-01,16875829
5.406872301716866e+03,5.400521354406090e+03,1.764705882352941e+00,16875826
5.407191014223135e+03,5.404929892049634e+03,5.882352941176471e-01,16875832
5.408392317028216e+03,5.402372618317110e+03,1.176470588235294e+00,16875828
5.409063829026074e+03,5.407299123143721e+03,5.882352941176471e-01,16875833
5.410680126310415e+03,5.408915420428062e+03,5.882352941176471e-01,16875835
5.412414667673802e+03,5.408207333482376e+03,1.176470588235294e+00,16875834
5.413121228910133e+03,5.410874907678569e+03,5.882352941176471e-01,16875838
5.419326252558419e+03,5.417399993603947e+03,5.882352941176471e-01,16875849
5.421711468690190e+03,5.410002203883695e+03,1.764705882352941e+00,16875837
5.421711468690190e+03,5.409577178127556e+03,1.764705882352941e+00,16875836
5.423372756197640e+03,5.413347856962003e+03,1.764705882352941e+00,16875843
5.424370262747548e+03,5.422605556865195e+03,5.882352941176471e-01,16875850
5.424900307841465e+03,5.423135601959113e+03,5.882352941176471e-01,16875851
5.428977413363690e+03,5.427212707481337e+03,5.882352941176471e-01,16875853
5.430164517595271e+03,5.428399811712918e+03,5.882352941176471e-01,16875854
5.430742119246043e+03,5.428486643544071e+03,5.882352941176471e-01,16875855
5.431812774522947e+03,5.426518656875888e+03,1.764705882352941e+00,16875852
5.431929223477623e+03,5.429919980545590e+03,5.882352941176471e-01,16875856
5.433066081608724e+03,5.431301375726371e+03,5.882352941176471e-01,16875857
5.436119304251043e+03,5.434354598368690e+03,5.882352941176471e-01,16875860
5.436979170813617e+03,5.432817052265728e+03,1.176470588235294e+00,16875858
5.439648716015749e+03,5.433473672129409e+03,1.764705882352941e+00,16875859
5.439899788875638e+03,5.434605671228579e+03,1.764705882352941e+00,16875861
5.440850877921082e+03,5.438257965017960e+03,5.882352941176471e-01,16875863
5.443345509687047e+03,5.441087562086792e+03,5.882352941176471e-01,16875868
5.444380289685788e+03,5.437290558951683e+03,1.764705882352941e+00,16875862
5.445627605568771e+03,5.439117079243423e+03,1.764705882352941e+00,16875865
5.447049935447229e+03,5.444943987353313e+03,5.882352941176471e-01,16875872
5.447493435365906e+03,5.445728729483553e+03,5.882352941176471e-01,16875873
5.448090426369474e+03,5.443520523682523e+03,1.176470588235294e+00,16875869
5.449036391288921e+03,5.446694165422762e+03,5.882352941176471e-01,16875875
5.449036391288921e+03,5.446564792789326e+03,5.882352941176471e-01,16875874
5.450801097171274e+03,5.444118792449208e+03,1.176470588235294e+00,16875870
5.450801097171274e+03,5.448434225478379e+03,5.882352941176471e-01,16875877
5.453384544016533e+03,5.447906634558784e+03,1.764705882352941e+00,16875876
5.453824617491027e+03,5.452059911608674e+03,5.882352941176471e-01,16875879
5.454330508935979e+03,5.452173423319171e+03,5.882352941176471e-01,16875880
5.455149249898886e+03,5.452856809272783e+03,5.882352941176471e-01,16875881
5.455589323373380e+03,5.453740172408346e+03,5.882352941176471e-01,16875882
5.456095214818332e+03,5.454016516225395e+03,5.882352941176471e-01,16875883
5.459118735138085e+03,5.450576496342554e+03,1.764705882352941e+00,16875878
5.459246757975739e+03,5.457482052093386e+03,5.882352941176471e-01,16875885
5.460443367545944e+03,5.454978121322571e+03,1.764705882352941e+00,16875884
5.460883441020438e+03,5.457631548343041e+03,5.882352941176471e-01,16875886
5.464727508259479e+03,5.462962802377126e+03,5.882352941176471e-01,16875887
5.464798296762288e+03,5.463033590879935e+03,5.882352941176471e-01,16875888
5.466925418713030e+03,5.465160712830677e+03,5.882352941176471e-01,16875890
5.469198351763664e+03,5.467433645881312e+03,5.882352941176471e-01,16875891
5.469987274517452e+03,5.468222568635099e+03,5.882352941176471e-01,16875892
5.470361666650908e+03,5.465067549003850e+03,1.764705882352941e+00,16875889
5.471054721993790e+03,5.468355334050200e+03,5.882352941176471e-01,16875893
5.471751980399805e+03,5.469381680459209e+03,5.882352941176471e-01,16875895
5.473366827043105e+03,5.471602121160752e+03,5.882352941176471e-01,16875896
5.473681112330566e+03,5.471916406448213e+03,5.882352941176471e-01,16875897
5.477990226969326e+03,5.472696109322267e+03,1.764705882352941e+00,16875898
5.478303879831832e+03,5.476539173949479e+03,5.882352941176471e-01,16875899
5.480885217369194e+03,5.479120511486841e+03,5.882352941176471e-01,16875900
5.483119312195422e+03,5.481354606313069e+03,5.882352941176471e-01,16875903
5.485039738516825e+03,5.479609345417292e+03,1.764705882352941e+00,16875901
5.485050149333412e+03,5.483285118917305e+03,5.882352941176471e-01,16875905
5.486648723960128e+03,5.479892307138827e+03,1.764705882352941e+00,16875902
5.486809649807471e+03,5.484664404389835e+03,5.882352941176471e-01,16875907
5.486809649807471e+03,5.483606249262081e+03,5.882352941176471e-01,16875906
5.488493892766153e+03,5.485918317023092e+03,5.882352941176471e-01,16875908
5.490258598648506e+03,5.488193089131553e+03,5.882352941176471e-01,16875911
5.491996517877249e+03,5.481520737568706e+03,1.764705882352941e+00,16875904
5.492945888933871e+03,5.486195369749328e+03,1.764705882352941e+00,16875909
5.495168379083851e+03,5.493403673201498e+03,5.882352941176471e-01,16875914
5.495525929641955e+03,5.491232969930052e+03,1.176470588235294e+00,16875913
5.495925364085461e+03,5.490631246438403e+03,1.764705882352941e+00,16875912
5.497111860245256e+03,5.494142003446291e+03,5.882352941176471e-01,16875915
5.498466637259397e+03,5.496701931377044e+03,5.882352941176471e-01,16875917
5.498876566127609e+03,5.495116998188121e+03,1.176470588235294e+00,16875916
5.498930936812595e+03,5.497166230930242e+03,5.882352941176471e-01,16875918
5.502482228787633e+03,5.500717522905280e+03,5.882352941176471e-01,16875919
5.503234801882086e+03,5.501470095999733e+03,5.882352941176471e-01,16875920
5.505617456050823e+03,5.503852750168470e+03,5.882352941176471e-01,16875922
5.508213155958699e+03,5.506448450076346e+03,5.882352941176471e-01,16875923
5.508648478665662e+03,5.506883772783309e+03,5.882352941176471e-01,16875924
5.509022037721837e+03,5.503727920074778e+03,1.764705882352941e+00,16875921
5.510599964076102e+03,5.508582342370981e+03,5.882352941176471e-01,16875928
5.510599964076102e+03,5.508531818213891e+03,5.882352941176471e-01,16875927
5.512364669958455e+03,5.506920029772400e+03,1.176470588235294e+00,16875925
5.512364669958455e+03,5.510459713832754e+03,5.882352941176471e-01,16875932
5.515394034575451e+03,5.513629328693098e+03,5.882352941176471e-01,16875934
5.515894081723161e+03,5.509297543884559e+03,1.764705882352941e+00,16875929
5.517158740457804e+03,5.514566517912028e+03,5.882352941176471e-01,16875936
5.519299614888842e+03,5.513789845871021e+03,1.764705882352941e+00,16875935
5.519299614888842e+03,5.511936582821930e+03,1.764705882352941e+00,16875933
5.522109513559265e+03,5.520344807676912e+03,5.882352941176471e-01,16875937
5.524244474717187e+03,5.522479768834834e+03,5.882352941176471e-01,16875938
5.526399705221452e+03,5.524634999339099e+03,5.882352941176471e-01,16875941
5.527213979411904e+03,5.523684567647198e+03,1.176470588235294e+00,16875939
5.528164411103805e+03,5.525792956081470e+03,5.882352941176471e-01,16875942
5.529116535050892e+03,5.523822417403834e+03,1.764705882352941e+00,16875940
5.529882408246183e+03,5.528117702363830e+03,5.882352941176471e-01,16875943
5.532288145552301e+03,5.528758733787595e+03,1.176470588235294e+00,16875944
5.532631169847393e+03,5.530866463965040e+03,5.882352941176471e-01,16875946
5.534514599882485e+03,5.529220482235426e+03,1.764705882352941e+00,16875945
5.534611300437597e+03,5.532846594555244e+03,5.882352941176471e-01,16875947
5.537718831231411e+03,5.535954125349058e+03,5.882352941176471e-01,16875949
5.539442793673654e+03,5.537678087791301e+03,5.882352941176471e-01,16875950
5.539493980118347e+03,5.534199862471288e+03,1.764705882352941e+00,16875948
5.539706723421837e+03,5.537942017539484e+03,5.882352941176471e-01,16875951
5.541233092778354e+03,5.538422261131532e+03,5.882352941176471e-01,16875952
5.544762504543060e+03,5.539182679409938e+03,1.764705882352941e+00,16875953
5.546527210425412e+03,5.544248865173362e+03,5.882352941176471e-01,16875958
5.546875635377231e+03,5.544922827723738e+03,5.882352941176471e-01,16875959
5.548433393280992e+03,5.541563132347432e+03,1.176470588235294e+00,16875954
5.550301573152641e+03,5.547450791175136e+03,5.882352941176471e-01,16875962
5.550301573152641e+03,5.548244505879791e+03,5.882352941176471e-01,16875963
5.550744368294829e+03,5.545450250647770e+03,1.764705882352941e+00,16875960
5.552178624974482e+03,5.548900742918548e+03,5.882352941176471e-01,16875965
5.552178624974482e+03,5.548659083279426e+03,5.882352941176471e-01,16875964
5.552509074177182e+03,5.550526265031617e+03,5.882352941176471e-01,16875968
5.556038485941888e+03,5.546828953440679e+03,1.764705882352941e+00,16875961
5.559401300888812e+03,5.551579496813763e+03,1.764705882352941e+00,16875970
5.559401300888812e+03,5.551336668904936e+03,1.764705882352941e+00,16875969
5.561332603588947e+03,5.556035741509024e+03,1.764705882352941e+00,16875973
5.562203463119906e+03,5.560438757237553e+03,5.882352941176471e-01,16875975
5.564695418535870e+03,5.558955096331508e+03,1.764705882352941e+00,16875974
5.567635427477305e+03,5.565870721594952e+03,5.882352941176471e-01,16875978
5.568369757646539e+03,5.563075639999480e+03,1.764705882352941e+00,16875976
5.569077847831478e+03,5.563783730184419e+03,1.764705882352941e+00,16875977
5.571511631183298e+03,5.569746925300945e+03,5.882352941176471e-01,16875982
5.573276337065651e+03,5.571174967444705e+03,5.882352941176471e-01,16875983
5.573419098570520e+03,5.567393891503184e+03,1.764705882352941e+00,16875980
5.573419098570520e+03,5.566194417628916e+03,1.764705882352941e+00,16875979
5.576900923166936e+03,5.572608244506226e+03,1.176470588235294e+00,16875984
5.576900923166936e+03,5.572995703610973e+03,1.176470588235294e+00,16875986
5.578665629049289e+03,5.572720924259700e+03,1.764705882352941e+00,16875985
5.581251769552920e+03,5.579487063670567e+03,5.882352941176471e-01,16875989
5.582195040813995e+03,5.576829569477284e+03,1.764705882352941e+00,16875988
5.582195040813995e+03,5.576325837825667e+03,1.764705882352941e+00,16875987
5.583326585785106e+03,5.580225678048064e+03,5.882352941176471e-01,16875990
5.583959746696348e+03,5.581871990252585e+03,5.882352941176471e-01,16875992
5.585017914423718e+03,5.583253208541366e+03,5.882352941176471e-01,16875993
5.585784168586322e+03,5.584019462703969e+03,5.882352941176471e-01,16875994
5.587893956383994e+03,5.584364544619288e+03,1.176470588235294e+00,16875995
5.588547326188424e+03,5.584714202092157e+03,1.176470588235294e+00,16875996
5.588751758265472e+03,5.586987052383119e+03,5.882352941176471e-01,16875997
5.589985347168562e+03,5.587704128452075e+03,5.882352941176471e-01,16875999
5.589985347168562e+03,5.587296172021356e+03,5.882352941176471e-01,16875998
5.592091596880046e+03,5.590326890997693e+03,5.882352941176471e-01,16876001
5.594044885667195e+03,5.592280179784842e+03,5.882352941176471e-01,16876002
5.594864921458526e+03,5.589570803811467e+03,1.764705882352941e+00,16876000
5.596168997422887e+03,5.592639585658181e+03,1.176470588235294e+00,16876003
5.598165117132477e+03,5.596400411250124e+03,5.882352941176471e-01,16876004
5.598836274706198e+03,5.597071568823845e+03,5.882352941176471e-01,16876006
5.601798911291508e+03,5.597277344942393e+03,1.176470588235294e+00,16876007
5.602365686470904e+03,5.596641511684556e+03,1.764705882352941e+00,16876005
5.603700335213968e+03,5.598321690723965e+03,1.764705882352941e+00,16876010
5.607202403370652e+03,5.600352869251354e+03,1.764705882352941e+00,16876011
5.607857714345408e+03,5.605955533465793e+03,5.882352941176471e-01,16876022
5.610731815135358e+03,5.608821813037260e+03,5.882352941176471e-01,16876024
5.611321290211850e+03,5.603813221796060e+03,1.764705882352941e+00,16876017
5.611321290211850e+03,5.602563596698349e+03,1.764705882352941e+00,16876016
5.612496521017711e+03,5.609926765454555e+03,5.882352941176471e-01,16876025
5.614717840156877e+03,5.612953134274524e+03,5.882352941176471e-01,16876026
5.614784263928419e+03,5.613019558046066e+03,5.882352941176471e-01,16876027
5.614850701976556e+03,5.606225606115515e+03,1.764705882352941e+00,16876023
5.616482546039230e+03,5.614079377581631e+03,5.882352941176471e-01,16876028
5.618830263698210e+03,5.617065557815857e+03,5.882352941176471e-01,16876031
5.620278293542122e+03,5.616748881777416e+03,1.176470588235294e+00,16876029
5.622211225794392e+03,5.616917108147333e+03,1.764705882352941e+00,16876030
5.624429979744127e+03,5.619135862097068e+03,1.764705882352941e+00,16876032
5.626194685626480e+03,5.623437250044480e+03,5.882352941176471e-01,16876035
5.626507610841345e+03,5.621213493194286e+03,1.764705882352941e+00,16876033
5.628272316723698e+03,5.626202281756480e+03,5.882352941176471e-01,16876037
5.628326903717511e+03,5.623032786070453e+03,1.764705882352941e+00,16876034
5.629932714201096e+03,5.627147801437987e+03,5.882352941176471e-01,16876039
5.630091609599864e+03,5.625128628545985e+03,1.176470588235294e+00,16876036
5.631750385216372e+03,5.629021650854419e+03,5.882352941176471e-01,16876041
5.635498583228370e+03,5.632954939912212e+03,5.882352941176471e-01,16876047
5.635498583228370e+03,5.632734923329186e+03,5.882352941176471e-01,16876046
5.635936155722954e+03,5.626705893467898e+03,1.764705882352941e+00,16876038
5.637263289110723e+03,5.634932844851150e+03,5.882352941176471e-01,16876050
5.637263289110723e+03,5.634661773317950e+03,5.882352941176471e-01,16876049
5.639027994993076e+03,5.636587491314074e+03,5.882352941176471e-01,16876052
5.639671807577217e+03,5.630209915420275e+03,1.764705882352941e+00,16876044
5.641162252738996e+03,5.639397546856643e+03,5.882352941176471e-01,16876053
5.641504490674756e+03,5.639739784792403e+03,5.882352941176471e-01,16876054
5.642557406757781e+03,5.636348635902068e+03,1.764705882352941e+00,16876051
5.643399186624651e+03,5.641634480742298e+03,5.882352941176471e-01,16876056
5.644322112640134e+03,5.641680433859792e+03,5.882352941176471e-01,16876057
5.646065854040191e+03,5.644301148157838e+03,5.882352941176471e-01,16876058
5.646116995199841e+03,5.644352289317488e+03,5.882352941176471e-01,16876059
5.646456370386055e+03,5.640857878941057e+03,1.764705882352941e+00,16876055
5.647856130502369e+03,5.645341688144090e+03,5.882352941176471e-01,16876060
5.650193836823962e+03,5.648429130941609e+03,5.882352941176471e-01,16876062
5.651385542267075e+03,5.645509355625243e+03,1.764705882352941e+00,16876061
5.652987868765735e+03,5.650975144229236e+03,5.882352941176471e-01,16876066
5.654955770553236e+03,5.653191064670883e+03,5.882352941176471e-01,16876068
5.655521972845984e+03,5.653668923405738e+03,5.882352941176471e-01,16876069
5.656846680537656e+03,5.653829103144411e+03,5.882352941176471e-01,16876070
5.656903584988727e+03,5.649296077617336e+03,1.764705882352941e+00,16876063
5.660432996753433e+03,5.651591273157794e+03,1.764705882352941e+00,16876067
5.662169250410250e+03,5.655124042689326e+03,1.764705882352941e+00,16876074
5.664727246115751e+03,5.662671917424848e+03,5.882352941176471e-01,16876082
5.665712888287724e+03,5.658844783187106e+03,1.764705882352941e+00,16876078
5.665712888287724e+03,5.657101593177454e+03,1.764705882352941e+00,16876077
5.666491951998104e+03,5.664587168350051e+03,5.882352941176471e-01,16876083
5.668256657880457e+03,5.666209522352952e+03,5.882352941176471e-01,16876084
5.669242300052430e+03,5.661071521682532e+03,1.764705882352941e+00,16876081
5.669242300052430e+03,5.659568974262645e+03,1.764705882352941e+00,16876080
5.670179495700187e+03,5.667086540666311e+03,5.882352941176471e-01,16876085
5.671078658781084e+03,5.669313952898731e+03,5.882352941176471e-01,16876088
5.671944201582540e+03,5.669449327170539e+03,5.882352941176471e-01,16876089
5.672807538240286e+03,5.670927319127872e+03,5.882352941176471e-01,16876091
5.674140575793766e+03,5.671610998342346e+03,5.882352941176471e-01,16876093
5.674140575793766e+03,5.671125007167727e+03,5.882352941176471e-01,16876092
5.675238762899379e+03,5.668572921755210e+03,1.176470588235294e+00,16876087
5.675238762899379e+03,5.670434194115449e+03,1.176470588235294e+00,16876090
5.678868867864502e+03,5.677104161982150e+03,5.882352941176471e-01,16876095
5.679019464040176e+03,5.677254758157823e+03,5.882352941176471e-01,16876096
5.679819528051097e+03,5.677562658379403e+03,5.882352941176471e-01,16876097
5.680708871834692e+03,5.678663721883760e+03,5.882352941176471e-01,16876099
5.680708871834692e+03,5.678440055270451e+03,5.882352941176471e-01,16876098
5.681584233933450e+03,5.679678912649491e+03,5.882352941176471e-01,16876100
5.682473577717045e+03,5.679965786222534e+03,5.882352941176471e-01,16876101
5.683348939815803e+03,5.680990113575702e+03,5.882352941176471e-01,16876102
5.684238283599398e+03,5.676290116286391e+03,1.764705882352941e+00,16876094
5.684409401285676e+03,5.682644695403323e+03,5.882352941176471e-01,16876103
5.685113645698156e+03,5.682871135391473e+03,5.882352941176471e-01,16876104
5.688385851778052e+03,5.686621145895699e+03,5.882352941176471e-01,16876106
5.690622504673772e+03,5.688857798791420e+03,5.882352941176471e-01,16876107
5.690659465971132e+03,5.685365348324073e+03,1.764705882352941e+00,16876105
5.691311553209233e+03,5.689546847326880e+03,5.882352941176471e-01,16876108
5.693076259091586e+03,5.691224113436691e+03,5.882352941176471e-01,16876111
5.695801258564895e+03,5.694036552682542e+03,5.882352941176471e-01,16876112
5.695935102969511e+03,5.690082020391390e+03,1.764705882352941e+00,16876110
5.695935102969511e+03,5.690034308258399e+03,1.764705882352941e+00,16876109
5.697632886649556e+03,5.695701821617389e+03,5.882352941176471e-01,16876114
5.697632886649556e+03,5.695000924127938e+03,5.882352941176471e-01,16876113
5.699969693314379e+03,5.698204987432026e+03,5.882352941176471e-01,16876117
5.700111634033551e+03,5.696582222268845e+03,1.176470588235294e+00,16876115
5.702927004296615e+03,5.697013484399647e+03,1.764705882352941e+00,16876116
5.705860097874046e+03,5.704095391991693e+03,5.882352941176471e-01,16876119
5.706249158398584e+03,5.700955040751525e+03,1.764705882352941e+00,16876118
5.707624803756399e+03,5.705451205403135e+03,5.882352941176471e-01,16876121
5.709633705561717e+03,5.704339587914658e+03,1.764705882352941e+00,16876120
5.709803858420643e+03,5.708039152538290e+03,5.882352941176471e-01,16876122
5.711469422289856e+03,5.709704716407503e+03,5.882352941176471e-01,16876124
5.711994492157312e+03,5.710017117908244e+03,5.882352941176471e-01,16876126
5.713305553466059e+03,5.711178074642206e+03,5.882352941176471e-01,16876128
5.715070259348411e+03,5.711005197287548e+03,1.176470588235294e+00,16876127
5.715070259348411e+03,5.712467461421185e+03,5.882352941176471e-01,16876129
5.715760388553954e+03,5.708465080392606e+03,1.764705882352941e+00,16876123
5.717126244932102e+03,5.714706354299180e+03,5.882352941176471e-01,16876131
5.719023900649190e+03,5.716101389336436e+03,5.882352941176471e-01,16876136
5.720788606531543e+03,5.718704991051499e+03,5.882352941176471e-01,16876138
5.722582989225703e+03,5.719751138715487e+03,5.882352941176471e-01,16876141
5.722582989225703e+03,5.719708881722808e+03,5.882352941176471e-01,16876140
5.723057774215419e+03,5.713961192686829e+03,1.764705882352941e+00,16876130
5.724505956771295e+03,5.722546330035651e+03,5.882352941176471e-01,16876147
5.726270662653648e+03,5.724364388550080e+03,5.882352941176471e-01,16876148
5.728623603830118e+03,5.719060996663949e+03,1.764705882352941e+00,16876139
5.728623603830118e+03,5.720981725014650e+03,1.764705882352941e+00,16876145
5.728623603830118e+03,5.721252632491595e+03,1.764705882352941e+00,16876146
5.730548662774443e+03,5.728783956892090e+03,5.882352941176471e-01,16876151
5.732233192125810e+03,5.728092270434619e+03,1.176470588235294e+00,16876149
5.733997898008163e+03,5.728157179569168e+03,1.764705882352941e+00,16876150
5.735762603890516e+03,5.729988498510914e+03,1.764705882352941e+00,16876152
5.737284589535325e+03,5.735519883652972e+03,5.882352941176471e-01,16876154
5.737447133241883e+03,5.732074017211281e+03,1.764705882352941e+00,16876153
5.741795053234716e+03,5.740030347352363e+03,5.882352941176471e-01,16876157
5.742227304264374e+03,5.736933186617315e+03,1.764705882352941e+00,16876155
5.743515134238925e+03,5.740829717862030e+03,5.882352941176471e-01,16876158
5.743559759117069e+03,5.739985722474219e+03,1.176470588235294e+00,16876156
5.745324464999422e+03,5.743516183854055e+03,5.882352941176471e-01,16876161
5.747061148234690e+03,5.745296442352337e+03,5.882352941176471e-01,16876162
5.747572087835207e+03,5.742277970188148e+03,1.764705882352941e+00,16876159
5.748825854117043e+03,5.746527235160768e+03,5.882352941176471e-01,16876163
5.748837274533069e+03,5.742289018875806e+03,1.764705882352941e+00,16876160
5.749961716651083e+03,5.748197010768730e+03,5.882352941176471e-01,16876164
5.751485447787310e+03,5.749720741904957e+03,5.882352941176471e-01,16876165
5.756399747619001e+03,5.752870335854295e+03,1.176470588235294e+00,16876166
5.757821914637553e+03,5.756057208755200e+03,5.882352941176471e-01,16876167
5.758737137305460e+03,5.756972431423107e+03,5.882352941176471e-01,16876169
5.759923904241965e+03,5.757992335023586e+03,5.882352941176471e-01,16876171
5.760501843187813e+03,5.758287150793412e+03,5.882352941176471e-01,16876172
5.761351326402259e+03,5.759030596142558e+03,5.882352941176471e-01,16876173
5.761885011352695e+03,5.760120305470342e+03,5.882352941176471e-01,16876174
5.763649717235048e+03,5.761427569030216e+03,5.882352941176471e-01,16876177
5.766582924400116e+03,5.757643130471068e+03,1.764705882352941e+00,16876170
5.766582924400116e+03,5.756394492477260e+03,1.764705882352941e+00,16876168
5.768239416767542e+03,5.760293094393003e+03,1.764705882352941e+00,16876175
5.768347630282469e+03,5.766128464533265e+03,5.882352941176471e-01,16876180
5.770058229407358e+03,5.767605959259884e+03,5.882352941176471e-01,16876181
5.771822935289711e+03,5.769101910096919e+03,5.882352941176471e-01,16876184
5.771822935289711e+03,5.768832249898800e+03,5.882352941176471e-01,16876183
5.771877042047175e+03,5.765887743101017e+03,1.764705882352941e+00,16876179
5.773614694550796e+03,5.771043362500966e+03,5.882352941176471e-01,16876185
5.775379400433149e+03,5.772010333939681e+03,5.882352941176471e-01,16876189
5.775490578808790e+03,5.773725872926437e+03,5.882352941176471e-01,16876191
5.777144106315502e+03,5.774232595062361e+03,5.882352941176471e-01,16876192
5.778927341927129e+03,5.777033725743602e+03,5.882352941176471e-01,16876193
5.778945871656402e+03,5.771074497768568e+03,1.764705882352941e+00,16876186
5.778945871656402e+03,5.768059882085933e+03,1.764705882352941e+00,16876182
5.781429365988413e+03,5.779664660106060e+03,5.882352941176471e-01,16876196
5.782466018556471e+03,5.779800761029318e+03,5.882352941176471e-01,16876197
5.782475283421108e+03,5.772604522003703e+03,1.764705882352941e+00,16876190
5.783194071870766e+03,5.780792717736057e+03,5.882352941176471e-01,16876199
5.784958777753119e+03,5.782703424382357e+03,5.882352941176471e-01,16876202
5.786602158712694e+03,5.777879050071811e+03,1.176470588235294e+00,16876195
5.788096009516189e+03,5.786331303633836e+03,5.882352941176471e-01,16876207
5.788180185339283e+03,5.782416503362967e+03,1.176470588235294e+00,16876200
5.789902803310089e+03,5.787852108453756e+03,5.882352941176471e-01,16876208
5.789944891221636e+03,5.782596608343886e+03,1.764705882352941e+00,16876201
5.791667509192442e+03,5.788026030373807e+03,1.176470588235294e+00,16876209
5.793432215074795e+03,5.791020954871555e+03,5.882352941176471e-01,16876212
5.795444681681341e+03,5.788965835480073e+03,1.764705882352941e+00,16876210
5.796961626839501e+03,5.790223157457030e+03,1.764705882352941e+00,16876211
5.797034220262249e+03,5.791740102615190e+03,1.764705882352941e+00,16876213
5.803264813205511e+03,5.801500107323159e+03,5.882352941176471e-01,16876215
5.803673045319501e+03,5.801908339437148e+03,5.882352941176471e-01,16876216
5.804010442994997e+03,5.798716325347938e+03,1.764705882352941e+00,16876214
5.806265143152151e+03,5.804500437269798e+03,5.882352941176471e-01,16876218
5.807223526498604e+03,5.803694114733898e+03,1.176470588235294e+00,16876217
5.808048723756273e+03,5.806284017873920e+03,5.882352941176471e-01,16876219
5.811022098799534e+03,5.809257392917181e+03,5.882352941176471e-01,16876221
5.811245202054938e+03,5.809480496172586e+03,5.882352941176471e-01,16876222
5.811691587441790e+03,5.806397469794731e+03,1.764705882352941e+00,16876220
5.813812187792815e+03,5.812047481910462e+03,5.882352941176471e-01,16876224
5.815576893675168e+03,5.813210729053071e+03,5.882352941176471e-01,16876226
5.816361824196521e+03,5.811067706549463e+03,1.764705882352941e+00,16876223
5.817065194543806e+03,5.814678569481624e+03,5.882352941176471e-01,16876228
5.817065194543806e+03,5.813959293179044e+03,5.882352941176471e-01,16876227
5.818126530078874e+03,5.812982972751670e+03,1.176470588235294e+00,16876225
5.819795317289467e+03,5.818030611407114e+03,5.882352941176471e-01,16876230
5.819990463071617e+03,5.818225757189264e+03,5.882352941176471e-01,16876231
5.820017807189835e+03,5.818253101307482e+03,5.882352941176471e-01,16876232
5.821663488992247e+03,5.818603850125342e+03,5.882352941176471e-01,16876233
5.821755168953970e+03,5.819933271716703e+03,5.882352941176471e-01,16876237
5.823428194874600e+03,5.821146650415456e+03,5.882352941176471e-01,16876239
5.825569799097798e+03,5.820275681450739e+03,1.764705882352941e+00,16876238
5.828900267453350e+03,5.823606149806291e+03,1.764705882352941e+00,16876240
5.831351805347495e+03,5.826057687700436e+03,1.764705882352941e+00,16876241
5.836752308716473e+03,5.831458191069414e+03,1.764705882352941e+00,16876242
5.837553538352674e+03,5.832259420705615e+03,1.764705882352941e+00,16876243
5.840030139324773e+03,5.838265433442420e+03,5.882352941176471e-01,16876244
5.841261660766910e+03,5.839496954884557e+03,5.882352941176471e-01,16876245
5.841822224998366e+03,5.840057519116013e+03,5.882352941176471e-01,16876246
5.848021931164667e+03,5.844492519399961e+03,1.176470588235294e+00,16876248
5.849105655783064e+03,5.843811538136005e+03,1.764705882352941e+00,16876247
5.850242664433062e+03,5.848477958550709e+03,5.882352941176471e-01,16876249
5.852600235258172e+03,5.850835529375819e+03,5.882352941176471e-01,16876251
5.852952790421157e+03,5.851188084538804e+03,5.882352941176471e-01,16876252
5.853943632340015e+03,5.848649514692956e+03,1.764705882352941e+00,16876250
5.854364941140525e+03,5.852186839174794e+03,5.882352941176471e-01,16876253
5.855708338222368e+03,5.853421837340187e+03,5.882352941176471e-01,16876255
5.856129647022878e+03,5.854347403806587e+03,5.882352941176471e-01,16876256
5.857473044104721e+03,5.855414649905081e+03,5.882352941176471e-01,16876257
5.858432483351114e+03,5.853138365704055e+03,1.764705882352941e+00,16876254
5.859628943157369e+03,5.857864237275016e+03,5.882352941176471e-01,16876258
5.859726675086558e+03,5.857961969204205e+03,5.882352941176471e-01,16876259
5.861796993214011e+03,5.860032287331658e+03,5.882352941176471e-01,16876260
5.862872582586049e+03,5.861107876703696e+03,5.882352941176471e-01,16876261
5.866543638348088e+03,5.863014226583382e+03,1.176470588235294e+00,16876262
5.867901892703982e+03,5.865805080103246e+03,5.882352941176471e-01,16876265
5.868729168593592e+03,5.863435050946533e+03,1.764705882352941e+00,16876263
5.870283462294369e+03,5.866288843359098e+03,1.176470588235294e+00,16876267
5.871431304468688e+03,5.864220824401808e+03,1.764705882352941e+00,16876264
5.872048168176722e+03,5.869223000746845e+03,5.882352941176471e-01,16876270
5.872258580358298e+03,5.870339597735034e+03,5.882352941176471e-01,16876271
5.873504442205058e+03,5.871266660184630e+03,5.882352941176471e-01,16876273
5.875442096099275e+03,5.872680293459796e+03,5.882352941176471e-01,16876275
5.875442096099275e+03,5.872631141003802e+03,5.882352941176471e-01,16876274
5.875787992123004e+03,5.868721474234398e+03,1.764705882352941e+00,16876269
5.877206801981628e+03,5.871013793100476e+03,1.176470588235294e+00,16876272
5.877206801981628e+03,5.875411407247224e+03,5.882352941176471e-01,16876277
5.879619705159091e+03,5.877854999276739e+03,5.882352941176471e-01,16876280
5.881202141115078e+03,5.878977157797157e+03,5.882352941176471e-01,16876282
5.881750898492252e+03,5.876456780845193e+03,1.764705882352941e+00,16876278
5.882966846997431e+03,5.881161425194476e+03,5.882352941176471e-01,16876285
5.882966846997431e+03,5.880557174910169e+03,5.882352941176471e-01,16876284
5.884123578627195e+03,5.878707316737847e+03,1.176470588235294e+00,16876281
5.884123578627195e+03,5.877308189497639e+03,1.176470588235294e+00,16876279
5.885016242630870e+03,5.883251536748517e+03,5.882352941176471e-01,16876286
5.885888284509547e+03,5.883649610004804e+03,5.882352941176471e-01,16876287
5.886871899726384e+03,5.885107193844031e+03,5.882352941176471e-01,16876288
5.889072029710160e+03,5.887307323827807e+03,5.882352941176471e-01,16876289
5.889285490710749e+03,5.887520784828396e+03,5.882352941176471e-01,16876290
5.889841273738974e+03,5.888076567856621e+03,5.882352941176471e-01,16876291
5.890979042926239e+03,5.888823096728284e+03,5.882352941176471e-01,16876293
5.890979042926239e+03,5.888163687211025e+03,5.882352941176471e-01,16876292
5.891605979621327e+03,5.889674314714613e+03,5.882352941176471e-01,16876295
5.892952727706955e+03,5.889922202447167e+03,5.882352941176471e-01,16876296
5.892952727706955e+03,5.890587593816436e+03,5.882352941176471e-01,16876298
5.894717433589308e+03,5.892832316410944e+03,5.882352941176471e-01,16876299
5.896482139471661e+03,5.890434994530941e+03,1.764705882352941e+00,16876297
5.896743262352393e+03,5.893914333231255e+03,5.882352941176471e-01,16876302
5.896743262352393e+03,5.893805129029057e+03,5.882352941176471e-01,16876301
5.898364602465482e+03,5.893474973468419e+03,1.176470588235294e+00,16876300
5.898390211123278e+03,5.896625505240925e+03,5.882352941176471e-01,16876303
5.901026651380099e+03,5.899261945497746e+03,5.882352941176471e-01,16876304
5.903330665019117e+03,5.901565959136765e+03,5.882352941176471e-01,16876305
5.904475832762982e+03,5.902711126880629e+03,5.882352941176471e-01,16876306
5.905539601699862e+03,5.903774895817509e+03,5.882352941176471e-01,16876307
5.908034493085856e+03,5.906269787203503e+03,5.882352941176471e-01,16876308
5.912340226169927e+03,5.910575520287574e+03,5.882352941176471e-01,16876309
5.917491454938578e+03,5.913962043173872e+03,1.176470588235294e+00,16876310
5.917875205880224e+03,5.916110499997871e+03,5.882352941176471e-01,16876311
5.919671894638557e+03,5.917907188756204e+03,5.882352941176471e-01,16876314
5.921088543242000e+03,5.918490244768549e+03,5.882352941176471e-01,16876316
5.921436600520910e+03,5.919391513898362e+03,5.882352941176471e-01,16876318
5.921947962115227e+03,5.920183256232874e+03,5.882352941176471e-01,16876319
5.923083465469838e+03,5.916965152313811e+03,1.176470588235294e+00,16876313
5.924848171352191e+03,5.916648378946804e+03,1.764705882352941e+00,16876312
5.925262872809883e+03,5.923498166927530e+03,5.882352941176471e-01,16876320
5.925772289854375e+03,5.924007583972022e+03,5.882352941176471e-01,16876321
5.926648974310047e+03,5.924045102937989e+03,5.882352941176471e-01,16876322
5.927027578692236e+03,5.924902316965445e+03,5.882352941176471e-01,16876325
5.931176204015040e+03,5.929411498132688e+03,5.882352941176471e-01,16876326
5.934028604095366e+03,5.932263898213013e+03,5.882352941176471e-01,16876327
5.935133632787261e+03,5.933368926904908e+03,5.882352941176471e-01,16876328
5.937046401520263e+03,5.935281695637910e+03,5.882352941176471e-01,16876329
5.937998989275374e+03,5.936234283393021e+03,5.882352941176471e-01,16876330
5.939357421032706e+03,5.937592715150354e+03,5.882352941176471e-01,16876331
5.940475044297515e+03,5.938710338415162e+03,5.882352941176471e-01,16876332
5.943387890215523e+03,5.941623184333170e+03,5.882352941176471e-01,16876335
5.944629131231775e+03,5.939335013584716e+03,1.764705882352941e+00,16876333
5.944680352461587e+03,5.942119067315149e+03,5.882352941176471e-01,16876336
5.946654904923086e+03,5.944890199040733e+03,5.882352941176471e-01,16876338
5.948158542996481e+03,5.941150940696882e+03,1.764705882352941e+00,16876334
5.948419610805439e+03,5.945346401951334e+03,5.882352941176471e-01,16876339
5.948682007862582e+03,5.942957819240280e+03,1.764705882352941e+00,16876337
5.950891541114228e+03,5.949126835231875e+03,5.882352941176471e-01,16876342
5.953583194548019e+03,5.947483491500148e+03,1.764705882352941e+00,16876341
5.953583194548019e+03,5.947028310272760e+03,1.764705882352941e+00,16876340
5.954913116632073e+03,5.951355402756205e+03,5.882352941176471e-01,16876344
5.956677822514426e+03,5.954594387455343e+03,5.882352941176471e-01,16876346
5.956678886687242e+03,5.954914180804889e+03,5.882352941176471e-01,16876347
5.957112606312725e+03,5.950948921069069e+03,1.764705882352941e+00,16876343
5.960207766365540e+03,5.957906888863046e+03,5.882352941176471e-01,16876353
5.960207766365540e+03,5.957868350342187e+03,5.882352941176471e-01,16876352
5.961018825919346e+03,5.952234480241183e+03,1.176470588235294e+00,16876345
5.961972472247893e+03,5.959804396707740e+03,5.882352941176471e-01,16876354
5.962783531801699e+03,5.960787145133585e+03,5.882352941176471e-01,16876355
5.963737178130246e+03,5.961821372724336e+03,5.882352941176471e-01,16876356
5.964123430642276e+03,5.955663329367807e+03,1.764705882352941e+00,16876348
5.964548237684052e+03,5.962314339105078e+03,5.882352941176471e-01,16876357
5.965695010268614e+03,5.962987428072677e+03,5.882352941176471e-01,16876358
5.967459716150967e+03,5.965631527371085e+03,5.882352941176471e-01,16876362
5.967459716150967e+03,5.965294074987325e+03,5.882352941176471e-01,16876361
5.968217802926553e+03,5.965946032361275e+03,5.882352941176471e-01,16876363
5.969305472060675e+03,5.967540766178322e+03,5.882352941176471e-01,16876364
5.969344603170693e+03,5.963615748416130e+03,1.176470588235294e+00,16876359
5.969982508808906e+03,5.967781128453068e+03,5.882352941176471e-01,16876365
5.975232315030831e+03,5.973467609148478e+03,5.882352941176471e-01,16876367
5.976987954641062e+03,5.971693836994003e+03,1.764705882352941e+00,16876366
5.977088467571359e+03,5.973850035429310e+03,5.882352941176471e-01,16876369
5.977151657294882e+03,5.975369485018094e+03,5.882352941176471e-01,16876372
5.980617879336065e+03,5.973622245530177e+03,1.764705882352941e+00,16876368
5.982382585218418e+03,5.977599549386105e+03,1.176470588235294e+00,16876375
5.983116391226043e+03,5.976589274691241e+03,1.764705882352941e+00,16876373
5.984153520430027e+03,5.982388814547675e+03,5.882352941176471e-01,16876380
5.984881097108396e+03,5.983097049273605e+03,5.882352941176471e-01,16876381
5.987659950710427e+03,5.985058053721263e+03,5.882352941176471e-01,16876384
5.987676702865477e+03,5.980223371959947e+03,1.764705882352941e+00,16876378
5.988410508873102e+03,5.986491263246964e+03,5.882352941176471e-01,16876386
5.989433032670305e+03,5.986847711232834e+03,5.882352941176471e-01,16876387
5.990856897286924e+03,5.982211846641761e+03,1.176470588235294e+00,16876379
5.990856897286924e+03,5.984343116699660e+03,1.176470588235294e+00,16876383
5.992621603169276e+03,5.983372847004862e+03,1.764705882352941e+00,16876382
5.994386309051629e+03,5.991500235797870e+03,5.882352941176470e-01,16876390
5.994386309051629e+03,5.992014255984786e+03,5.882352941176470e-01,16876391
5.994386309051629e+03,5.987239788762664e+03,1.764705882352941e+00,16876388
5.997915720816335e+03,5.995700168491657e+03,5.882352941176470e-01,16876394
5.997915720816335e+03,5.989638897506128e+03,1.764705882352941e+00,16876389
5.999680426698688e+03,5.997352753436962e+03,5.882352941176471e-01,16876397
6.000062984653263e+03,5.992671929572638e+03,1.176470588235294e+00,16876392
6.001445132581041e+03,5.999385498904134e+03,5.882352941176471e-01,16876399
6.001827690535616e+03,5.999929320316323e+03,5.882352941176471e-01,16876400
6.002622623100698e+03,6.000857917218345e+03,5.882352941176471e-01,16876401
6.003383107547322e+03,6.001618401664969e+03,5.882352941176471e-01,16876402
6.003898569302867e+03,5.996313509597154e+03,1.176470588235294e+00,16876395
6.005663275185220e+03,5.998680836725484e+03,1.764705882352941e+00,16876398
6.010025183575067e+03,6.008260477692714e+03,5.882352941176471e-01,16876403
6.010752707222652e+03,6.008988001340299e+03,5.882352941176471e-01,16876405
6.012215433613935e+03,6.008686021849230e+03,1.176470588235294e+00,16876404
6.013702163014754e+03,6.011937457132401e+03,5.882352941176471e-01,16876406
6.015744845378641e+03,6.012193578436865e+03,1.176470588235294e+00,16876408
6.017231574779460e+03,6.014737154422326e+03,5.882352941176471e-01,16876410
6.017434786439918e+03,6.012140668792860e+03,1.764705882352941e+00,16876407
6.019274257143347e+03,6.013417944973339e+03,1.764705882352941e+00,16876409
6.024240929419776e+03,6.018946811772717e+03,1.764705882352941e+00,16876411
6.024782514632961e+03,6.023017808750608e+03,5.882352941176471e-01,16876413
6.025989255882624e+03,6.020695138235565e+03,1.764705882352941e+00,16876412
6.026895954682414e+03,6.025131248800061e+03,5.882352941176471e-01,16876415
6.029518667647330e+03,6.027166069312233e+03,5.882352941176471e-01,16876419
6.032086204017850e+03,6.025099968197699e+03,1.764705882352941e+00,16876414
6.033850909900203e+03,6.031688714441605e+03,5.882352941176471e-01,16876424
6.034230541390675e+03,6.032132863506824e+03,5.882352941176471e-01,16876425
6.035348005619834e+03,6.032492049345660e+03,5.882352941176471e-01,16876426
6.038358430361623e+03,6.025841489486239e+03,1.764705882352941e+00,16876416
6.038881169892304e+03,6.035955861222458e+03,5.882352941176471e-01,16876432
6.038881169892304e+03,6.035768714423482e+03,5.882352941176471e-01,16876431
6.040384506009316e+03,6.037209766737005e+03,5.882352941176471e-01,16876433
6.042149211891669e+03,6.040034829438266e+03,5.882352941176471e-01,16876437
6.042149211891669e+03,6.039394294564107e+03,5.882352941176471e-01,16876436
6.043445844238210e+03,6.028936423743616e+03,1.176470588235294e+00,16876420
6.044161026893969e+03,6.042396321011616e+03,5.882352941176471e-01,16876439
6.045210550120563e+03,6.043191582767752e+03,5.882352941176471e-01,16876440
6.045802178216349e+03,6.035229844934832e+03,1.176470588235294e+00,16876429
6.047566884098701e+03,6.045612662978042e+03,5.882352941176470e-01,16876441
6.047566884098701e+03,6.035355510635362e+03,1.764705882352941e+00,16876430
6.048739961885269e+03,6.041941830255039e+03,1.764705882352941e+00,16876438
6.049331589981054e+03,6.046844709225955e+03,5.882352941176471e-01,16876443
6.049331589981054e+03,6.046463897960643e+03,5.882352941176471e-01,16876442
6.050504667767621e+03,6.048575590849183e+03,5.882352941176471e-01,16876444
6.053246274529516e+03,6.051481568647163e+03,5.882352941176471e-01,16876445
6.053624104883549e+03,6.051859399001196e+03,5.882352941176471e-01,16876447
6.055130590741420e+03,6.052750719224449e+03,5.882352941176471e-01,16876449
6.055130590741420e+03,6.052568307491891e+03,5.882352941176471e-01,16876448
6.055388810765902e+03,6.051720789306264e+03,1.176470588235294e+00,16876446
6.056981369965267e+03,6.055009513933099e+03,5.882352941176471e-01,16876451
6.056981369965267e+03,6.055125248091934e+03,5.882352941176471e-01,16876452
6.059610867177200e+03,6.057846161294847e+03,5.882352941176471e-01,16876453
6.060510781729973e+03,6.054328699276486e+03,1.764705882352941e+00,16876450
6.061560569798219e+03,6.059582583313787e+03,5.882352941176471e-01,16876456
6.061560569798219e+03,6.059553521091387e+03,5.882352941176471e-01,16876455
6.062275487612325e+03,6.060379649905017e+03,5.882352941176471e-01,16876457
6.063325275680572e+03,6.061509240377532e+03,5.882352941176471e-01,16876459
6.063325275680572e+03,6.060909741524780e+03,5.882352941176471e-01,16876458
6.065248281113141e+03,6.062502448556334e+03,5.882352941176471e-01,16876460
6.065248281113141e+03,6.062526923230978e+03,5.882352941176471e-01,16876461
6.065804899377031e+03,6.058216154772180e+03,1.764705882352941e+00,16876454
6.067012986995494e+03,6.063912484575933e+03,5.882352941176471e-01,16876464
6.067012986995494e+03,6.063800174331219e+03,5.882352941176471e-01,16876463
6.069171605051902e+03,6.067406899169549e+03,5.882352941176471e-01,16876466
6.071040193594117e+03,6.069013900590919e+03,5.882352941176471e-01,16876468
6.071144076253979e+03,6.065849958606920e+03,1.764705882352941e+00,16876465
6.072148132980205e+03,6.069563949743629e+03,5.882352941176471e-01,16876470
6.073912838862558e+03,6.071991982247200e+03,5.882352941176471e-01,16876473
6.073912838862558e+03,6.071291406335174e+03,5.882352941176471e-01,16876472
6.074673488018685e+03,6.067961954719234e+03,1.764705882352941e+00,16876467
6.075677544744911e+03,6.072694182449223e+03,5.882352941176471e-01,16876475
6.075677544744911e+03,6.072441063438895e+03,5.882352941176471e-01,16876474
6.076444206013345e+03,6.074140722239026e+03,5.882352941176471e-01,16876476
6.078208911895698e+03,6.076198595356613e+03,5.882352941176471e-01,16876479
6.079206956509616e+03,6.069611801792232e+03,1.764705882352941e+00,16876471
6.079590287143834e+03,6.077033085370333e+03,5.882352941176471e-01,16876481
6.080971662391969e+03,6.079139417891957e+03,5.882352941176471e-01,16876482
6.081354993026187e+03,6.076696022931331e+03,1.176470588235294e+00,16876480
6.083119698908540e+03,6.074685512243299e+03,1.764705882352941e+00,16876478
6.084702802794358e+03,6.082358977657586e+03,5.882352941176471e-01,16876486
6.084702802794358e+03,6.082216390449136e+03,5.882352941176471e-01,16876485
6.086467508676711e+03,6.084021120174459e+03,5.882352941176471e-01,16876487
6.087225549356015e+03,6.080991789033118e+03,1.764705882352941e+00,16876483
6.088519290827047e+03,6.085520909885623e+03,5.882352941176471e-01,16876490
6.090754961120721e+03,6.085061648129337e+03,1.764705882352941e+00,16876488
6.092048702591753e+03,6.085133770969926e+03,1.764705882352941e+00,16876489
6.092720857621131e+03,6.090956151738778e+03,5.882352941176471e-01,16876495
6.093293862726187e+03,6.089764450961482e+03,1.176470588235294e+00,16876494
6.094795310495732e+03,6.093030604613379e+03,5.882352941176471e-01,16876496
6.096373625491432e+03,6.094608919609079e+03,5.882352941176471e-01,16876498
6.099152655462762e+03,6.093858537815703e+03,1.764705882352941e+00,16876497
6.100838956438398e+03,6.099074250556045e+03,5.882352941176471e-01,16876500
6.102083714638962e+03,6.100319008756609e+03,5.882352941176471e-01,16876501
6.103990532456501e+03,6.098696414809442e+03,1.764705882352941e+00,16876499
6.105764279266940e+03,6.103999573384587e+03,5.882352941176471e-01,16876502
6.107139328290686e+03,6.105374622408333e+03,5.882352941176471e-01,16876504
6.109810925256594e+03,6.107758867820421e+03,5.882352941176471e-01,16876507
6.110213741821250e+03,6.108449035938897e+03,5.882352941176471e-01,16876508
6.110668740055392e+03,6.104832499183364e+03,1.764705882352941e+00,16876503
6.111877743562439e+03,6.108899315143011e+03,5.882352941176471e-01,16876510
6.114387449657005e+03,6.106281513491888e+03,1.764705882352941e+00,16876505
6.115655488731216e+03,6.113191078939260e+03,5.882352941176471e-01,16876516
6.117751305818996e+03,6.111134460720033e+03,1.764705882352941e+00,16876513
6.117751305818996e+03,6.108553729061714e+03,1.764705882352941e+00,16876509
6.118165202020483e+03,6.116400496138130e+03,5.882352941176471e-01,16876517
6.119516011701349e+03,6.116942689995846e+03,5.882352941176471e-01,16876519
6.121280717583702e+03,6.119238923949565e+03,5.882352941176471e-01,16876522
6.123045423466055e+03,6.121046537870828e+03,5.882352941176471e-01,16876523
6.124101459133504e+03,6.116898596827617e+03,1.764705882352941e+00,16876518
6.124810129348408e+03,6.118421530870483e+03,1.764705882352941e+00,16876521
6.129108202782555e+03,6.126652904363467e+03,5.882352941176471e-01,16876529
6.129442118470975e+03,6.123769955584634e+03,1.764705882352941e+00,16876524
6.131206824353328e+03,6.129336757323238e+03,5.882352941176471e-01,16876532
6.134402320429613e+03,6.132305954867708e+03,5.882352941176471e-01,16876535
6.135652178213351e+03,6.124242251890073e+03,1.764705882352941e+00,16876525
6.136167026311966e+03,6.133483754206842e+03,5.882352941176471e-01,16876536
6.136590096141757e+03,6.129446111985343e+03,1.764705882352941e+00,16876533
6.137475824487873e+03,6.135711118605520e+03,5.882352941176471e-01,16876537
6.138387943972431e+03,6.136623238090078e+03,5.882352941176471e-01,16876538
6.140152649854784e+03,6.138386729843925e+03,5.882352941176471e-01,16876541
6.140332198623349e+03,6.136802786858643e+03,1.176470588235294e+00,16876539
6.142007130121419e+03,6.139720294239529e+03,5.882352941176471e-01,16876543
6.142007130121419e+03,6.139690322748318e+03,5.882352941176471e-01,16876542
6.142769942134931e+03,6.137206391961432e+03,1.764705882352941e+00,16876540
6.143771836003772e+03,6.141992794343995e+03,5.882352941176471e-01,16876544
6.146189893052231e+03,6.144425187169878e+03,5.882352941176471e-01,16876547
6.147727402306762e+03,6.142433284659703e+03,1.764705882352941e+00,16876545
6.148916330260903e+03,6.143622212613844e+03,1.764705882352941e+00,16876546
6.149719304816937e+03,6.145875605179086e+03,1.176470588235294e+00,16876548
6.150285753771744e+03,6.148521047889391e+03,5.882352941176471e-01,16876549
6.154210447907962e+03,6.148762121196843e+03,1.764705882352941e+00,16876550
6.154866267375204e+03,6.153101561492851e+03,5.882352941176471e-01,16876551
6.155769435684400e+03,6.154004729802047e+03,5.882352941176471e-01,16876552
6.156804633725161e+03,6.155039927842809e+03,5.882352941176471e-01,16876553
6.157214186627504e+03,6.155449480745151e+03,5.882352941176471e-01,16876554
6.157534141566753e+03,6.155451610634858e+03,5.882352941176471e-01,16876555
6.158569339607514e+03,6.156239865161680e+03,5.882352941176471e-01,16876556
6.158978892509857e+03,6.157065241733324e+03,5.882352941176471e-01,16876557
6.159298847449106e+03,6.157266363876502e+03,5.882352941176471e-01,16876558
6.160538821941039e+03,6.158131705116617e+03,5.882352941176471e-01,16876560
6.161175754859771e+03,6.159411048977418e+03,5.882352941176471e-01,16876561
6.164068233705745e+03,6.157561581934678e+03,1.764705882352941e+00,16876559
6.165625848071016e+03,6.163861142188663e+03,5.882352941176471e-01,16876562
6.166331894995274e+03,6.164567189112921e+03,5.882352941176471e-01,16876563
6.169293198941463e+03,6.165763787176757e+03,1.176470588235294e+00,16876564
6.171978464285720e+03,6.170213758403367e+03,5.882352941176471e-01,16876565
6.176661390766205e+03,6.170602932171591e+03,1.764705882352941e+00,16876567
6.176661390766205e+03,6.170487849756611e+03,1.764705882352941e+00,16876566
6.177986384967290e+03,6.171606866516251e+03,1.764705882352941e+00,16876568
6.178426096648558e+03,6.175920247883233e+03,5.882352941176471e-01,16876572
6.179751090849643e+03,6.176943301888403e+03,5.882352941176471e-01,16876574
6.180316386290931e+03,6.178551680408578e+03,5.882352941176471e-01,16876575
6.181537417837020e+03,6.179772711954667e+03,5.882352941176471e-01,16876576
6.181955508413264e+03,6.176428092200227e+03,1.764705882352941e+00,16876573
6.183302123719373e+03,6.181453974502553e+03,5.882352941176471e-01,16876578
6.184354490645018e+03,6.180825078880312e+03,1.176470588235294e+00,16876577
6.184950046395884e+03,6.183185340513531e+03,5.882352941176471e-01,16876579
6.185553069750504e+03,6.183788363868151e+03,5.882352941176471e-01,16876580
6.186119196527370e+03,6.183875547631909e+03,5.882352941176471e-01,16876581
6.186714752278237e+03,6.184911921609082e+03,5.882352941176471e-01,16876582
6.188508385842473e+03,6.186743679960120e+03,5.882352941176471e-01,16876584
6.189264619973262e+03,6.187437944482787e+03,5.882352941176471e-01,16876586
6.191189358378969e+03,6.185735208208557e+03,1.176470588235294e+00,16876583
6.192163114417282e+03,6.189584685019970e+03,5.882352941176471e-01,16876589
6.194115372294079e+03,6.190585960529373e+03,1.176470588235294e+00,16876590
6.195111872165609e+03,6.187906111330990e+03,1.764705882352941e+00,16876588
6.195111872165609e+03,6.187556499005541e+03,1.764705882352941e+00,16876587
6.196213667106315e+03,6.192500346257119e+03,5.882352941176471e-01,16876591
6.196876578047962e+03,6.194782550153846e+03,5.882352941176471e-01,16876593
6.198571531863520e+03,6.196806825981167e+03,5.882352941176471e-01,16876595
6.198689642134980e+03,6.196924936252627e+03,5.882352941176471e-01,16876596
6.200383289444086e+03,6.197058795625683e+03,5.882352941176471e-01,16876597
6.200430341142298e+03,6.195136223495239e+03,1.764705882352941e+00,16876594
6.200686966018505e+03,6.198922260136152e+03,5.882352941176471e-01,16876599
6.202955321534652e+03,6.201190615652299e+03,5.882352941176471e-01,16876600
6.204807180587645e+03,6.203042474705292e+03,5.882352941176471e-01,16876601
6.205397083264140e+03,6.203632377381787e+03,5.882352941176471e-01,16876602
6.205642069693600e+03,6.203877363811247e+03,5.882352941176471e-01,16876603
6.206648000285625e+03,6.204546503758002e+03,5.882352941176471e-01,16876604
6.207161789146493e+03,6.204959408218900e+03,5.882352941176471e-01,16876606
6.208785056159023e+03,6.207020350276670e+03,5.882352941176471e-01,16876608
6.210309851060755e+03,6.208468230538150e+03,5.882352941176471e-01,16876610
6.212074556943108e+03,6.209177253936483e+03,5.882352941176471e-01,16876611
6.212314467923728e+03,6.206780439296049e+03,1.764705882352941e+00,16876607
6.212477181600901e+03,6.207183063953842e+03,1.764705882352941e+00,16876609
6.213999203479208e+03,6.211130657463422e+03,5.882352941176471e-01,16876613
6.213999203479208e+03,6.211029209174490e+03,5.882352941176471e-01,16876612
6.216621021174450e+03,6.214856315292097e+03,5.882352941176471e-01,16876616
6.219047401777308e+03,6.217282695894955e+03,5.882352941176471e-01,16876618
6.219469578869203e+03,6.214175461222144e+03,1.764705882352941e+00,16876615
6.221582723740026e+03,6.217600191470414e+03,1.176470588235294e+00,16876619
6.222998990633909e+03,6.216288606092967e+03,1.764705882352941e+00,16876617
6.224552607970314e+03,6.222330913126246e+03,5.882352941176471e-01,16876622
6.224552607970314e+03,6.222454276579888e+03,5.882352941176471e-01,16876623
6.225112135504732e+03,6.218436629514960e+03,1.764705882352941e+00,16876620
6.226317313852667e+03,6.223652078188508e+03,5.882352941176471e-01,16876624
6.226876841387085e+03,6.224876762741613e+03,5.882352941176471e-01,16876625
6.228082019735020e+03,6.226312376919670e+03,5.882352941176470e-01,16876626
6.228082019735020e+03,6.220163172678516e+03,1.764705882352941e+00,16876621
6.229846725617373e+03,6.227980578527584e+03,5.882352941176471e-01,16876628
6.230575109093447e+03,6.228810403211094e+03,5.882352941176471e-01,16876629
6.231258500856076e+03,6.229493794973723e+03,5.882352941176471e-01,16876630
6.233117539364401e+03,6.230918187513804e+03,5.882352941176471e-01,16876632
6.233376137382079e+03,6.231447166108020e+03,5.882352941176471e-01,16876634
6.234044979174159e+03,6.227669547407376e+03,1.764705882352941e+00,16876627
6.234947488236828e+03,6.231641304033158e+03,5.882352941176471e-01,16876635
6.236808871632983e+03,6.234294291885030e+03,5.882352941176471e-01,16876639
6.236808871632983e+03,6.234207400102297e+03,5.882352941176471e-01,16876638
6.237574390938865e+03,6.229661506452166e+03,1.764705882352941e+00,16876631
6.238573577515336e+03,6.236047068427603e+03,5.882352941176471e-01,16876641
6.239671076041443e+03,6.236850968287205e+03,5.882352941176471e-01,16876642
6.240338283397689e+03,6.238238349379315e+03,5.882352941176471e-01,16876644
6.241769385601919e+03,6.239650592771726e+03,5.882352941176471e-01,16876646
6.241769385601919e+03,6.239649713001728e+03,5.882352941176471e-01,16876645
6.242641057023238e+03,6.233248025344550e+03,1.764705882352941e+00,16876637
6.245459860612468e+03,6.243695154730115e+03,5.882352941176471e-01,16876648
6.246698679965565e+03,6.244933974083212e+03,5.882352941176471e-01,16876649
6.247063503248978e+03,6.240905085407176e+03,1.764705882352941e+00,16876647
6.247580975666310e+03,6.245141563783805e+03,5.882352941176471e-01,16876650
6.248463385847918e+03,6.246172678955446e+03,5.882352941176471e-01,16876652
6.249723150829807e+03,6.247958444947454e+03,5.882352941176471e-01,16876654
6.250365742770485e+03,6.248601036888132e+03,5.882352941176471e-01,16876655
6.251101192376749e+03,6.248951750481318e+03,5.882352941176471e-01,16876656
6.253273282863001e+03,6.251366449599466e+03,5.882352941176471e-01,16876659
6.253895154535191e+03,6.247571780612043e+03,1.764705882352941e+00,16876653
6.255037988745354e+03,6.252908933867083e+03,5.882352941176471e-01,16876663
6.256674072361070e+03,6.250745428230719e+03,1.176470588235294e+00,16876658
6.257424566299897e+03,6.253604521594273e+03,1.176470588235294e+00,16876664
6.258438778243423e+03,6.249388572279633e+03,1.764705882352941e+00,16876657
6.259966960927472e+03,6.258202255045119e+03,5.882352941176471e-01,16876666
6.262179314356385e+03,6.258649902591679e+03,1.176470588235294e+00,16876667
6.263496372692178e+03,6.257618206901687e+03,1.764705882352941e+00,16876665
6.264926654592122e+03,6.262220990490949e+03,5.882352941176471e-01,16876671
6.265261078574531e+03,6.263411572870793e+03,5.882352941176471e-01,16876673
6.267411249426074e+03,6.265646543543721e+03,5.882352941176471e-01,16876674
6.268128521572367e+03,6.260782680662350e+03,1.764705882352941e+00,16876669
6.268128521572367e+03,6.259378693559228e+03,1.764705882352941e+00,16876668
6.269909090340332e+03,6.268144384457979e+03,5.882352941176471e-01,16876676
6.270825085836090e+03,6.269060379953737e+03,5.882352941176471e-01,16876677
6.270940661190779e+03,6.266980854977679e+03,1.176470588235294e+00,16876675
6.273155583957874e+03,6.271390878075521e+03,5.882352941176471e-01,16876679
6.273438502105038e+03,6.269809637943263e+03,1.176470588235294e+00,16876678
6.273741087619221e+03,6.271976381736868e+03,5.882352941176471e-01,16876680
6.275096134850665e+03,6.272339128875706e+03,5.882352941176471e-01,16876681
6.275203207987391e+03,6.273419351473531e+03,5.882352941176471e-01,16876684
6.276746429198552e+03,6.274981723316199e+03,5.882352941176471e-01,16876685
6.277182002981434e+03,6.275417297099081e+03,5.882352941176471e-01,16876686
6.277482385534465e+03,6.275717679652112e+03,5.882352941176471e-01,16876687
6.280867924584843e+03,6.279103218702491e+03,5.882352941176471e-01,16876688
6.281145044325976e+03,6.279380338443623e+03,5.882352941176471e-01,16876689
6.282701635390686e+03,6.280936929508333e+03,5.882352941176471e-01,16876690
6.286082302401872e+03,6.284317596519519e+03,5.882352941176471e-01,16876693
6.286426653216154e+03,6.284661947333801e+03,5.882352941176471e-01,16876694
6.287144822576642e+03,6.281850704929583e+03,1.764705882352941e+00,16876691
6.287847008284225e+03,6.284727585269455e+03,5.882352941176471e-01,16876695
6.289612178041079e+03,6.287219934471119e+03,5.882352941176471e-01,16876697
6.289937643943166e+03,6.282878820413755e+03,1.764705882352941e+00,16876692
6.291841024029728e+03,6.290076318147375e+03,5.882352941176471e-01,16876701
6.294416296692887e+03,6.287072206882684e+03,1.764705882352941e+00,16876696
6.294782798200709e+03,6.287847936033227e+03,1.764705882352941e+00,16876699
6.295910813648305e+03,6.292573523950868e+03,5.882352941176471e-01,16876704
6.295910813648305e+03,6.291996437569964e+03,5.882352941176471e-01,16876703
6.298312209965415e+03,6.291481213739616e+03,1.764705882352941e+00,16876702
6.299822239673865e+03,6.295985333774345e+03,5.882352941176471e-01,16876708
6.301586945556218e+03,6.299007071798336e+03,5.882352941176471e-01,16876713
6.303351651438571e+03,6.300847316007794e+03,5.882352941176471e-01,16876714
6.303864189605535e+03,6.295347248394935e+03,1.764705882352941e+00,16876707
6.303864189605535e+03,6.295277345086192e+03,1.764705882352941e+00,16876706
6.305628895487888e+03,6.303746015059917e+03,5.882352941176471e-01,16876718
6.306016941325021e+03,6.304252235442669e+03,5.882352941176471e-01,16876719
6.307268786827208e+03,6.304865076731652e+03,5.882352941176471e-01,16876721
6.309546353089727e+03,6.301680002439423e+03,1.764705882352941e+00,16876715
6.309869321465781e+03,6.308104615583428e+03,5.882352941176471e-01,16876722
6.310798198591914e+03,6.304415613938212e+03,1.764705882352941e+00,16876720
6.311311058972080e+03,6.309525106290346e+03,5.882352941176471e-01,16876723
6.311890187969866e+03,6.310125482087513e+03,5.882352941176471e-01,16876724
6.317026673257382e+03,6.315261967375029e+03,5.882352941176471e-01,16876725
6.317511980294497e+03,6.315747274412144e+03,5.882352941176471e-01,16876726
6.318882596944836e+03,6.316637656427981e+03,5.882352941176471e-01,16876728
6.319482540115557e+03,6.317717834233204e+03,5.882352941176471e-01,16876731
6.320647302827189e+03,6.317737311318720e+03,5.882352941176471e-01,16876732
6.321030182212515e+03,6.315941918504163e+03,1.176470588235294e+00,16876727
6.321247245997909e+03,6.317209108867584e+03,1.176470588235294e+00,16876730
6.324602372006133e+03,6.321072960241427e+03,1.176470588235294e+00,16876734
6.325968943474785e+03,6.323208799907297e+03,5.882352941176471e-01,16876736
6.326077690896982e+03,6.320783573249923e+03,1.764705882352941e+00,16876733
6.327751814634338e+03,6.324865069121356e+03,5.882352941176471e-01,16876737
6.328131783770839e+03,6.322439531710079e+03,1.764705882352941e+00,16876735
6.329516520516691e+03,6.326423703324670e+03,5.882352941176471e-01,16876740
6.331349163007791e+03,6.328498427196115e+03,5.882352941176471e-01,16876742
6.331371808544041e+03,6.326005274029185e+03,1.764705882352941e+00,16876739
6.332021680305735e+03,6.330234405822994e+03,5.882352941176471e-01,16876746
6.334889897540622e+03,6.332244722221913e+03,5.882352941176471e-01,16876750
6.338639707481934e+03,6.336026086536112e+03,5.882352941176471e-01,16876754
6.338860105658540e+03,6.330822404060669e+03,1.764705882352941e+00,16876747
6.338860105658540e+03,6.328492268541029e+03,1.764705882352941e+00,16876741
6.340514612452590e+03,6.337719294916866e+03,5.882352941176471e-01,16876757
6.340514612452590e+03,6.337576362610158e+03,5.882352941176471e-01,16876756
6.342499658267515e+03,6.339594533271089e+03,5.882352941176471e-01,16876758
6.342940338132657e+03,6.331672858398790e+03,1.764705882352941e+00,16876749
6.345295531498338e+03,6.342847425378574e+03,5.882352941176471e-01,16876763
6.346391843155044e+03,6.339700029492875e+03,1.176470588235294e+00,16876759
6.347060237380691e+03,6.344808523834103e+03,5.882352941176471e-01,16876766
6.347793775914573e+03,6.345852583320196e+03,5.882352941176471e-01,16876767
6.349921254919750e+03,6.344121313099313e+03,1.764705882352941e+00,16876765
6.352818500849778e+03,6.347524383202719e+03,1.764705882352941e+00,16876768
6.355483719254242e+03,6.353719013371889e+03,5.882352941176471e-01,16876770
6.357096300862862e+03,6.353566889098156e+03,1.176470588235294e+00,16876769
6.357329982825751e+03,6.355565276943398e+03,5.882352941176471e-01,16876772
6.359017316337698e+03,6.355487904572992e+03,1.176470588235294e+00,16876771
6.359889574919003e+03,6.358124869036650e+03,5.882352941176471e-01,16876774
6.360782022220050e+03,6.356245207228892e+03,1.176470588235294e+00,16876773
6.362401153895790e+03,6.360636448013437e+03,5.882352941176471e-01,16876776
6.363041441439794e+03,6.361276735557442e+03,5.882352941176471e-01,16876777
6.364155124392274e+03,6.358655074228435e+03,1.764705882352941e+00,16876775
6.367175646409411e+03,6.365410940527058e+03,5.882352941176471e-01,16876780
6.367695271542849e+03,6.361378853201245e+03,1.764705882352941e+00,16876778
6.369449852751875e+03,6.364145610431490e+03,1.176470588235294e+00,16876779
6.370705058174117e+03,6.368794335287728e+03,5.882352941176471e-01,16876783
6.371214558634228e+03,6.365788373993367e+03,1.764705882352941e+00,16876781
6.372979264516581e+03,6.370750760042585e+03,5.882352941176470e-01,16876785
6.372979264516581e+03,6.366681716519678e+03,1.764705882352941e+00,16876782
6.376253926051232e+03,6.374162388755266e+03,5.882352941176471e-01,16876789
6.376333753279621e+03,6.374569047397268e+03,5.882352941176471e-01,16876790
6.376508676281287e+03,6.370627351577707e+03,1.764705882352941e+00,16876784
6.379008403182691e+03,6.371538985701382e+03,1.176470588235294e+00,16876787
6.380773109065044e+03,6.372066557952041e+03,1.764705882352941e+00,16876788
6.380984569579048e+03,6.378455545470769e+03,5.882352941176471e-01,16876793
6.381786457273980e+03,6.375098968326451e+03,1.764705882352941e+00,16876791
6.382696410332900e+03,6.379760737748334e+03,5.882352941176471e-01,16876796
6.382696410332900e+03,6.379431324210698e+03,5.882352941176471e-01,16876795
6.384885016325135e+03,6.383120310442782e+03,5.882352941176471e-01,16876800
6.386208470694082e+03,6.382679058929376e+03,1.176470588235294e+00,16876799
6.386649722207488e+03,6.384652042737798e+03,5.882352941176471e-01,16876802
6.387973176576435e+03,6.386038445376029e+03,5.882352941176471e-01,16876804
6.390179133972194e+03,6.383857430381229e+03,1.764705882352941e+00,16876801
6.390916062174836e+03,6.389151356292483e+03,5.882352941176471e-01,16876805
6.390916253910641e+03,6.385454045565912e+03,1.764705882352941e+00,16876803
6.393575620792920e+03,6.391810914910567e+03,5.882352941176471e-01,16876806
6.398378546398264e+03,6.396613840515912e+03,5.882352941176471e-01,16876808
6.399533111178232e+03,6.397768405295879e+03,5.882352941176471e-01,16876809
6.401084698402555e+03,6.395790580755496e+03,1.764705882352941e+00,16876807
6.401907958162970e+03,6.398205807034300e+03,1.176470588235294e+00,16876810
6.402377385699940e+03,6.400612679817587e+03,5.882352941176471e-01,16876811
6.402849404284907e+03,6.400911929653348e+03,5.882352941176471e-01,16876812
6.405853476248566e+03,6.404088770366213e+03,5.882352941176471e-01,16876814
6.407233115850256e+03,6.401938998203197e+03,1.764705882352941e+00,16876813
6.407469552359129e+03,6.405704846476776e+03,5.882352941176471e-01,16876815
6.409532213943683e+03,6.407767508061331e+03,5.882352941176471e-01,16876816
6.410638049153199e+03,6.408873343270846e+03,5.882352941176471e-01,16876817
6.411521577484938e+03,6.409756871602585e+03,5.882352941176471e-01,16876818
6.414280647645804e+03,6.412515941763451e+03,5.882352941176471e-01,16876819
6.415966784096848e+03,6.414202078214495e+03,5.882352941176471e-01,16876820
6.418567604161076e+03,6.416802898278724e+03,5.882352941176471e-01,16876822
6.419219051161994e+03,6.417454345279641e+03,5.882352941176471e-01,16876823
6.419956806363469e+03,6.417907585390806e+03,5.882352941176471e-01,16876824
6.421721512245822e+03,6.419604876105874e+03,5.882352941176471e-01,16876827
6.422097015925782e+03,6.416427394598763e+03,1.764705882352941e+00,16876821
6.422941375398640e+03,6.420390893543555e+03,5.882352941176471e-01,16876828
6.423486218128174e+03,6.421655043960446e+03,5.882352941176471e-01,16876829
6.424706081280993e+03,6.422733474063405e+03,5.882352941176471e-01,16876830
6.425250924010527e+03,6.423277933410397e+03,5.882352941176471e-01,16876831
6.425626427690488e+03,6.418821296141350e+03,1.764705882352941e+00,16876825
6.428508136855203e+03,6.426743430972850e+03,5.882352941176471e-01,16876832
6.428730889757435e+03,6.426966183875082e+03,5.882352941176471e-01,16876834
6.432046785761299e+03,6.426752668114240e+03,1.764705882352941e+00,16876833
6.433872737265625e+03,6.431240445725870e+03,5.882352941176471e-01,16876840
6.433872737265625e+03,6.430851509973627e+03,5.882352941176471e-01,16876839
6.435637443147978e+03,6.433309067074644e+03,5.882352941176471e-01,16876843
6.435975939265129e+03,6.427960933420801e+03,1.764705882352941e+00,16876835
6.439359589237482e+03,6.430373948311906e+03,1.764705882352941e+00,16876837
6.439359589237482e+03,6.429018221310068e+03,1.764705882352941e+00,16876836
6.439411405964946e+03,6.437614745447472e+03,5.882352941176471e-01,16876845
6.442889001002188e+03,6.437835206798355e+03,1.176470588235294e+00,16876846
6.442940817729652e+03,6.435881994200240e+03,1.764705882352941e+00,16876844
6.444653706884541e+03,6.441655217686561e+03,5.882352941176470e-01,16876848
6.444653706884541e+03,6.438812773051959e+03,1.764705882352941e+00,16876847
6.448736193018869e+03,6.446971487136516e+03,5.882352941176471e-01,16876851
6.449662521932573e+03,6.444368404285514e+03,1.764705882352941e+00,16876849
6.450464336252088e+03,6.448351682705380e+03,5.882352941176471e-01,16876852
6.451427227814926e+03,6.449298766057368e+03,5.882352941176471e-01,16876854
6.453592840857037e+03,6.450811796088816e+03,5.882352941176471e-01,16876856
6.454167477935158e+03,6.446898361838248e+03,1.764705882352941e+00,16876850
6.455470786007944e+03,6.453489640064061e+03,5.882352941176471e-01,16876859
6.455932183817511e+03,6.453932558662700e+03,5.882352941176471e-01,16876861
6.457235491890297e+03,6.455262851801745e+03,5.882352941176471e-01,16876862
6.459307796312361e+03,6.451140763778249e+03,1.764705882352941e+00,16876857
6.459307796312361e+03,6.449816078875427e+03,1.764705882352941e+00,16876855
6.460037994813943e+03,6.458273288931590e+03,5.882352941176471e-01,16876863
6.461080478471856e+03,6.458454692387524e+03,5.882352941176471e-01,16876865
6.461080478471856e+03,6.458452860098511e+03,5.882352941176471e-01,16876864
6.461802700696296e+03,6.459331725143786e+03,5.882352941176471e-01,16876867
6.463085925095689e+03,6.460095938830398e+03,5.882352941176471e-01,16876868
6.464850630978041e+03,6.462404845602641e+03,5.882352941176471e-01,16876871
6.466994644430509e+03,6.460285325341675e+03,1.764705882352941e+00,16876869
6.468380042742747e+03,6.465589371586381e+03,5.882352941176470e-01,16876874
6.468380042742747e+03,6.462438155274832e+03,1.764705882352941e+00,16876872
6.470144748625100e+03,6.467187218252471e+03,5.882352941176471e-01,16876875
6.470144748625100e+03,6.468197787243017e+03,5.882352941176471e-01,16876876
6.470524056195215e+03,6.463844540235917e+03,1.764705882352941e+00,16876873
6.474942713213706e+03,6.473178007331353e+03,5.882352941176471e-01,16876878
6.475779433757376e+03,6.473758797144638e+03,5.882352941176471e-01,16876880
6.476707419096059e+03,6.474078085338711e+03,5.882352941176471e-01,16876881
6.476849845593240e+03,6.475085139710887e+03,5.882352941176471e-01,16876882
6.478820351076656e+03,6.472250021992670e+03,1.176470588235294e+00,16876877
6.479552924670958e+03,6.477452778342888e+03,5.882352941176471e-01,16876885
6.481726180990375e+03,6.475921835749030e+03,1.176470588235294e+00,16876884
6.483490886872728e+03,6.475837260362370e+03,1.764705882352941e+00,16876883
6.484401235385179e+03,6.477974471332487e+03,1.764705882352941e+00,16876887
6.485369205648979e+03,6.483604499766626e+03,5.882352941176471e-01,16876892
6.487817034255986e+03,6.481158590281936e+03,1.764705882352941e+00,16876890
6.488464872254453e+03,6.486700166372100e+03,5.882352941176471e-01,16876893
6.488785004519787e+03,6.481982659803108e+03,1.764705882352941e+00,16876891
6.490717601266146e+03,6.488952895383793e+03,5.882352941176471e-01,16876895
6.491287616420070e+03,6.489522910537717e+03,5.882352941176471e-01,16876896
6.491941878668151e+03,6.489649138601545e+03,5.882352941176471e-01,16876897
6.494019544430905e+03,6.492254838548552e+03,5.882352941176471e-01,16876899
6.494247013030852e+03,6.490224640593000e+03,1.176470588235294e+00,16876898
6.494817028184776e+03,6.488412466903445e+03,1.764705882352941e+00,16876894
6.495935896046556e+03,6.492987468426090e+03,5.882352941176471e-01,16876901
6.498181356423672e+03,6.496416650541319e+03,5.882352941176471e-01,16876903
6.499465307811262e+03,6.492961636278140e+03,1.764705882352941e+00,16876900
6.499946062306025e+03,6.497760757169272e+03,5.882352941176471e-01,16876905
6.503475474070731e+03,6.497506916796490e+03,1.764705882352941e+00,16876904
6.504613406368371e+03,6.498404633325155e+03,1.764705882352941e+00,16876906
6.504759425458320e+03,6.499366954763781e+03,1.764705882352941e+00,16876908
6.505240179953084e+03,6.503040755287329e+03,5.882352941176471e-01,16876909
6.506682445753233e+03,6.504917739870880e+03,5.882352941176471e-01,16876910
6.506798161312295e+03,6.505033455429942e+03,5.882352941176471e-01,16876911
6.508527418725462e+03,6.506762712843109e+03,5.882352941176471e-01,16876912
6.508731110313304e+03,6.506966404430951e+03,5.882352941176471e-01,16876913
6.508808419854468e+03,6.507043713972115e+03,5.882352941176471e-01,16876914
6.510292124607814e+03,6.507591471108465e+03,5.882352941176471e-01,16876915
6.511083111950364e+03,6.509318406068011e+03,5.882352941176471e-01,16876917
6.513430836776154e+03,6.511666130893801e+03,5.882352941176471e-01,16876918
6.514031688361185e+03,6.508737570714126e+03,1.764705882352941e+00,16876916
6.517877876829053e+03,6.512583759181994e+03,1.764705882352941e+00,16876919
6.518724954423213e+03,6.513292974722518e+03,1.764705882352941e+00,16876920
6.519642582711406e+03,6.517538136986846e+03,5.882352941176471e-01,16876922
6.520353844286362e+03,6.516557660148314e+03,1.176470588235294e+00,16876921
6.522410112685463e+03,6.520645406803110e+03,5.882352941176471e-01,16876924
6.523752299696930e+03,6.518458182049871e+03,1.764705882352941e+00,16876923
6.524272994568949e+03,6.521540768815477e+03,5.882352941176471e-01,16876927
6.524272994568949e+03,6.521059921864214e+03,5.882352941176471e-01,16876926
6.525517005579282e+03,6.520841758805376e+03,1.176470588235294e+00,16876925
6.526971005982659e+03,6.525206300100306e+03,5.882352941176471e-01,16876929
6.529567112216008e+03,6.524170898410891e+03,1.764705882352941e+00,16876928
6.530018712843612e+03,6.526489301078906e+03,1.176470588235294e+00,16876930
6.532082746114141e+03,6.530318040231788e+03,5.882352941176471e-01,16876932
6.533649855630267e+03,6.528355737983208e+03,1.764705882352941e+00,16876931
6.534295496508638e+03,6.532530790626285e+03,5.882352941176471e-01,16876934
6.535511859755483e+03,6.533291015343080e+03,5.882352941176471e-01,16876935
6.535691979653666e+03,6.533844452115993e+03,5.882352941176471e-01,16876937
6.537366625586927e+03,6.535375625616780e+03,5.882352941176471e-01,16876940
6.537366625586927e+03,6.534370191379099e+03,5.882352941176471e-01,16876939
6.538282708110940e+03,6.532162567888960e+03,1.176470588235294e+00,16876933
6.539178877612690e+03,6.537414171730338e+03,5.882352941176471e-01,16876942
6.540896037351633e+03,6.536975802066183e+03,1.176470588235294e+00,16876941
6.541234862999693e+03,6.539470157117340e+03,5.882352941176471e-01,16876943
6.542886626999359e+03,6.540568470617295e+03,5.882352941176471e-01,16876945
6.544651332881712e+03,6.542686493977135e+03,5.882352941176471e-01,16876949
6.545008160285764e+03,6.539714042638705e+03,1.764705882352941e+00,16876944
6.548180744646418e+03,6.541967223068999e+03,1.764705882352941e+00,16876948
6.548180744646418e+03,6.540640216308404e+03,1.764705882352941e+00,16876946
6.550016103292440e+03,6.546486691527734e+03,1.176470588235294e+00,16876950
6.551585996547924e+03,6.549821290665571e+03,5.882352941176471e-01,16876951
6.552571944821272e+03,6.550807238938919e+03,5.882352941176471e-01,16876953
6.554194654927221e+03,6.551697070254928e+03,5.882352941176471e-01,16876955
6.556266278604710e+03,6.551286145024228e+03,1.176470588235294e+00,16876954
6.558030984487063e+03,6.551902646068438e+03,1.764705882352941e+00,16876956
6.558030984487063e+03,6.550523247386112e+03,1.764705882352941e+00,16876952
6.559795690369416e+03,6.556552674715171e+03,5.882352941176470e-01,16876958
6.559795690369416e+03,6.556568851869890e+03,5.882352941176470e-01,16876959
6.559795690369416e+03,6.553172393400425e+03,1.764705882352941e+00,16876957
6.561691092792995e+03,6.558032596246817e+03,5.882352941176471e-01,16876963
6.561691092792995e+03,6.558957070205994e+03,5.882352941176471e-01,16876964
6.561691092792995e+03,6.559100310640217e+03,5.882352941176471e-01,16876965
6.563455798675348e+03,6.560318476534318e+03,5.882352941176471e-01,16876967
6.563455798675348e+03,6.560840681457559e+03,5.882352941176471e-01,16876968
6.563455798675348e+03,6.561513773789282e+03,5.882352941176471e-01,16876969
6.565220504557701e+03,6.561764062337841e+03,5.882352941176471e-01,16876970
6.567640074547224e+03,6.564110662782518e+03,1.176470588235294e+00,16876971
6.567950957486613e+03,6.566186251604260e+03,5.882352941176471e-01,16876972
6.570305345752092e+03,6.568540639869739e+03,5.882352941176471e-01,16876974
6.571900730152255e+03,6.566606612505196e+03,1.764705882352941e+00,16876973
6.573414298400140e+03,6.569884886635434e+03,1.176470588235294e+00,16876975
6.575152961210659e+03,6.573388255328306e+03,5.882352941176471e-01,16876976
6.576123670681164e+03,6.574358964798811e+03,5.882352941176471e-01,16876977
6.579921115751034e+03,6.578156409868681e+03,5.882352941176471e-01,16876980
6.580273154065711e+03,6.576743742301006e+03,1.176470588235294e+00,16876978
6.582547052422775e+03,6.577252934775716e+03,1.764705882352941e+00,16876979
6.583450527515740e+03,6.579424558933674e+03,1.176470588235294e+00,16876981
6.584242402076042e+03,6.582150699158052e+03,5.882352941176471e-01,16876983
6.585231396289809e+03,6.583466690407456e+03,5.882352941176471e-01,16876985
6.586007107958395e+03,6.584189874590748e+03,5.882352941176471e-01,16876986
6.586996102172162e+03,6.585093744130125e+03,5.882352941176471e-01,16876987
6.587755650949032e+03,6.580643634082250e+03,1.764705882352941e+00,16876982
6.588760808054514e+03,6.586335375181202e+03,5.882352941176471e-01,16876988
6.589536519723101e+03,6.582332453707128e+03,1.764705882352941e+00,16876984
6.591456223546894e+03,6.589691517664541e+03,5.882352941176471e-01,16876992
6.593060543857235e+03,6.587184484582884e+03,1.764705882352941e+00,16876989
6.593220929429247e+03,6.591012463414064e+03,5.882352941176471e-01,16876994
6.594825249739588e+03,6.592858863810085e+03,5.882352941176471e-01,16876996
6.595572463820758e+03,6.592043052056052e+03,1.176470588235294e+00,16876995
6.596589955621941e+03,6.594585329163751e+03,5.882352941176471e-01,16876997
6.596687668699059e+03,6.590215673678805e+03,1.764705882352941e+00,16876993
6.597337169703111e+03,6.594966763232796e+03,5.882352941176471e-01,16876998
6.598403518042853e+03,6.595842969046707e+03,5.882352941176471e-01,16876999
6.601932929807559e+03,6.596321387291599e+03,1.764705882352941e+00,16877000
6.602228358320539e+03,6.600156971408544e+03,5.882352941176471e-01,16877003
6.603697635689912e+03,6.600970411012393e+03,5.882352941176471e-01,16877004
6.604250302131205e+03,6.598698946555833e+03,1.764705882352941e+00,16877001
6.609925495363092e+03,6.608160789480739e+03,5.882352941176471e-01,16877005
6.610114851654121e+03,6.608350145771768e+03,5.882352941176471e-01,16877006
6.611816438772798e+03,6.608654868257483e+03,5.882352941176471e-01,16877008
6.613581144655151e+03,6.611573244683498e+03,5.882352941176471e-01,16877011
6.613935999319436e+03,6.608641881672377e+03,1.764705882352941e+00,16877007
6.615345850537503e+03,6.612715072373939e+03,5.882352941176471e-01,16877013
6.615523277869646e+03,6.609288956384869e+03,1.176470588235294e+00,16877009
6.617287983751999e+03,6.611729873542882e+03,1.764705882352941e+00,16877012
6.619058444460876e+03,6.617293738578523e+03,5.882352941176471e-01,16877016
6.620119471420083e+03,6.617461912179581e+03,5.882352941176471e-01,16877017
6.620639968184562e+03,6.614351349685691e+03,1.764705882352941e+00,16877014
6.620823150343229e+03,6.618571511571016e+03,5.882352941176471e-01,16877019
6.622144425684675e+03,6.619656562321553e+03,5.882352941176471e-01,16877021
6.623909131567028e+03,6.619471153994640e+03,1.176470588235294e+00,16877020
6.624352562107935e+03,6.616373313622090e+03,1.764705882352941e+00,16877015
6.625673837449381e+03,6.623088972636253e+03,5.882352941176471e-01,16877023
6.626117267990288e+03,6.622554848616471e+03,1.176470588235294e+00,16877022
6.627881973872641e+03,6.624235779137269e+03,1.176470588235294e+00,16877024
6.629613672145883e+03,6.625843608998847e+03,1.176470588235294e+00,16877026
6.630627794244976e+03,6.628863088362623e+03,5.882352941176471e-01,16877027
6.631011476557598e+03,6.625717358910540e+03,1.764705882352941e+00,16877025
6.632934068064874e+03,6.631169362182521e+03,5.882352941176471e-01,16877029
6.636428651943934e+03,6.633960719969026e+03,5.882352941176471e-01,16877032
6.636463479829580e+03,6.631134534296875e+03,1.764705882352941e+00,16877028
6.636886441943834e+03,6.631592324296775e+03,1.764705882352941e+00,16877030
6.638216576416718e+03,6.634757335656272e+03,5.882352941176471e-01,16877033
6.639981282299070e+03,6.637314747924506e+03,5.882352941176471e-01,16877036
6.640415853708540e+03,6.631802024718978e+03,1.764705882352941e+00,16877031
6.641745988181423e+03,6.635049230860161e+03,1.764705882352941e+00,16877034
6.643636355492332e+03,6.640999377697596e+03,5.882352941176471e-01,16877040
6.643636355492332e+03,6.640850762257365e+03,5.882352941176471e-01,16877039
6.645401061374685e+03,6.643033111751577e+03,5.882352941176471e-01,16877042
6.646136247435941e+03,6.640169774441904e+03,1.764705882352941e+00,16877037
6.646369260912968e+03,6.644604555030615e+03,5.882352941176471e-01,16877043
6.647165767257038e+03,6.644795947231009e+03,5.882352941176471e-01,16877044
6.647957967682447e+03,6.646193261800094e+03,5.882352941176471e-01,16877045
6.651872883338034e+03,6.650108177455681e+03,5.882352941176471e-01,16877048
6.652941710509860e+03,6.647647592862801e+03,1.764705882352941e+00,16877046
6.653729619688831e+03,6.650843292277567e+03,5.882352941176471e-01,16877049
6.653821650157274e+03,6.648527532510215e+03,1.764705882352941e+00,16877047
6.655540340805405e+03,6.653466078948326e+03,5.882352941176471e-01,16877053
6.656471122274566e+03,6.654313630923109e+03,5.882352941176471e-01,16877054
6.657305046687758e+03,6.655371673236166e+03,5.882352941176471e-01,16877056
6.658652790363515e+03,6.656044284711368e+03,5.882352941176471e-01,16877057
6.661732954236302e+03,6.652163437672706e+03,1.764705882352941e+00,16877051
6.661732954236302e+03,6.652986345011899e+03,1.764705882352941e+00,16877052
6.661732954236302e+03,6.654785294427176e+03,1.764705882352941e+00,16877055
6.663812798833848e+03,6.659990322727552e+03,5.882352941176471e-01,16877060
6.663812798833848e+03,6.660259375701987e+03,5.882352941176471e-01,16877061
6.665577504716201e+03,6.662993509097073e+03,5.882352941176471e-01,16877063
6.667342210598554e+03,6.664645144910753e+03,5.882352941176470e-01,16877064
6.667342210598554e+03,6.659362624383586e+03,1.764705882352941e+00,16877059
6.667342210598554e+03,6.656079714823965e+03,1.764705882352941e+00,16877058
6.669106916480907e+03,6.665587318692648e+03,5.882352941176471e-01,16877065
6.669106916480907e+03,6.666942609589176e+03,5.882352941176471e-01,16877067
6.672636328245612e+03,6.666619770516162e+03,1.764705882352941e+00,16877066
6.672867848902217e+03,6.669338437137511e+03,1.176470588235294e+00,16877068
6.673223672639393e+03,6.671458966757040e+03,5.882352941176471e-01,16877069
6.675310721599698e+03,6.673546015717345e+03,5.882352941176471e-01,16877071
6.678686489310206e+03,6.675531292137865e+03,5.882352941176471e-01,16877074
6.678840133364404e+03,6.673238727608949e+03,1.764705882352941e+00,16877070
6.678873980010207e+03,6.673579862363148e+03,1.764705882352941e+00,16877072
6.680566428233208e+03,6.677812293830971e+03,5.882352941176471e-01,16877077
6.682331134115561e+03,6.679443506115315e+03,5.882352941176471e-01,16877080
6.682403391774913e+03,6.674283257973752e+03,1.764705882352941e+00,16877073
6.684139194593525e+03,6.680599429943083e+03,5.882352941176471e-01,16877082
6.684139194593525e+03,6.680630310157392e+03,5.882352941176471e-01,16877083
6.684139194593525e+03,6.681095350375597e+03,5.882352941176471e-01,16877084
6.685903900475878e+03,6.683028883499427e+03,5.882352941176471e-01,16877087
6.687668606358231e+03,6.679950426115361e+03,1.764705882352941e+00,16877081
6.687668606358231e+03,6.677142062888646e+03,1.764705882352941e+00,16877076
6.689433312240584e+03,6.687284647740549e+03,5.882352941176471e-01,16877089
6.689967834723389e+03,6.688203128841036e+03,5.882352941176471e-01,16877090
6.691198018122937e+03,6.688298419455097e+03,5.882352941176471e-01,16877091
6.691198018122937e+03,6.684555169972207e+03,1.764705882352941e+00,16877088
6.692962724005290e+03,6.690863605139469e+03,5.882352941176471e-01,16877094
6.692962724005290e+03,6.690517918654761e+03,5.882352941176471e-01,16877093
6.693807837189823e+03,6.691985105806946e+03,5.882352941176471e-01,16877095
6.694727429887643e+03,6.692254987158429e+03,5.882352941176471e-01,16877097
6.697797045303439e+03,6.695303242860041e+03,5.882352941176471e-01,16877099
6.698256841652349e+03,6.692220262436674e+03,1.764705882352941e+00,16877096
6.698256841652349e+03,6.690278425425117e+03,1.764705882352941e+00,16877092
6.699561751185792e+03,6.696975420642129e+03,5.882352941176471e-01,16877101
6.700021547534702e+03,6.693208528773587e+03,1.176470588235294e+00,16877098
6.702346660468542e+03,6.700581954586189e+03,5.882352941176471e-01,16877102
6.703586333282083e+03,6.701821627399730e+03,5.882352941176471e-01,16877104
6.704209997337455e+03,6.702059169461091e+03,5.882352941176471e-01,16877106
6.705974703219808e+03,6.701983303414402e+03,1.176470588235294e+00,16877105
6.706125604191638e+03,6.704360898309285e+03,5.882352941176471e-01,16877107
6.707115745046789e+03,6.700779216559310e+03,1.764705882352941e+00,16877103
6.707852584831033e+03,6.705038704876187e+03,5.882352941176471e-01,16877109
6.708880450929142e+03,6.706699013747659e+03,5.882352941176471e-01,16877112
6.710534341576277e+03,6.708769635693924e+03,5.882352941176471e-01,16877113
6.711381996595739e+03,6.704766020068685e+03,1.764705882352941e+00,16877108
6.712299047458630e+03,6.709195840465489e+03,5.882352941176471e-01,16877115
6.712715254821152e+03,6.710950548938799e+03,5.882352941176471e-01,16877116
6.714271857022244e+03,6.711658061811236e+03,5.882352941176471e-01,16877117
6.714271857022244e+03,6.711716503601549e+03,5.882352941176471e-01,16877118
6.714845184771436e+03,6.709119619467438e+03,1.764705882352941e+00,16877114
6.716798162412039e+03,6.715033456529686e+03,5.882352941176471e-01,16877119
6.724710773615303e+03,6.722946067732950e+03,5.882352941176471e-01,16877122
6.725487410072930e+03,6.723102735030942e+03,5.882352941176471e-01,16877123
6.725780995410580e+03,6.720486877763522e+03,1.764705882352941e+00,16877120
6.726863797726470e+03,6.723832179716825e+03,5.882352941176471e-01,16877124
6.728628503608823e+03,6.726753436478598e+03,5.882352941176471e-01,16877127
6.728628503608823e+03,6.726407804454803e+03,5.882352941176471e-01,16877126
6.729310407175286e+03,6.721957998308224e+03,1.764705882352941e+00,16877121
6.732157915373528e+03,6.730033791791868e+03,5.882352941176470e-01,16877130
6.732157915373528e+03,6.724159203505687e+03,1.764705882352941e+00,16877125
6.735330137544758e+03,6.727680453235842e+03,1.764705882352941e+00,16877128
6.735330137544758e+03,6.729678830304223e+03,1.764705882352941e+00,16877129
6.737956782445732e+03,6.736192076563380e+03,5.882352941176471e-01,16877131
6.739225270836549e+03,6.737460564954196e+03,5.882352941176471e-01,16877132
6.740648498786511e+03,6.738883792904158e+03,5.882352941176471e-01,16877134
6.741379091511169e+03,6.739614385628816e+03,5.882352941176471e-01,16877135
6.743084289216736e+03,6.737790171569677e+03,1.764705882352941e+00,16877133
6.744467917591348e+03,6.742703211708995e+03,5.882352941176471e-01,16877138
6.745138827954286e+03,6.743374122071933e+03,5.882352941176471e-01,16877139
6.746278158707506e+03,6.740399977069029e+03,1.764705882352941e+00,16877136
6.748365373887303e+03,6.746600668004950e+03,5.882352941176471e-01,16877140
6.748468341016197e+03,6.746703635133844e+03,5.882352941176471e-01,16877141
6.752226348161727e+03,6.750461642279374e+03,5.882352941176471e-01,16877145
6.753215950708221e+03,6.747921833061162e+03,1.764705882352941e+00,16877142
6.754187284567659e+03,6.748636775178914e+03,1.764705882352941e+00,16877143
6.754980656590574e+03,6.753201819217425e+03,5.882352941176471e-01,16877148
6.755975259732157e+03,6.754210553849804e+03,5.882352941176471e-01,16877149
6.756287984189502e+03,6.748953328138707e+03,1.176470588235294e+00,16877144
6.757948448586073e+03,6.755185422043735e+03,5.882352941176471e-01,16877150
6.758052690071855e+03,6.751198047520706e+03,1.764705882352941e+00,16877146
6.759713154468426e+03,6.757414858533546e+03,5.882352941176471e-01,16877154
6.759940060290947e+03,6.758175354408594e+03,5.882352941176471e-01,16877155
6.762194544074771e+03,6.760429838192418e+03,5.882352941176471e-01,16877156
6.763119901896393e+03,6.755187256954821e+03,1.764705882352941e+00,16877151
6.763242566233132e+03,6.757390455306556e+03,1.764705882352941e+00,16877153
6.764217102936233e+03,6.760998130423030e+03,5.882352941176471e-01,16877157
6.764945939947116e+03,6.762752659463332e+03,5.882352941176471e-01,16877160
6.764945939947116e+03,6.762710250032988e+03,5.882352941176471e-01,16877159
6.766710645829469e+03,6.764759440128246e+03,5.882352941176471e-01,16877162
6.769511220583291e+03,6.763703717445122e+03,1.764705882352941e+00,16877161
6.770645603844736e+03,6.767986644546532e+03,5.882352941176471e-01,16877165
6.771125367053984e+03,6.765831249406925e+03,1.764705882352941e+00,16877163
6.771597656164506e+03,6.769286444212945e+03,5.882352941176471e-01,16877167
6.772650191331713e+03,6.770330871570283e+03,5.882352941176471e-01,16877170
6.772650191331713e+03,6.770154679981015e+03,5.882352941176471e-01,16877169
6.775127067929212e+03,6.766479124025437e+03,1.764705882352941e+00,16877164
6.779418558580431e+03,6.777653852698078e+03,5.882352941176471e-01,16877171
6.779475896041022e+03,6.777711190158669e+03,5.882352941176471e-01,16877172
6.779590688003757e+03,6.777825982121404e+03,5.882352941176471e-01,16877173
6.781580874749023e+03,6.779816168866670e+03,5.882352941176471e-01,16877175
6.781855056600645e+03,6.780090350718292e+03,5.882352941176471e-01,16877176
6.783146775488256e+03,6.780457033048915e+03,5.882352941176471e-01,16877177
6.784911481370609e+03,6.782942439462509e+03,5.882352941176471e-01,16877180
6.784911481370609e+03,6.782395062691290e+03,5.882352941176471e-01,16877179
6.785384468365351e+03,6.778842093572568e+03,1.764705882352941e+00,16877174
6.786676187252962e+03,6.784219187002821e+03,5.882352941176471e-01,16877181
6.788440893135315e+03,6.780927523219780e+03,1.764705882352941e+00,16877178
6.790299078244006e+03,6.787688447698025e+03,5.882352941176471e-01,16877184
6.790476675706744e+03,6.788627851587990e+03,5.882352941176471e-01,16877186
6.791066402462187e+03,6.785772284815128e+03,1.764705882352941e+00,16877182
6.792152582857728e+03,6.789056522735501e+03,5.882352941176471e-01,16877188
6.792831108344540e+03,6.790624969218610e+03,5.882352941176471e-01,16877189
6.794073937299988e+03,6.786947263942038e+03,1.176470588235294e+00,16877183
6.794595814226893e+03,6.792465879977542e+03,5.882352941176471e-01,16877191
6.795821402289239e+03,6.794056696406886e+03,5.882352941176471e-01,16877192
6.796468324521058e+03,6.794094636041088e+03,5.882352941176471e-01,16877193
6.797463941397889e+03,6.791106947824422e+03,1.764705882352941e+00,16877190
6.797586108171592e+03,6.794811423050516e+03,5.882352941176471e-01,16877195
6.798233030403411e+03,6.796180656475022e+03,5.882352941176471e-01,16877196
6.799228647280242e+03,6.797398254043061e+03,5.882352941176471e-01,16877197
6.800017528275569e+03,6.798252822393216e+03,5.882352941176471e-01,16877198
6.800993353162595e+03,6.799137654605234e+03,5.882352941176471e-01,16877200
6.802496881871907e+03,6.800423005775587e+03,5.882352941176471e-01,16877202
6.802758059044948e+03,6.798967470107201e+03,1.176470588235294e+00,16877199
6.806026293636613e+03,6.799896154663775e+03,1.764705882352941e+00,16877201
6.806173287512221e+03,6.804408581629868e+03,5.882352941176471e-01,16877204
6.807076351804981e+03,6.801641802308489e+03,1.764705882352941e+00,16877203
6.808841057687334e+03,6.806697077991903e+03,5.882352941176471e-01,16877207
6.811082195379010e+03,6.808766252446506e+03,5.882352941176471e-01,16877211
6.811082195379010e+03,6.808470760360052e+03,5.882352941176471e-01,16877210
6.812176395820001e+03,6.810086209872058e+03,5.882352941176471e-01,16877213
6.812846901261363e+03,6.810598564983358e+03,5.882352941176471e-01,16877215
6.813941101702354e+03,6.811122975757155e+03,5.882352941176471e-01,16877217
6.815268127408310e+03,6.807273392352148e+03,1.176470588235294e+00,16877208
6.817032833290663e+03,6.806695403127232e+03,1.764705882352941e+00,16877206
6.817032833290663e+03,6.805756748952403e+03,1.764705882352941e+00,16877205
6.817046563217755e+03,6.813973909418682e+03,5.882352941176471e-01,16877218
6.818797539173016e+03,6.815288722298948e+03,5.882352941176471e-01,16877221
6.820562245055369e+03,6.816275055275642e+03,1.176470588235294e+00,16877222
6.823795579256398e+03,6.822030873374046e+03,5.882352941176471e-01,16877225
6.824753882068144e+03,6.819459764421085e+03,1.764705882352941e+00,16877223
6.825260720854351e+03,6.822858311576985e+03,5.882352941176471e-01,16877226
6.827025426736703e+03,6.821431744805244e+03,1.176470588235294e+00,16877224
6.828283293832850e+03,6.826255078870367e+03,5.882352941176471e-01,16877229
6.828790132619056e+03,6.823161344235082e+03,1.764705882352941e+00,16877227
6.830554838501409e+03,6.824290131373641e+03,1.764705882352941e+00,16877228
6.833999777135081e+03,6.827430808514011e+03,1.764705882352941e+00,16877231
6.833999777135081e+03,6.827350840790120e+03,1.764705882352941e+00,16877230
6.835681043207111e+03,6.832152664763117e+03,5.882352941176471e-01,16877236
6.835906549736992e+03,6.834141843854639e+03,5.882352941176471e-01,16877237
6.836534082693670e+03,6.831291809128937e+03,1.176470588235294e+00,16877234
6.838298788576023e+03,6.836524434228733e+03,5.882352941176470e-01,16877239
6.838298788576023e+03,6.828824885217803e+03,1.764705882352941e+00,16877233
6.839435961501698e+03,6.837346077791899e+03,5.882352941176471e-01,16877240
6.840063494458376e+03,6.837924325034524e+03,5.882352941176471e-01,16877241
6.841200667384051e+03,6.838497367063551e+03,5.882352941176471e-01,16877242
6.841828200340729e+03,6.840018576141292e+03,5.882352941176470e-01,16877243
6.841828200340729e+03,6.835832394040436e+03,1.764705882352941e+00,16877238
6.844730079148757e+03,6.842910957325624e+03,5.882352941176471e-01,16877247
6.845711988609042e+03,6.843635483020581e+03,5.882352941176471e-01,16877248
6.846465076132474e+03,6.842182576844336e+03,1.176470588235294e+00,16877245
6.847476694491395e+03,6.845537202176053e+03,5.882352941176471e-01,16877249
6.848229782014827e+03,6.840191411570180e+03,1.764705882352941e+00,16877244
6.849610434832436e+03,6.846876474737844e+03,5.882352941176471e-01,16877251
6.849994487897180e+03,6.848030246179427e+03,5.882352941176471e-01,16877254
6.851653297646871e+03,6.849888591764518e+03,5.882352941176471e-01,16877255
6.851808461101730e+03,6.846514343454671e+03,1.764705882352941e+00,16877250
6.853495585256653e+03,6.850308119403896e+03,5.882352941176471e-01,16877257
6.855520769219002e+03,6.850226651571943e+03,1.764705882352941e+00,16877256
6.857024997021359e+03,6.850742939230503e+03,1.764705882352941e+00,16877258
6.858789702903712e+03,6.856942170547910e+03,5.882352941176471e-01,16877261
6.859132483081592e+03,6.857248784765621e+03,5.882352941176471e-01,16877262
6.860116188632254e+03,6.854822070985195e+03,1.764705882352941e+00,16877259
6.860648299419347e+03,6.857449777678667e+03,5.882352941176471e-01,16877263
6.861982577642353e+03,6.860015389640799e+03,5.882352941176471e-01,16877267
6.863198750455601e+03,6.861434044573248e+03,5.882352941176471e-01,16877270
6.863945313776704e+03,6.861575518103402e+03,5.882352941176471e-01,16877271
6.864963456337954e+03,6.863162457889597e+03,5.882352941176471e-01,16877274
6.865942417066405e+03,6.864038975406383e+03,5.882352941176471e-01,16877276
6.866728162220307e+03,6.864236398015811e+03,5.882352941176471e-01,16877277
6.867590924245084e+03,6.864985180725106e+03,5.882352941176471e-01,16877278
6.868924249115049e+03,6.866566569095638e+03,5.882352941176471e-01,16877281
6.868924249115049e+03,6.866317582357998e+03,5.882352941176471e-01,16877280
6.869777187921675e+03,6.855603071316886e+03,1.176470588235294e+00,16877260
6.871328659102371e+03,6.862378638146350e+03,1.176470588235294e+00,16877273
6.873093364984724e+03,6.860319554887746e+03,1.764705882352941e+00,16877269
6.874218366762107e+03,6.868529442163259e+03,1.764705882352941e+00,16877282
6.875316328268839e+03,6.873551622386486e+03,5.882352941176471e-01,16877283
6.877191622504880e+03,6.875426916622527e+03,5.882352941176471e-01,16877284
6.878437274443522e+03,6.876672568561169e+03,5.882352941176471e-01,16877286
6.878956328387233e+03,6.876725350471531e+03,5.882352941176471e-01,16877287
6.882132672173863e+03,6.879212093912042e+03,5.882352941176471e-01,16877291
6.882485740151939e+03,6.876640924490961e+03,1.764705882352941e+00,16877285
6.884015067382241e+03,6.879417558252496e+03,1.176470588235294e+00,16877292
6.885779773264594e+03,6.877898844958853e+03,1.764705882352941e+00,16877289
6.885779773264594e+03,6.877469221179294e+03,1.764705882352941e+00,16877288
6.887980976412392e+03,6.886216270530039e+03,5.882352941176471e-01,16877295
6.889588076094678e+03,6.884293958447619e+03,1.764705882352941e+00,16877294
6.889745682294745e+03,6.886763662541179e+03,5.882352941176471e-01,16877297
6.891352781977031e+03,6.889125364888855e+03,5.882352941176471e-01,16877298
6.891643617885946e+03,6.886349500238887e+03,1.764705882352941e+00,16877296
6.897011002667108e+03,6.895246296784755e+03,5.882352941176471e-01,16877300
6.899725129405067e+03,6.894431011758008e+03,1.764705882352941e+00,16877299
6.902543243221750e+03,6.897249125574691e+03,1.764705882352941e+00,16877301
6.903063795543199e+03,6.901299089660846e+03,5.882352941176471e-01,16877302
6.904449093736570e+03,6.902684387854217e+03,5.882352941176471e-01,16877303
6.906552611155805e+03,6.904787905273452e+03,5.882352941176471e-01,16877304
6.908283005193164e+03,6.906518299310811e+03,5.882352941176471e-01,16877305
6.908923383774584e+03,6.907158677892231e+03,5.882352941176471e-01,16877307
6.910047711075516e+03,6.908018371188253e+03,5.882352941176471e-01,16877308
6.910953613119849e+03,6.909188907237497e+03,5.882352941176471e-01,16877309
6.912437564856104e+03,6.907143447209045e+03,1.764705882352941e+00,16877306
6.915438669964637e+03,6.913673964082284e+03,5.882352941176471e-01,16877310
6.919296146121579e+03,6.917531440239226e+03,5.882352941176471e-01,16877312
6.919553267249087e+03,6.917788561366734e+03,5.882352941176471e-01,16877313
6.921225420566940e+03,6.915931302919881e+03,1.764705882352941e+00,16877311
6.921735452410923e+03,6.919970746528570e+03,5.882352941176471e-01,16877315
6.923291838736192e+03,6.921527132853839e+03,5.882352941176471e-01,16877316
6.924590263768637e+03,6.919107219082267e+03,1.764705882352941e+00,16877314
6.928916686026184e+03,6.922314978406526e+03,1.764705882352941e+00,16877318
6.928916686026184e+03,6.922023255750615e+03,1.764705882352941e+00,16877317
6.930787471911352e+03,6.929022766028999e+03,5.882352941176471e-01,16877325
6.932226052840149e+03,6.930118164076830e+03,5.882352941176471e-01,16877326
6.932336075315519e+03,6.925552610650570e+03,1.176470588235294e+00,16877321
6.934064107039415e+03,6.930929974855689e+03,5.882352941176471e-01,16877327
6.934100781197872e+03,6.924552612028560e+03,1.764705882352941e+00,16877320
6.935841037641254e+03,6.927068810833706e+03,1.176470588235294e+00,16877323
6.935841037641254e+03,6.931255457625580e+03,1.176470588235294e+00,16877328
6.937605743523607e+03,6.927274976121460e+03,1.764705882352941e+00,16877324
6.938187861871004e+03,6.936423155988651e+03,5.882352941176471e-01,16877330
6.940420371166725e+03,6.938655665284372e+03,5.882352941176471e-01,16877331
6.942300402113624e+03,6.940122787858772e+03,5.882352941176471e-01,16877335
6.942300402113624e+03,6.939898027349430e+03,5.882352941176471e-01,16877334
6.943691412104612e+03,6.940730956673175e+03,5.882352941176471e-01,16877336
6.944065107995977e+03,6.942260237060546e+03,5.882352941176471e-01,16877338
6.944710952422167e+03,6.938886315413465e+03,1.176470588235294e+00,16877332
6.945456117986965e+03,6.943592090966003e+03,5.882352941176471e-01,16877339
6.945879828833196e+03,6.943809245652286e+03,5.882352941176471e-01,16877340
6.947683491676802e+03,6.945918785794449e+03,5.882352941176471e-01,16877344
6.948345644937231e+03,6.946026289501756e+03,5.882352941176471e-01,16877345
6.949403969348945e+03,6.947443555987986e+03,5.882352941176471e-01,16877348
6.952404218907794e+03,6.945786101163818e+03,1.764705882352941e+00,16877343
6.952404218907794e+03,6.944165137905709e+03,1.764705882352941e+00,16877342
6.952933381113651e+03,6.946686219805237e+03,1.764705882352941e+00,16877347
6.954168924790147e+03,6.951857900287563e+03,5.882352941176471e-01,16877351
6.954168924790147e+03,6.950455597306984e+03,5.882352941176471e-01,16877350
6.955949932819366e+03,6.954185226937013e+03,5.882352941176471e-01,16877354
6.957709204652764e+03,6.955083302673156e+03,5.882352941176471e-01,16877356
6.957709204652764e+03,6.955059788895437e+03,5.882352941176471e-01,16877355
6.958352811252533e+03,6.953058693605474e+03,1.764705882352941e+00,16877352
6.960117517134886e+03,6.957777640504942e+03,5.882352941176471e-01,16877360
6.961453151950726e+03,6.953459134805010e+03,1.176470588235294e+00,16877353
6.963217857833079e+03,6.956880719285107e+03,1.764705882352941e+00,16877359
6.963217857833079e+03,6.956604527172543e+03,1.764705882352941e+00,16877358
6.966823384698113e+03,6.961673868970334e+03,1.176470588235294e+00,16877362
6.968588090580466e+03,6.960637947923937e+03,1.764705882352941e+00,16877361
6.968643161972654e+03,6.965602078312637e+03,5.882352941176471e-01,16877367
6.968643161972654e+03,6.965227922858440e+03,5.882352941176471e-01,16877366
6.971949916549510e+03,6.970185210667157e+03,5.882352941176471e-01,16877368
6.972117502345171e+03,6.965168821600137e+03,1.764705882352941e+00,16877365
6.972937618004669e+03,6.971172912122316e+03,5.882352941176471e-01,16877369
6.974158537095837e+03,6.972393831213484e+03,5.882352941176471e-01,16877370
6.974377360181650e+03,6.972612654299297e+03,5.882352941176471e-01,16877371
6.974832913129922e+03,6.973068207247569e+03,5.882352941176471e-01,16877372
6.976032654521096e+03,6.973615624038742e+03,5.882352941176471e-01,16877374
6.976032654521096e+03,6.973418600639560e+03,5.882352941176471e-01,16877373
6.977001705273760e+03,6.975236999391407e+03,5.882352941176471e-01,16877375
6.977797360403449e+03,6.975827951174461e+03,5.882352941176471e-01,16877377
6.978766411156113e+03,6.976228990933049e+03,5.882352941176471e-01,16877378
6.979562066285802e+03,6.977589105230867e+03,5.882352941176471e-01,16877380
6.982229819618128e+03,6.980465113735775e+03,5.882352941176471e-01,16877381
6.982295822920819e+03,6.975649227702773e+03,1.764705882352941e+00,16877376
6.983091478050508e+03,6.977481909572952e+03,1.764705882352941e+00,16877379
6.988296944408828e+03,6.986532238526475e+03,5.882352941176471e-01,16877383
6.990995919369029e+03,6.985701801721970e+03,1.764705882352941e+00,16877382
6.993724515545193e+03,6.991959809662840e+03,5.882352941176471e-01,16877385
6.993780450606561e+03,6.992015744724208e+03,5.882352941176471e-01,16877386
6.997098636232879e+03,6.992866737013417e+03,1.176470588235294e+00,16877387
6.997253927309899e+03,6.991804518585821e+03,1.764705882352941e+00,16877384
6.999954977131869e+03,6.998190271249516e+03,5.882352941176471e-01,16877390
7.000103182179930e+03,6.994809064532872e+03,1.764705882352941e+00,16877388
7.002944049654702e+03,7.001179343772350e+03,5.882352941176471e-01,16877393
7.003484388896575e+03,6.997519799828508e+03,1.764705882352941e+00,16877389
7.004708755537055e+03,7.002909278631210e+03,5.882352941176471e-01,16877395
7.005249094778928e+03,7.003174632601328e+03,5.882352941176471e-01,16877396
7.006239393661811e+03,6.998763391266291e+03,1.176470588235294e+00,16877391
7.008508336922697e+03,7.001544060028594e+03,1.764705882352941e+00,16877394
7.008508336922697e+03,7.001075408193888e+03,1.764705882352941e+00,16877392
7.008771300977905e+03,7.007006595095552e+03,5.882352941176471e-01,16877397
7.013802454569756e+03,7.008200869995235e+03,1.764705882352941e+00,16877398
7.013824422020142e+03,7.008530304373083e+03,1.764705882352941e+00,16877399
7.015578144177302e+03,7.013193178959794e+03,5.882352941176471e-01,16877401
7.016070709128298e+03,7.010776591481239e+03,1.764705882352941e+00,16877400
7.019138623856805e+03,7.017071019492350e+03,5.882352941176471e-01,16877408
7.019138623856805e+03,7.016209058384823e+03,5.882352941176471e-01,16877407
7.022967957093471e+03,7.013879922192177e+03,1.764705882352941e+00,16877403
7.022967957093471e+03,7.013564690321525e+03,1.764705882352941e+00,16877402
7.024675104850222e+03,7.017422930104081e+03,1.764705882352941e+00,16877410
7.024732662975824e+03,7.022597764618578e+03,5.882352941176471e-01,16877412
7.025570657128205e+03,7.023805951245852e+03,5.882352941176471e-01,16877413
7.026439810732574e+03,7.024249486076090e+03,5.882352941176471e-01,16877414
7.027652026544498e+03,7.025887320662145e+03,5.882352941176471e-01,16877415
7.029722765347827e+03,7.027958059465474e+03,5.882352941176471e-01,16877417
7.029892482910393e+03,7.028127777028040e+03,5.882352941176471e-01,16877418
7.033096457353360e+03,7.027802339706302e+03,1.764705882352941e+00,16877416
7.034653481972749e+03,7.032888776090396e+03,5.882352941176471e-01,16877420
7.035105591369920e+03,7.033340885487567e+03,5.882352941176471e-01,16877421
7.036533586038052e+03,7.031239468390993e+03,1.764705882352941e+00,16877419
7.036731805100010e+03,7.034967099217657e+03,5.882352941176471e-01,16877422
7.036893608232344e+03,7.035128902349991e+03,5.882352941176471e-01,16877423
7.039169489036297e+03,7.037404783153944e+03,5.882352941176471e-01,16877424
7.040710443634337e+03,7.038945737751984e+03,5.882352941176471e-01,16877425
7.041629598382394e+03,7.039864892500041e+03,5.882352941176471e-01,16877427
7.042475149516690e+03,7.040565054590718e+03,5.882352941176471e-01,16877428
7.045116320361416e+03,7.039822202714357e+03,1.764705882352941e+00,16877426
7.045374635284102e+03,7.043609929401749e+03,5.882352941176471e-01,16877429
7.046511335992986e+03,7.044746630110633e+03,5.882352941176471e-01,16877430
7.046930941237580e+03,7.045166235355227e+03,5.882352941176471e-01,16877431
7.048276041875339e+03,7.045460362069692e+03,5.882352941176471e-01,16877433
7.050040747757692e+03,7.048256602524243e+03,5.882352941176471e-01,16877435
7.050668752931161e+03,7.045253525524184e+03,1.764705882352941e+00,16877432
7.051724087082472e+03,7.046988283661419e+03,1.176470588235294e+00,16877434
7.052363767866051e+03,7.048834356101345e+03,1.176470588235294e+00,16877436
7.054625053936951e+03,7.052860348054598e+03,5.882352941176471e-01,16877438
7.057292867976650e+03,7.051998750329592e+03,1.764705882352941e+00,16877437
7.057383834116049e+03,7.055619128233696e+03,5.882352941176471e-01,16877439
7.057649643654465e+03,7.055884937772112e+03,5.882352941176471e-01,16877440
7.059229563692596e+03,7.057464857810243e+03,5.882352941176471e-01,16877441
7.062552574114804e+03,7.059023162350098e+03,1.176470588235294e+00,16877442
7.063528214471583e+03,7.061763508589230e+03,5.882352941176471e-01,16877444
7.064484369489058e+03,7.059190251841999e+03,1.764705882352941e+00,16877443
7.066644517341615e+03,7.064034593858507e+03,5.882352941176471e-01,16877448
7.066644517341615e+03,7.063853272822939e+03,5.882352941176471e-01,16877447
7.068410061124951e+03,7.066645355242598e+03,5.882352941176471e-01,16877450
7.069188621284612e+03,7.063510547547114e+03,1.764705882352941e+00,16877445
7.070174599427107e+03,7.067465477836544e+03,5.882352941176471e-01,16877452
7.071939305309460e+03,7.069927227090789e+03,5.882352941176471e-01,16877457
7.071939305309460e+03,7.069502200083766e+03,5.882352941176471e-01,16877456
7.072718033049318e+03,7.065904274754527e+03,1.764705882352941e+00,16877449
7.074482738931671e+03,7.072567386503253e+03,5.882352941176471e-01,16877461
7.077606060503392e+03,7.070811888168168e+03,1.764705882352941e+00,16877458
7.077606060503392e+03,7.066751277300964e+03,1.764705882352941e+00,16877451
7.078156882884001e+03,7.076392177001648e+03,5.882352941176471e-01,16877463
7.080990740080474e+03,7.074403203036571e+03,1.764705882352941e+00,16877462
7.081135472268098e+03,7.077520881765657e+03,1.176470588235294e+00,16877464
7.082849085404874e+03,7.081084379522521e+03,5.882352941176471e-01,16877465
7.083062694302688e+03,7.081297988420335e+03,5.882352941176471e-01,16877466
7.086564134500503e+03,7.083034722735798e+03,1.176470588235294e+00,16877467
7.090129355276513e+03,7.084835237629455e+03,1.764705882352941e+00,16877468
7.091193154869287e+03,7.087663743104581e+03,1.176470588235294e+00,16877469
7.091894061158866e+03,7.089660287766812e+03,5.882352941176471e-01,16877471
7.093360993486116e+03,7.091596287603763e+03,5.882352941176471e-01,16877472
7.093658767041219e+03,7.091856735882313e+03,5.882352941176471e-01,16877473
7.094073981196742e+03,7.088779863549684e+03,1.764705882352941e+00,16877470
7.095324215071871e+03,7.092531827668976e+03,5.882352941176471e-01,16877475
7.096463804016660e+03,7.094016335260212e+03,5.882352941176471e-01,16877478
7.096463804016660e+03,7.093872317733897e+03,5.882352941176471e-01,16877477
7.098741712536973e+03,7.096977006654620e+03,5.882352941176471e-01,16877479
7.098853626836577e+03,7.092076438464593e+03,1.764705882352941e+00,16877474
7.098952831979585e+03,7.097188126097232e+03,5.882352941176471e-01,16877480
7.102840365409902e+03,7.101075659527549e+03,5.882352941176471e-01,16877482
7.104710686331909e+03,7.102945980449556e+03,5.882352941176471e-01,16877484
7.106152240030250e+03,7.103130175350762e+03,5.882352941176471e-01,16877485
7.106254603669015e+03,7.100960486021956e+03,1.764705882352941e+00,16877481
7.106475392214262e+03,7.104677886445696e+03,5.882352941176471e-01,16877488
7.107985188338446e+03,7.105828451757389e+03,5.882352941176471e-01,16877490
7.108240098096615e+03,7.102418100988014e+03,1.176470588235294e+00,16877483
7.109749894220799e+03,7.107683690562383e+03,5.882352941176471e-01,16877492
7.111514600103152e+03,7.104736186067415e+03,1.764705882352941e+00,16877489
7.113842491681063e+03,7.112077785798710e+03,5.882352941176471e-01,16877495
7.115488228129646e+03,7.113227074016975e+03,5.882352941176471e-01,16877497
7.116861349141423e+03,7.114253775707973e+03,5.882352941176471e-01,16877498
7.117415239735611e+03,7.115255431805108e+03,5.882352941176471e-01,16877500
7.117577545459223e+03,7.111408442948327e+03,1.764705882352941e+00,16877493
7.119179945617964e+03,7.112546807050475e+03,1.176470588235294e+00,16877496
7.119592693130236e+03,7.117827987247883e+03,5.882352941176471e-01,16877503
7.122068268202859e+03,7.120303562320506e+03,5.882352941176471e-01,16877505
7.122155466788482e+03,7.115956913541065e+03,1.764705882352941e+00,16877502
7.125581394162547e+03,7.123790693410776e+03,5.882352941176471e-01,16877508
7.125684878553188e+03,7.120270990710471e+03,1.764705882352941e+00,16877504
7.127346100044900e+03,7.125456167689818e+03,5.882352941176471e-01,16877509
7.127397842240221e+03,7.120825661131010e+03,1.764705882352941e+00,16877506
7.127800262590924e+03,7.126035556708571e+03,5.882352941176471e-01,16877510
7.129145300724133e+03,7.126935267825861e+03,5.882352941176471e-01,16877512
7.129564968473277e+03,7.127625848425287e+03,5.882352941176471e-01,16877514
7.130910006606486e+03,7.126323990946689e+03,1.176470588235294e+00,16877511
7.132021578930972e+03,7.130256873048619e+03,5.882352941176471e-01,16877515
7.133808717047320e+03,7.132044011164967e+03,5.882352941176471e-01,16877516
7.134841270551780e+03,7.133076564669428e+03,5.882352941176471e-01,16877517
7.135018102497018e+03,7.133253396614665e+03,5.882352941176471e-01,16877518
7.135573422929673e+03,7.133771848275801e+03,5.882352941176471e-01,16877519
7.137150610484120e+03,7.135385904601767e+03,5.882352941176471e-01,16877521
7.140044887902322e+03,7.138280182019969e+03,5.882352941176471e-01,16877522
7.140135388198839e+03,7.133937612358069e+03,1.764705882352941e+00,16877520
7.143545827736975e+03,7.141040636602755e+03,5.882352941176471e-01,16877526
7.146323641536843e+03,7.140016415972269e+03,1.764705882352941e+00,16877523
7.147201361270085e+03,7.141784544274089e+03,1.764705882352941e+00,16877527
7.148088347419196e+03,7.143207508791554e+03,1.176470588235294e+00,16877528
7.150688732445323e+03,7.148430473868986e+03,5.882352941176471e-01,16877533
7.151617759183902e+03,7.145279674105100e+03,1.764705882352941e+00,16877529
7.154218144210029e+03,7.146651439011076e+03,1.764705882352941e+00,16877531
7.154218144210029e+03,7.146625890717833e+03,1.764705882352941e+00,16877530
7.155439729622563e+03,7.152202876531814e+03,5.882352941176471e-01,16877537
7.155982850092382e+03,7.153990597248088e+03,5.882352941176471e-01,16877538
7.156195099983169e+03,7.149198409426546e+03,1.176470588235294e+00,16877534
7.160665870802882e+03,7.158868405803081e+03,5.882352941176471e-01,16877542
7.160733847269622e+03,7.154642643991604e+03,1.764705882352941e+00,16877539
7.162430576685235e+03,7.160638287403697e+03,5.882352941176471e-01,16877543
7.163964025718932e+03,7.157136459038176e+03,1.764705882352941e+00,16877540
7.164146047350937e+03,7.162381341468584e+03,5.882352941176471e-01,16877544
7.164344946933284e+03,7.162580241050931e+03,5.882352941176471e-01,16877545
7.165850079355955e+03,7.163458206010233e+03,5.882352941176471e-01,16877547
7.165850079355955e+03,7.162724460681060e+03,5.882352941176471e-01,16877546
7.167272034692685e+03,7.165507328810332e+03,5.882352941176471e-01,16877549
7.167716905810836e+03,7.165952199928483e+03,5.882352941176471e-01,16877551
7.169765577301505e+03,7.168000871419152e+03,5.882352941176471e-01,16877552
7.170345843851635e+03,7.168581137969283e+03,5.882352941176471e-01,16877553
7.171229903186351e+03,7.165935785539293e+03,1.764705882352941e+00,16877550
7.171917127550612e+03,7.169489222066646e+03,5.882352941176471e-01,16877555
7.171917127550612e+03,7.169119156479355e+03,5.882352941176471e-01,16877554
7.176287109575096e+03,7.174522403692743e+03,5.882352941176471e-01,16877559
7.177632316723020e+03,7.172338199075961e+03,1.764705882352941e+00,16877557
7.178309386544085e+03,7.173015268897026e+03,1.764705882352941e+00,16877558
7.181710012765473e+03,7.175349695103977e+03,1.764705882352941e+00,16877560
7.182926434370079e+03,7.176858701368272e+03,1.764705882352941e+00,16877562
7.183358812426436e+03,7.180264256319867e+03,5.882352941176471e-01,16877565
7.184691140252432e+03,7.181756548737837e+03,5.882352941176471e-01,16877568
7.185123518308789e+03,7.183292452540802e+03,5.882352941176471e-01,16877569
7.186455846134785e+03,7.183909616509618e+03,5.882352941176471e-01,16877570
7.187163626232733e+03,7.179481681997561e+03,1.764705882352941e+00,16877563
7.188457416682959e+03,7.186692710800606e+03,5.882352941176471e-01,16877572
7.189925954617279e+03,7.188161248734926e+03,5.882352941176471e-01,16877573
7.190944042334873e+03,7.185649924687814e+03,1.764705882352941e+00,16877571
7.195235824085399e+03,7.193471118203046e+03,5.882352941176471e-01,16877575
7.195498159020168e+03,7.193733453137815e+03,5.882352941176471e-01,16877576
7.195864944347340e+03,7.190570826700281e+03,1.764705882352941e+00,16877574
7.201723348822109e+03,7.196429231175050e+03,1.764705882352941e+00,16877577
7.207194645914142e+03,7.201900528267083e+03,1.764705882352941e+00,16877578
7.207769174771712e+03,7.206004468889359e+03,5.882352941176471e-01,16877579
7.210634047516634e+03,7.208869341634281e+03,5.882352941176471e-01,16877581
7.211259705766733e+03,7.209494999884380e+03,5.882352941176471e-01,16877582
7.211536081880997e+03,7.206241964233938e+03,1.764705882352941e+00,16877580
7.212398753398987e+03,7.209741194874627e+03,5.882352941176471e-01,16877583
7.215326996458393e+03,7.211797584693687e+03,1.176470588235294e+00,16877584
7.216072915434053e+03,7.214308209551701e+03,5.882352941176471e-01,16877585
7.219271527429714e+03,7.217506821547361e+03,5.882352941176471e-01,16877587
7.219425105236242e+03,7.217660399353889e+03,5.882352941176471e-01,16877588
7.221062060634484e+03,7.218836461421356e+03,5.882352941176471e-01,16877589
7.221189811118595e+03,7.219323182074549e+03,5.882352941176471e-01,16877591
7.221570261013567e+03,7.216276143366508e+03,1.764705882352941e+00,16877586
7.225099672778273e+03,7.223037976814914e+03,5.882352941176471e-01,16877595
7.226420053523599e+03,7.220055982934140e+03,1.764705882352941e+00,16877593
7.226420053523599e+03,7.219823574906343e+03,1.764705882352941e+00,16877592
7.228629084542979e+03,7.226721585851160e+03,5.882352941176471e-01,16877598
7.229949465288304e+03,7.221340839807302e+03,1.764705882352941e+00,16877594
7.232818686680348e+03,7.225251600585561e+03,1.764705882352941e+00,16877597
7.232818686680348e+03,7.223794151113414e+03,1.764705882352941e+00,16877596
7.233478877053010e+03,7.226955331659576e+03,1.764705882352941e+00,16877599
7.235243582935363e+03,7.233032791490543e+03,5.882352941176471e-01,16877603
7.236419466715119e+03,7.233698149767571e+03,5.882352941176471e-01,16877604
7.238184172597471e+03,7.235580961582630e+03,5.882352941176471e-01,16877606
7.238941684023703e+03,7.230782518106691e+03,1.764705882352941e+00,16877600
7.240962092137259e+03,7.238483716311742e+03,5.882352941176471e-01,16877609
7.241713584362177e+03,7.239453088486109e+03,5.882352941176471e-01,16877611
7.241863356219313e+03,7.234639011790887e+03,1.764705882352941e+00,16877605
7.243478290244530e+03,7.241685096281230e+03,5.882352941176471e-01,16877612
7.244491503901965e+03,7.237187022567615e+03,1.764705882352941e+00,16877608
7.245317882055451e+03,7.242001499317153e+03,5.882352941176471e-01,16877614
7.246348637427837e+03,7.244583931545484e+03,5.882352941176471e-01,16877616
7.247082587937804e+03,7.243213505143082e+03,1.176470588235294e+00,16877615
7.248321083517646e+03,7.245932070663128e+03,5.882352941176471e-01,16877617
7.248754866176638e+03,7.241815633916249e+03,1.764705882352941e+00,16877613
7.248847293820157e+03,7.246764117842750e+03,5.882352941176471e-01,16877619
7.251332560625006e+03,7.249567854742653e+03,5.882352941176471e-01,16877620
7.253021457073268e+03,7.251256751190915e+03,5.882352941176471e-01,16877621
7.255076697026796e+03,7.253311991144443e+03,5.882352941176471e-01,16877622
7.257221683610517e+03,7.255456977728164e+03,5.882352941176471e-01,16877623
7.257623603131969e+03,7.255858897249616e+03,5.882352941176471e-01,16877624
7.257934466447687e+03,7.256169760565334e+03,5.882352941176471e-01,16877625
7.259187349253596e+03,7.256982528965856e+03,5.882352941176471e-01,16877627
7.260243750087115e+03,7.258479044204763e+03,5.882352941176471e-01,16877628
7.261322687659401e+03,7.259557981777048e+03,5.882352941176471e-01,16877629
7.262716761018302e+03,7.256683964702199e+03,1.764705882352941e+00,16877626
7.263087393541754e+03,7.260412368516081e+03,5.882352941176471e-01,16877633
7.263885574137798e+03,7.261736842071570e+03,5.882352941176471e-01,16877634
7.265650280020151e+03,7.263208204504151e+03,5.882352941176471e-01,16877636
7.266365250252659e+03,7.262835838487953e+03,1.176470588235294e+00,16877635
7.266497727836809e+03,7.259603376686674e+03,1.764705882352941e+00,16877630
7.268440499373863e+03,7.266675793491510e+03,5.882352941176471e-01,16877638
7.268932205204558e+03,7.267167499322205e+03,5.882352941176471e-01,16877639
7.270205205256216e+03,7.268057092996383e+03,5.882352941176471e-01,16877641
7.270820654377060e+03,7.268895474034532e+03,5.882352941176471e-01,16877643
7.270820654377060e+03,7.268883403223444e+03,5.882352941176471e-01,16877642
7.272277635698991e+03,7.265353915218313e+03,1.176470588235294e+00,16877637
7.273380220577441e+03,7.271615514695088e+03,5.882352941176471e-01,16877644
7.274042341581344e+03,7.267250269015736e+03,1.764705882352941e+00,16877640
7.275144926459794e+03,7.273312706037267e+03,5.882352941176471e-01,16877646
7.275933536402539e+03,7.274168830520186e+03,5.882352941176471e-01,16877647
7.276784639697353e+03,7.274445573547172e+03,5.882352941176471e-01,16877648
7.277698242284892e+03,7.273130235287853e+03,1.176470588235294e+00,16877645
7.278614266707273e+03,7.276849560824920e+03,5.882352941176471e-01,16877651
7.279462948167245e+03,7.276943132301516e+03,5.882352941176471e-01,16877652
7.280314051462059e+03,7.274778258000740e+03,1.176470588235294e+00,16877649
7.281227654049598e+03,7.279203988644003e+03,5.882352941176471e-01,16877654
7.282078757344412e+03,7.277754908267943e+03,1.176470588235294e+00,16877653
7.282992359931950e+03,7.280868703487462e+03,5.882352941176471e-01,16877655
7.283843463226765e+03,7.276345801244650e+03,1.764705882352941e+00,16877650
7.285608169109118e+03,7.281676774856031e+03,1.176470588235294e+00,16877656
7.285884592372948e+03,7.284119886490595e+03,5.882352941176471e-01,16877657
7.286947491717194e+03,7.285182785834841e+03,5.882352941176471e-01,16877658
7.291983129556627e+03,7.286689011909569e+03,1.764705882352941e+00,16877659
7.292643321119028e+03,7.287950691156503e+03,1.176470588235294e+00,16877660
7.293747835438980e+03,7.291916567560912e+03,5.882352941176471e-01,16877663
7.294408027001381e+03,7.292356320997981e+03,5.882352941176470e-01,16877664
7.294408027001381e+03,7.288512421669789e+03,1.764705882352941e+00,16877661
7.295559150593893e+03,7.293794444711540e+03,5.882352941176471e-01,16877665
7.296126123611174e+03,7.289478094283555e+03,1.176470588235294e+00,16877662
7.296745708697974e+03,7.294981002815621e+03,5.882352941176471e-01,16877666
7.297323856476246e+03,7.295308902188749e+03,5.882352941176471e-01,16877667
7.298773297213003e+03,7.297008591330651e+03,5.882352941176471e-01,16877669
7.299088562358599e+03,7.297070535678314e+03,5.882352941176471e-01,16877670
7.301861475117971e+03,7.299951876730979e+03,5.882352941176471e-01,16877673
7.302617974123305e+03,7.295711887161353e+03,1.764705882352941e+00,16877668
7.304004430502991e+03,7.297510947091866e+03,1.764705882352941e+00,16877671
7.305190517463531e+03,7.303425811581178e+03,5.882352941176471e-01,16877674
7.307071477780954e+03,7.305306771898601e+03,5.882352941176471e-01,16877676
7.310139039015758e+03,7.308070616676901e+03,5.882352941176471e-01,16877679
7.310387507348818e+03,7.305093389701759e+03,1.764705882352941e+00,16877675
7.311252317221885e+03,7.307008307715241e+03,1.176470588235294e+00,16877678
7.313017023104238e+03,7.306609627251052e+03,1.764705882352941e+00,16877677
7.313449037304870e+03,7.311684331422517e+03,5.882352941176471e-01,16877681
7.313989379289362e+03,7.312224673407009e+03,5.882352941176471e-01,16877682
7.315585328483431e+03,7.313820622601078e+03,5.882352941176471e-01,16877683
7.316077781699803e+03,7.314313075817450e+03,5.882352941176471e-01,16877684
7.316497390002296e+03,7.310410922658008e+03,1.764705882352941e+00,16877680
7.317719374278063e+03,7.314603789750796e+03,5.882352941176471e-01,16877686
7.321248786042769e+03,7.314399686842449e+03,1.764705882352941e+00,16877685
7.321385943302757e+03,7.319398483401866e+03,5.882352941176471e-01,16877692
7.323238300746051e+03,7.321473594863698e+03,5.882352941176471e-01,16877694
7.324446499122779e+03,7.316993832563512e+03,1.764705882352941e+00,16877689
7.325003006628404e+03,7.321114008873000e+03,1.176470588235294e+00,16877693
7.328191905457959e+03,7.326427199575606e+03,5.882352941176471e-01,16877696
7.328307609572180e+03,7.322538015960548e+03,1.764705882352941e+00,16877695
7.332014722996397e+03,7.330250017114044e+03,5.882352941176471e-01,16877697
7.333153008171121e+03,7.331388302288768e+03,5.882352941176471e-01,16877698
7.336576419024595e+03,7.334811713142242e+03,5.882352941176471e-01,16877700
7.337147501756925e+03,7.335382795874572e+03,5.882352941176471e-01,16877701
7.338002709666150e+03,7.332708592019091e+03,1.764705882352941e+00,16877699
7.339767415548503e+03,7.337497074185157e+03,5.882352941176471e-01,16877707
7.342656971682061e+03,7.335953326328582e+03,1.764705882352941e+00,16877702
7.344051873580759e+03,7.336613938333407e+03,1.764705882352941e+00,16877703
7.344906230182112e+03,7.343141524299759e+03,5.882352941176471e-01,16877710
7.345061533195562e+03,7.339520936832027e+03,1.764705882352941e+00,16877709
7.346142064221010e+03,7.343762588109914e+03,5.882352941176471e-01,16877711
7.346670936064465e+03,7.344702843096556e+03,5.882352941176471e-01,16877713
7.347566879003264e+03,7.345802173120912e+03,5.882352941176471e-01,16877714
7.348937159435614e+03,7.347172453553261e+03,5.882352941176471e-01,16877715
7.349692677360002e+03,7.347927971477649e+03,5.882352941176471e-01,16877716
7.350680691702897e+03,7.348915985820544e+03,5.882352941176471e-01,16877717
7.352924114550148e+03,7.350854972855179e+03,5.882352941176471e-01,16877723
7.354460976774209e+03,7.352696270891856e+03,5.882352941176471e-01,16877726
7.354832743870506e+03,7.349272992500357e+03,1.176470588235294e+00,16877718
7.357990388538915e+03,7.351281118952880e+03,1.764705882352941e+00,16877725
7.358641140378926e+03,7.353221866072389e+03,1.764705882352941e+00,16877727
7.360365757650583e+03,7.358345450911175e+03,5.882352941176471e-01,16877733
7.360463935775508e+03,7.358699229893155e+03,5.882352941176471e-01,16877734
7.361519800303620e+03,7.354951374171435e+03,1.764705882352941e+00,16877728
7.362179552595398e+03,7.359357747702686e+03,5.882352941176471e-01,16877735
7.363284506185973e+03,7.361277012904571e+03,5.882352941176471e-01,16877737
7.363954946727558e+03,7.362190240845205e+03,5.882352941176471e-01,16877738
7.365049212068326e+03,7.363187600728689e+03,5.882352941176471e-01,16877739
7.365650874845875e+03,7.355576072824386e+03,1.764705882352941e+00,16877729
7.365708964360104e+03,7.359552241258014e+03,1.176470588235294e+00,16877736
7.367905862541131e+03,7.366141156658778e+03,5.882352941176471e-01,16877741
7.368678639829394e+03,7.365149228064688e+03,1.176470588235294e+00,16877740
7.370279284459640e+03,7.368514578577287e+03,5.882352941176471e-01,16877742
7.372043990341993e+03,7.369585223255010e+03,5.882352941176471e-01,16877745
7.373053093829898e+03,7.369523682065192e+03,1.176470588235294e+00,16877743
7.373098760117520e+03,7.369569348352814e+03,1.176470588235294e+00,16877744
7.376448690349644e+03,7.374683984467291e+03,5.882352941176471e-01,16877748
7.376582505594604e+03,7.372125510818848e+03,1.176470588235294e+00,16877747
7.377338107989051e+03,7.371702593136790e+03,1.764705882352941e+00,16877746
7.378280303854477e+03,7.375734325099916e+03,5.882352941176471e-01,16877750
7.379613725442305e+03,7.377849019559952e+03,5.882352941176471e-01,16877751
7.380045009736830e+03,7.375111227856847e+03,1.176470588235294e+00,16877749
7.380055883686711e+03,7.378291177804358e+03,5.882352941176471e-01,16877752
7.383774281003495e+03,7.382009575121142e+03,5.882352941176471e-01,16877753
7.388182853280910e+03,7.386418147398558e+03,5.882352941176471e-01,16877755
7.390859428935842e+03,7.388467777098473e+03,5.882352941176471e-01,16877758
7.390920778366924e+03,7.385626660719865e+03,1.764705882352941e+00,16877754
7.392624134818195e+03,7.390810024700054e+03,5.882352941176471e-01,16877760
7.392754657203715e+03,7.390989951321362e+03,5.882352941176471e-01,16877761
7.393948569637342e+03,7.387268667740055e+03,1.764705882352941e+00,16877756
7.394850156635325e+03,7.393085450752973e+03,5.882352941176471e-01,16877762
7.395057028080219e+03,7.393292322197866e+03,5.882352941176471e-01,16877763
7.395713275519695e+03,7.393541596394945e+03,5.882352941176471e-01,16877764
7.396752776814274e+03,7.394470393775677e+03,5.882352941176471e-01,16877766
7.398517482696627e+03,7.394141851435806e+03,1.176470588235294e+00,16877765
7.398517482696627e+03,7.396325700281790e+03,5.882352941176471e-01,16877769
7.399242687284401e+03,7.396977125703261e+03,5.882352941176471e-01,16877770
7.402046894461333e+03,7.395559281132731e+03,1.764705882352941e+00,16877768
7.402125284674593e+03,7.400360578792240e+03,5.882352941176471e-01,16877771
7.402395467595880e+03,7.400630761713527e+03,5.882352941176471e-01,16877772
7.404757441812421e+03,7.402992735930068e+03,5.882352941176471e-01,16877773
7.407473513627068e+03,7.405708807744715e+03,5.882352941176471e-01,16877774
7.408307591773442e+03,7.406542885891089e+03,5.882352941176471e-01,16877775
7.409626426776580e+03,7.407861720894227e+03,5.882352941176471e-01,16877776
7.411272573046000e+03,7.409507867163647e+03,5.882352941176471e-01,16877777
7.413771471368447e+03,7.412006765486094e+03,5.882352941176471e-01,16877780
7.414668046817038e+03,7.412083244575027e+03,5.882352941176471e-01,16877781
7.414847933113819e+03,7.409553815466760e+03,1.764705882352941e+00,16877778
7.416432752699391e+03,7.414170578871825e+03,5.882352941176471e-01,16877783
7.417300883133153e+03,7.410958748755551e+03,1.764705882352941e+00,16877779
7.419097051373064e+03,7.417332345490711e+03,5.882352941176471e-01,16877784
7.420861757255417e+03,7.418615649936334e+03,5.882352941176471e-01,16877787
7.421201156332595e+03,7.417671744567889e+03,1.176470588235294e+00,16877785
7.423487291113696e+03,7.421722585231343e+03,5.882352941176471e-01,16877789
7.423671672394846e+03,7.418377554747788e+03,1.764705882352941e+00,16877786
7.424501810970992e+03,7.422737105088639e+03,5.882352941176471e-01,16877790
7.425699890282395e+03,7.423935184400042e+03,5.882352941176471e-01,16877791
7.426906060927532e+03,7.420378113199854e+03,1.764705882352941e+00,16877788
7.428021153231797e+03,7.426256447349444e+03,5.882352941176471e-01,16877793
7.428709912104621e+03,7.426560427612348e+03,5.882352941176471e-01,16877794
7.430130238550562e+03,7.427634842396219e+03,5.882352941176471e-01,16877797
7.430130238550562e+03,7.427215930467556e+03,5.882352941176471e-01,16877796
7.430636636036452e+03,7.425219645634651e+03,1.176470588235294e+00,16877792
7.431894944432915e+03,7.429033948203578e+03,5.882352941176471e-01,16877798
7.432416293375215e+03,7.430651587492862e+03,5.882352941176471e-01,16877799
7.433449075101417e+03,7.431684369219064e+03,5.882352941176471e-01,16877800
7.434180999257568e+03,7.432000830114586e+03,5.882352941176471e-01,16877802
7.437276172790395e+03,7.431982055143336e+03,1.764705882352941e+00,16877801
7.439595026703569e+03,7.434300909056510e+03,1.764705882352941e+00,16877803
7.442450072304350e+03,7.440685366421997e+03,5.882352941176471e-01,16877806
7.443130399384301e+03,7.440969998431516e+03,5.882352941176471e-01,16877807
7.444214850854537e+03,7.438920733207478e+03,1.764705882352941e+00,16877804
7.444895105266654e+03,7.442956278007746e+03,5.882352941176471e-01,16877808
7.445979484069056e+03,7.439600987619595e+03,1.764705882352941e+00,16877805
7.447744189951409e+03,7.445150296270754e+03,5.882352941176471e-01,16877813
7.449554878161713e+03,7.443276018727959e+03,1.764705882352941e+00,16877809
7.451273601716115e+03,7.444283715344713e+03,1.764705882352941e+00,16877812
7.451430193781778e+03,7.449431455209702e+03,5.882352941176471e-01,16877815
7.451953928796066e+03,7.446302803021183e+03,1.764705882352941e+00,16877814
7.453116603631299e+03,7.449919882437610e+03,5.882352941176471e-01,16877818
7.454881309513652e+03,7.449776097637137e+03,1.176470588235294e+00,16877817
7.458185993325938e+03,7.456035661115013e+03,5.882352941176471e-01,16877822
7.458417429626140e+03,7.453123311979081e+03,1.764705882352941e+00,16877819
7.458993127100387e+03,7.456494941708839e+03,5.882352941176471e-01,16877823
7.459950699208291e+03,7.457886940905502e+03,5.882352941176471e-01,16877824
7.462234690127969e+03,7.455463715335681e+03,1.764705882352941e+00,16877821
7.462234690127969e+03,7.454656581561232e+03,1.764705882352941e+00,16877820
7.462496003253493e+03,7.460731297371140e+03,5.882352941176471e-01,16877825
7.463999396010322e+03,7.461603693726605e+03,5.882352941176471e-01,16877827
7.463999396010322e+03,7.460864022191646e+03,5.882352941176471e-01,16877826
7.467170825271787e+03,7.465406119389434e+03,5.882352941176471e-01,16877829
7.468822361689656e+03,7.466006392815376e+03,5.882352941176471e-01,16877832
7.468822361689656e+03,7.465580015266491e+03,5.882352941176471e-01,16877831
7.470587067572009e+03,7.468229982511695e+03,5.882352941176471e-01,16877833
7.471256096997637e+03,7.469491391115284e+03,5.882352941176471e-01,16877834
7.471261294960698e+03,7.465179780460467e+03,1.764705882352941e+00,16877828
7.472907065690371e+03,7.471142359808019e+03,5.882352941176471e-01,16877835
7.474212395294785e+03,7.472447689412432e+03,5.882352941176471e-01,16877837
7.475963761117163e+03,7.473048798434063e+03,5.882352941176471e-01,16877840
7.475963761117163e+03,7.472966371481393e+03,5.882352941176471e-01,16877839
7.476719468228094e+03,7.472394329172534e+03,1.176470588235294e+00,16877836
7.480324800233871e+03,7.478560094351518e+03,5.882352941176471e-01,16877844
7.481257878764222e+03,7.475237753118758e+03,1.764705882352941e+00,16877843
7.485058199602774e+03,7.482166185733550e+03,5.882352941176471e-01,16877848
7.487022053053726e+03,7.481714302457641e+03,1.764705882352941e+00,16877846
7.487022053053726e+03,7.481528787838068e+03,1.764705882352941e+00,16877845
7.488753567674646e+03,7.486787840335110e+03,5.882352941176471e-01,16877853
7.488753567674646e+03,7.486317643247599e+03,5.882352941176471e-01,16877852
7.490518273556999e+03,7.487547287896074e+03,5.882352941176471e-01,16877854
7.490518273556999e+03,7.488507845826109e+03,5.882352941176471e-01,16877855
7.490814082239606e+03,7.481741568355693e+03,1.764705882352941e+00,16877847
7.492381582333554e+03,7.489200628324195e+03,5.882352941176471e-01,16877856
7.492381582333554e+03,7.490046171607912e+03,5.882352941176471e-01,16877858
7.494146288215907e+03,7.491735289310376e+03,5.882352941176471e-01,16877859
7.494761865451888e+03,7.492997159569535e+03,5.882352941176471e-01,16877860
7.495910994098260e+03,7.490015522805577e+03,1.764705882352941e+00,16877857
7.496321378922247e+03,7.493654740015220e+03,5.882352941176471e-01,16877862
7.496321378922247e+03,7.493217562669884e+03,5.882352941176471e-01,16877861
7.497675699980613e+03,7.495681689742838e+03,5.882352941176471e-01,16877864
7.498086084804600e+03,7.496066694501187e+03,5.882352941176471e-01,16877866
7.498086084804600e+03,7.496059766690401e+03,5.882352941176471e-01,16877865
7.501410304157312e+03,7.497610383187731e+03,1.176470588235294e+00,16877868
7.501410304157312e+03,7.497352890106862e+03,1.176470588235294e+00,16877867
7.504251675874789e+03,7.500722264110083e+03,1.176470588235294e+00,16877869
7.506301130489980e+03,7.504536424607627e+03,5.882352941176471e-01,16877872
7.507442504659946e+03,7.502148387012888e+03,1.764705882352941e+00,16877870
7.508188501507216e+03,7.502894383860157e+03,1.764705882352941e+00,16877871
7.509207210542299e+03,7.506410528890661e+03,5.882352941176471e-01,16877874
7.509830542254685e+03,7.504920524181033e+03,1.176470588235294e+00,16877873
7.513505870044870e+03,7.511741164162517e+03,5.882352941176471e-01,16877876
7.514739479638600e+03,7.509445361991541e+03,1.764705882352941e+00,16877875
7.515205875345997e+03,7.513441169463644e+03,5.882352941176471e-01,16877877
7.515954353810852e+03,7.514189647928499e+03,5.882352941176471e-01,16877878
7.517963913044063e+03,7.516199207161710e+03,5.882352941176471e-01,16877879
7.518971764515204e+03,7.517207058632851e+03,5.882352941176471e-01,16877880
7.523322679652454e+03,7.521557973770101e+03,5.882352941176471e-01,16877882
7.523572755043443e+03,7.521808049161090e+03,5.882352941176471e-01,16877883
7.525120434821575e+03,7.519826317174517e+03,1.764705882352941e+00,16877881
7.529670335210545e+03,7.527905629328192e+03,5.882352941176471e-01,16877885
7.531435041092898e+03,7.529416213739522e+03,5.882352941176471e-01,16877887
7.532572724816135e+03,7.527278607169076e+03,1.764705882352941e+00,16877884
7.534114669533154e+03,7.532349963650801e+03,5.882352941176471e-01,16877888
7.534617250473557e+03,7.529323132826498e+03,1.764705882352941e+00,16877886
7.535879375415507e+03,7.533724573925707e+03,5.882352941176471e-01,16877890
7.536102136580841e+03,7.532390240307563e+03,1.176470588235294e+00,16877889
7.536381956355910e+03,7.534531587090848e+03,5.882352941176471e-01,16877891
7.537662620216339e+03,7.535589928217235e+03,5.882352941176471e-01,16877892
7.537866842463194e+03,7.535916453252466e+03,5.882352941176471e-01,16877894
7.540234552392868e+03,7.538469846510515e+03,5.882352941176471e-01,16877896
7.543127678619105e+03,7.541362972736752e+03,5.882352941176471e-01,16877898
7.543293946336009e+03,7.537999828688950e+03,1.764705882352941e+00,16877895
7.544044054238851e+03,7.538749936591792e+03,1.764705882352941e+00,16877897
7.544892384501458e+03,7.541878854716239e+03,5.882352941176471e-01,16877899
7.547938552090506e+03,7.546173846208153e+03,5.882352941176471e-01,16877901
7.548877106361475e+03,7.547112400479122e+03,5.882352941176471e-01,16877902
7.549611562856767e+03,7.544317445209708e+03,1.764705882352941e+00,16877900
7.549811312920979e+03,7.548046607038626e+03,5.882352941176471e-01,16877903
7.550641812243828e+03,7.548141341722034e+03,5.882352941176471e-01,16877904
7.553188495257662e+03,7.551423789375309e+03,5.882352941176471e-01,16877905
7.553217717391561e+03,7.551453011509208e+03,5.882352941176471e-01,16877906
7.554967812206965e+03,7.553110514978989e+03,5.882352941176471e-01,16877909
7.554967812206965e+03,7.552428897818275e+03,5.882352941176471e-01,16877908
7.557114182250999e+03,7.551820064603940e+03,1.764705882352941e+00,16877907
7.558878888133352e+03,7.556940103630889e+03,5.882352941176471e-01,16877914
7.561670956479276e+03,7.555917366804330e+03,1.764705882352941e+00,16877911
7.561670956479276e+03,7.554132643122125e+03,1.764705882352941e+00,16877910
7.562408299898058e+03,7.555936317667579e+03,1.764705882352941e+00,16877912
7.563878068412898e+03,7.559258409830165e+03,5.882352941176471e-01,16877915
7.563878068412898e+03,7.561209396398523e+03,5.882352941176471e-01,16877917
7.565642774295251e+03,7.559649322951460e+03,1.176470588235294e+00,16877916
7.565642774295251e+03,7.562858803994212e+03,5.882352941176471e-01,16877920
7.567756657853092e+03,7.565991951970739e+03,5.882352941176471e-01,16877922
7.569873673296735e+03,7.564579555649676e+03,1.764705882352941e+00,16877921
7.571504103224825e+03,7.568550732348499e+03,5.882352941176471e-01,16877926
7.573268809107178e+03,7.570478854811556e+03,5.882352941176471e-01,16877929
7.573735041223370e+03,7.567571863597331e+03,1.764705882352941e+00,16877923
7.575188925694928e+03,7.572878920438710e+03,5.882352941176471e-01,16877934
7.576953631577281e+03,7.573807275739274e+03,5.882352941176471e-01,16877935
7.576953631577281e+03,7.573956285742361e+03,5.882352941176471e-01,16877936
7.576953631577281e+03,7.575050704761641e+03,5.882352941176471e-01,16877937
7.579159513930222e+03,7.575504983605240e+03,5.882352941176471e-01,16877938
7.579159513930222e+03,7.575913232811959e+03,5.882352941176471e-01,16877939
7.579159513930222e+03,7.576189197782291e+03,5.882352941176471e-01,16877940
7.581332080310084e+03,7.568309510202769e+03,1.176470588235294e+00,16877925
7.583096786192437e+03,7.580790955920258e+03,5.882352941176470e-01,16877942
7.583096786192437e+03,7.571962079878374e+03,1.764705882352941e+00,16877932
7.583096786192437e+03,7.571144881153798e+03,1.764705882352941e+00,16877930
7.587400507529362e+03,7.585635801647009e+03,5.882352941176471e-01,16877943
7.591140507876301e+03,7.588374255110499e+03,5.882352941176471e-01,16877947
7.591245802167417e+03,7.585951684520358e+03,1.764705882352941e+00,16877944
7.591265143874596e+03,7.585971026227538e+03,1.764705882352941e+00,16877945
7.592944244464400e+03,7.591179538582047e+03,5.882352941176471e-01,16877950
7.594736183226377e+03,7.586338247765342e+03,1.764705882352941e+00,16877946
7.598109809117350e+03,7.596345103234997e+03,5.882352941176471e-01,16877952
7.599874514999703e+03,7.597840121366018e+03,5.882352941176471e-01,16877955
7.601837280671606e+03,7.599135465183388e+03,5.882352941176471e-01,16877956
7.602187391544736e+03,7.596564640803722e+03,1.764705882352941e+00,16877953
7.602187391544736e+03,7.595457201109281e+03,1.764705882352941e+00,16877951
7.603601986553959e+03,7.600270634578803e+03,5.882352941176471e-01,16877958
7.603952097427089e+03,7.596635086863912e+03,1.176470588235294e+00,16877954
7.605513864919607e+03,7.603749159037254e+03,5.882352941176471e-01,16877959
7.606923900563273e+03,7.605159194680920e+03,5.882352941176471e-01,16877960
7.607559329495152e+03,7.605794623612799e+03,5.882352941176471e-01,16877961
7.609341617486459e+03,7.607576911604106e+03,5.882352941176471e-01,16877964
7.610779817848395e+03,7.607960813750470e+03,5.882352941176471e-01,16877965
7.611278527848380e+03,7.605984410201321e+03,1.764705882352941e+00,16877962
7.612544523730748e+03,7.606819500715750e+03,1.176470588235294e+00,16877963
7.614116940990529e+03,7.612352235108176e+03,5.882352941176471e-01,16877967
7.614309229613101e+03,7.608041730686452e+03,1.764705882352941e+00,16877966
7.616710897456157e+03,7.614946191573804e+03,5.882352941176471e-01,16877970
7.618462853030987e+03,7.614933441266281e+03,1.176470588235294e+00,16877969
7.620081505746070e+03,7.614787388099011e+03,1.764705882352941e+00,16877968
7.620269459599960e+03,7.617084519904239e+03,5.882352941176471e-01,16877972
7.621846211628423e+03,7.620026018870986e+03,5.882352941176471e-01,16877975
7.622034165482313e+03,7.617489566530900e+03,1.176470588235294e+00,16877973
7.623610917510776e+03,7.621688987841365e+03,5.882352941176471e-01,16877976
7.623798871364666e+03,7.616760998178564e+03,1.764705882352941e+00,16877971
7.624053454868349e+03,7.622288748985996e+03,5.882352941176471e-01,16877977
7.627979973155326e+03,7.626215267272973e+03,5.882352941176471e-01,16877980
7.630353112135429e+03,7.625058994488370e+03,1.764705882352941e+00,16877978
7.631509384920032e+03,7.625579493411831e+03,1.764705882352941e+00,16877979
7.632638316941242e+03,7.627026165189172e+03,1.764705882352941e+00,16877981
7.633274090802384e+03,7.630956705340156e+03,5.882352941176471e-01,16877983
7.633882523900135e+03,7.631703155155238e+03,5.882352941176471e-01,16877984
7.634720909754166e+03,7.632474716630757e+03,5.882352941176471e-01,16877986
7.634720909754166e+03,7.632129990479125e+03,5.882352941176471e-01,16877985
7.635647229782488e+03,7.633274828811478e+03,5.882352941176471e-01,16877987
7.636485615636519e+03,7.634472838426541e+03,5.882352941176471e-01,16877988
7.637831128591856e+03,7.635319747545565e+03,5.882352941176471e-01,16877991
7.637831128591856e+03,7.634807860714593e+03,5.882352941176471e-01,16877990
7.638343761699828e+03,7.636579055817475e+03,5.882352941176471e-01,16877992
7.639595834474209e+03,7.637527619139192e+03,5.882352941176471e-01,16877993
7.641313820266085e+03,7.629348450119175e+03,1.176470588235294e+00,16877982
7.642094798177168e+03,7.637711572463097e+03,1.176470588235294e+00,16877994
7.643078526148437e+03,7.634533617870876e+03,1.764705882352941e+00,16877989
7.643664259581750e+03,7.640551717007449e+03,5.882352941176471e-01,16877996
7.645428965464103e+03,7.643473789466721e+03,5.882352941176471e-01,16878001
7.647193671346456e+03,7.640694886929028e+03,1.764705882352941e+00,16877997
7.648372643795496e+03,7.642952278119499e+03,1.764705882352941e+00,16878000
7.648587769928271e+03,7.646823064045918e+03,5.882352941176471e-01,16878002
7.649584322890555e+03,7.647819617008202e+03,5.882352941176471e-01,16878003
7.652592640287403e+03,7.650827934405050e+03,5.882352941176471e-01,16878005
7.653224030056813e+03,7.651459324174460e+03,5.882352941176471e-01,16878006
7.653666761442555e+03,7.648270543070401e+03,1.764705882352941e+00,16878004
7.657922342003909e+03,7.655914586101081e+03,5.882352941176471e-01,16878010
7.658853401700335e+03,7.656162203478245e+03,5.882352941176471e-01,16878011
7.659602607156006e+03,7.657309489632397e+03,5.882352941176471e-01,16878013
7.661374473025908e+03,7.659609767143555e+03,5.882352941176471e-01,16878017
7.663390552848885e+03,7.660688228160852e+03,5.882352941176471e-01,16878019
7.663641926789509e+03,7.654392930239203e+03,1.764705882352941e+00,16878007
7.664147519347394e+03,7.662214749464797e+03,5.882352941176471e-01,16878021
7.665155258731238e+03,7.662665016671119e+03,5.882352941176471e-01,16878022
7.667577675393612e+03,7.658587877113008e+03,1.764705882352941e+00,16878016
7.668978740982218e+03,7.667214035099865e+03,5.882352941176471e-01,16878028
7.670743446864571e+03,7.667885091384569e+03,5.882352941176471e-01,16878029
7.671002727072653e+03,7.664211365033194e+03,1.764705882352941e+00,16878024
7.671002727072653e+03,7.663904283912284e+03,1.764705882352941e+00,16878023
7.672767432955006e+03,7.665469939077748e+03,1.176470588235294e+00,16878026
7.672892060912345e+03,7.671127355029992e+03,5.882352941176471e-01,16878031
7.674376785589997e+03,7.672612079707644e+03,5.882352941176471e-01,16878032
7.675269659633216e+03,7.673504953750863e+03,5.882352941176471e-01,16878033
7.676167204615671e+03,7.674002487432442e+03,5.882352941176471e-01,16878034
7.676192917758992e+03,7.670490022342460e+03,1.764705882352941e+00,16878030
7.678723281556002e+03,7.676958575673649e+03,5.882352941176471e-01,16878038
7.680487987438355e+03,7.678465895895220e+03,5.882352941176471e-01,16878039
7.680563777280275e+03,7.674833219003717e+03,1.764705882352941e+00,16878036
7.681461322262729e+03,7.675314698089780e+03,1.764705882352941e+00,16878037
7.684017399203061e+03,7.679167921917291e+03,1.176470588235294e+00,16878040
7.685538162162010e+03,7.683773456279657e+03,5.882352941176471e-01,16878041
7.686755579444665e+03,7.684990873562312e+03,5.882352941176471e-01,16878042
7.689491320921522e+03,7.687726615039169e+03,5.882352941176471e-01,16878043
7.690321266791486e+03,7.688556560909133e+03,5.882352941176471e-01,16878044
7.691970630343048e+03,7.690205924460695e+03,5.882352941176471e-01,16878045
7.692833876337515e+03,7.691069170455162e+03,5.882352941176471e-01,16878046
7.694598582219868e+03,7.692620344874468e+03,5.882352941176471e-01,16878049
7.696264455028307e+03,7.694227241721575e+03,5.882352941176471e-01,16878051
7.696363571761391e+03,7.691069454114332e+03,1.764705882352941e+00,16878047
7.698062199821688e+03,7.694656183602586e+03,5.882352941176471e-01,16878053
7.698062199821688e+03,7.694881994969195e+03,5.882352941176471e-01,16878054
7.698062199821688e+03,7.695424787354922e+03,5.882352941176471e-01,16878055
7.699826905704041e+03,7.693423195437886e+03,1.176470588235294e+00,16878050
7.701591611586394e+03,7.692537377115774e+03,1.764705882352941e+00,16878048
7.703356317468747e+03,7.700210338410172e+03,5.882352941176471e-01,16878060
7.703356317468747e+03,7.700006617964891e+03,5.882352941176471e-01,16878059
7.705121023351100e+03,7.702335187063186e+03,5.882352941176471e-01,16878061
7.705616740335628e+03,7.696868346789323e+03,1.764705882352941e+00,16878056
7.709625238990728e+03,7.707860533108375e+03,5.882352941176471e-01,16878062
7.712634586901881e+03,7.710869881019528e+03,5.882352941176471e-01,16878064
7.712871905925008e+03,7.711107200042655e+03,5.882352941176471e-01,16878065
7.714663796652268e+03,7.709369679005210e+03,1.764705882352941e+00,16878063
7.715807854516945e+03,7.714043148634592e+03,5.882352941176471e-01,16878066
7.716670785751385e+03,7.714906079869032e+03,5.882352941176471e-01,16878067
7.716911797900223e+03,7.715147092017870e+03,5.882352941176471e-01,16878068
7.717572560399298e+03,7.715473451421447e+03,5.882352941176471e-01,16878069
7.718435491633738e+03,7.716649939586589e+03,5.882352941176471e-01,16878070
7.720031030982185e+03,7.718266325099832e+03,5.882352941176471e-01,16878072
7.721020860323974e+03,7.719256154441622e+03,5.882352941176471e-01,16878073
7.722720091123735e+03,7.717425973476676e+03,1.764705882352941e+00,16878071
7.723449805672089e+03,7.721685099789736e+03,5.882352941176471e-01,16878075
7.724780516462571e+03,7.722658258481596e+03,5.882352941176471e-01,16878077
7.724780516462571e+03,7.722454773354387e+03,5.882352941176471e-01,16878076
7.726545222344924e+03,7.723774020095611e+03,5.882352941176471e-01,16878078
7.726979217436794e+03,7.721546824154348e+03,1.764705882352941e+00,16878074
7.728309928227277e+03,7.725153204105075e+03,5.882352941176471e-01,16878080
7.729409278714389e+03,7.726855745894590e+03,5.882352941176471e-01,16878082
7.729409278714389e+03,7.726821035356270e+03,5.882352941176471e-01,16878081
7.730074634109630e+03,7.724208835840055e+03,1.764705882352941e+00,16878079
7.731173984596742e+03,7.728754674328280e+03,5.882352941176471e-01,16878083
7.731839339991983e+03,7.729995034394162e+03,5.882352941176471e-01,16878085
7.733160475610842e+03,7.730122056764071e+03,5.882352941176471e-01,16878086
7.735203652709638e+03,7.730716406105929e+03,1.176470588235294e+00,16878087
7.736796660920136e+03,7.734060605046589e+03,5.882352941176471e-01,16878090
7.736968358591991e+03,7.735052983916868e+03,5.882352941176470e-01,16878093
7.736968358591991e+03,7.729112120906228e+03,1.764705882352941e+00,16878084
7.738561366802489e+03,7.733225191397259e+03,1.176470588235294e+00,16878089
7.740705856362648e+03,7.738426309901926e+03,5.882352941176471e-01,16878097
7.740705856362648e+03,7.737910581230694e+03,5.882352941176471e-01,16878096
7.741567533796401e+03,7.739802827914048e+03,5.882352941176471e-01,16878098
7.744160285180182e+03,7.737888156137351e+03,1.764705882352941e+00,16878095
7.744160285180182e+03,7.737556228275748e+03,1.764705882352941e+00,16878094
7.745863436795569e+03,7.744098730913216e+03,5.882352941176471e-01,16878099
7.748810238788905e+03,7.747045532906552e+03,5.882352941176471e-01,16878101
7.749462902760074e+03,7.744168785113016e+03,1.764705882352941e+00,16878100
7.750752897285654e+03,7.747708560352924e+03,5.882352941176471e-01,16878104
7.752992314524780e+03,7.747312461828146e+03,1.764705882352941e+00,16878102
7.754282309050360e+03,7.747490106770314e+03,1.764705882352941e+00,16878103
7.756316465585366e+03,7.754551759703013e+03,5.882352941176471e-01,16878110
7.756521726289486e+03,7.754754158860442e+03,5.882352941176471e-01,16878111
7.757811720815066e+03,7.755013383256738e+03,5.882352941176471e-01,16878112
7.758154979237851e+03,7.751884550672244e+03,1.176470588235294e+00,16878107
7.759748055908811e+03,7.757533307934021e+03,5.882352941176471e-01,16878113
7.759748055908811e+03,7.757690328959600e+03,5.882352941176471e-01,16878114
7.759919685120204e+03,7.750964702774450e+03,1.764705882352941e+00,16878106
7.761512761791164e+03,7.758707795948373e+03,5.882352941176471e-01,16878115
7.761684391002557e+03,7.759775095435613e+03,5.882352941176471e-01,16878117
7.763277467673517e+03,7.759952895402627e+03,5.882352941176471e-01,16878118
7.765042173555870e+03,7.762257157644455e+03,5.882352941176471e-01,16878119
7.765156593030132e+03,7.753165655216287e+03,1.764705882352941e+00,16878109
7.765156593030132e+03,7.752912301351332e+03,1.764705882352941e+00,16878108
7.770104644122987e+03,7.768339938240634e+03,5.882352941176471e-01,16878121
7.770721885378065e+03,7.768957179495712e+03,5.882352941176471e-01,16878122
7.772654593978366e+03,7.767360476331307e+03,1.764705882352941e+00,16878120
7.774071146600919e+03,7.772177518181502e+03,5.882352941176471e-01,16878125
7.776100004384098e+03,7.770670364956676e+03,1.764705882352941e+00,16878124
7.776100004384098e+03,7.770541734836213e+03,1.764705882352941e+00,16878123
7.776106427388391e+03,7.774341721506038e+03,5.882352941176471e-01,16878126
7.777866851267882e+03,7.775411240726443e+03,5.882352941176471e-01,16878129
7.779631557150235e+03,7.775002870233721e+03,1.176470588235294e+00,16878128
7.781396263032588e+03,7.779519304777031e+03,5.882352941176470e-01,16878132
7.781396263032588e+03,7.774346950022711e+03,1.764705882352941e+00,16878127
7.783160968914941e+03,7.778377285684935e+03,1.176470588235294e+00,16878131
7.784925674797294e+03,7.776810557148854e+03,1.764705882352941e+00,16878130
7.786893785046725e+03,7.784301441997258e+03,5.882352941176471e-01,16878136
7.786893785046725e+03,7.783836503866286e+03,5.882352941176471e-01,16878135
7.788658490929078e+03,7.786739026542350e+03,5.882352941176471e-01,16878138
7.789400455095410e+03,7.783567777649098e+03,1.764705882352941e+00,16878133
7.790610311263645e+03,7.787773764834917e+03,5.882352941176471e-01,16878140
7.790610311263645e+03,7.786900933538082e+03,5.882352941176471e-01,16878139
7.791165160977762e+03,7.789219834285721e+03,5.882352941176471e-01,16878142
7.792375017145998e+03,7.786359296790400e+03,1.176470588235294e+00,16878137
7.796108160770941e+03,7.794343454888588e+03,5.882352941176471e-01,16878144
7.797731477149120e+03,7.792437359502061e+03,1.764705882352941e+00,16878143
7.800363153791273e+03,7.798598447908920e+03,5.882352941176471e-01,16878147
7.801719723210206e+03,7.796425605563147e+03,1.764705882352941e+00,16878145
7.802208841816930e+03,7.800444135934577e+03,5.882352941176471e-01,16878149
7.802357707099064e+03,7.800496346533148e+03,5.882352941176471e-01,16878150
7.804104611306747e+03,7.798615211020310e+03,1.176470588235294e+00,16878148
7.805168152831608e+03,7.797063589452005e+03,1.764705882352941e+00,16878146
7.805756055256306e+03,7.803651297790030e+03,5.882352941176471e-01,16878152
7.806932858713961e+03,7.804638804947929e+03,5.882352941176471e-01,16878153
7.807520761138659e+03,7.805246271470047e+03,5.882352941176471e-01,16878154
7.807634023071453e+03,7.802226643491600e+03,1.764705882352941e+00,16878151
7.809993145245096e+03,7.808228439362743e+03,5.882352941176471e-01,16878155
7.811995660162046e+03,7.810230954279693e+03,5.882352941176471e-01,16878156
7.812484791146943e+03,7.810720085264590e+03,5.882352941176471e-01,16878157
7.814645306401019e+03,7.812880600518666e+03,5.882352941176471e-01,16878159
7.817816715203735e+03,7.816052009321383e+03,5.882352941176471e-01,16878161
7.818141882624834e+03,7.812847764977775e+03,1.764705882352941e+00,16878158
7.818884388895427e+03,7.813590271248368e+03,1.764705882352941e+00,16878160
7.819744004796638e+03,7.816674549399947e+03,5.882352941176471e-01,16878163
7.821062117719407e+03,7.818751993790694e+03,5.882352941176471e-01,16878164
7.823124552241482e+03,7.820804549257706e+03,5.882352941176471e-01,16878168
7.823124552241482e+03,7.820749447460396e+03,5.882352941176471e-01,16878167
7.823273416561343e+03,7.816653858120020e+03,1.764705882352941e+00,16878162
7.824889258123835e+03,7.822926294537276e+03,5.882352941176471e-01,16878171
7.824889258123835e+03,7.822700537532796e+03,5.882352941176471e-01,16878170
7.826802828326049e+03,7.819710434778682e+03,1.764705882352941e+00,16878166
7.826898890160448e+03,7.825134184278095e+03,5.882352941176471e-01,16878173
7.828948817501104e+03,7.827184111618751e+03,5.882352941176471e-01,16878175
7.830241057180420e+03,7.824946939533362e+03,1.764705882352941e+00,16878172
7.830526616969085e+03,7.827548766262756e+03,5.882352941176471e-01,16878176
7.832148542957106e+03,7.829767600160002e+03,5.882352941176471e-01,16878179
7.832746544579100e+03,7.826810298790008e+03,1.176470588235294e+00,16878174
7.833992473958495e+03,7.831507158003424e+03,5.882352941176471e-01,16878181
7.834630036815474e+03,7.832306993195179e+03,5.882352941176471e-01,16878184
7.836075961269338e+03,7.829628118523743e+03,1.176470588235294e+00,16878178
7.837681276437446e+03,7.834897769699266e+03,5.882352941176471e-01,16878187
7.837840667151691e+03,7.831437060424409e+03,1.764705882352941e+00,16878180
7.839445982319799e+03,7.834985289926677e+03,1.176470588235294e+00,16878188
7.840012164571230e+03,7.838247458688877e+03,5.882352941176471e-01,16878189
7.841210688202152e+03,7.832984117287143e+03,1.764705882352941e+00,16878186
7.841428634319452e+03,7.839663928437100e+03,5.882352941176471e-01,16878190
7.842975394084505e+03,7.840937227902868e+03,5.882352941176471e-01,16878192
7.844322923320427e+03,7.840793511555721e+03,1.176470588235294e+00,16878191
7.845423936683980e+03,7.843659230801627e+03,5.882352941176471e-01,16878193
7.845646373026757e+03,7.843881667144405e+03,5.882352941176471e-01,16878194
7.846087629202780e+03,7.844134092671044e+03,5.882352941176471e-01,16878195
7.847188642566333e+03,7.845085054238082e+03,5.882352941176471e-01,16878196
7.849520070510264e+03,7.845990658745558e+03,1.176470588235294e+00,16878197
7.850186496107440e+03,7.848421790225087e+03,5.882352941176471e-01,16878198
7.852424145932497e+03,7.850659440050144e+03,5.882352941176471e-01,16878201
7.853866757242923e+03,7.848572639595864e+03,1.764705882352941e+00,16878199
7.854711558084470e+03,7.852946852202117e+03,5.882352941176471e-01,16878202
7.854814188157322e+03,7.848647516994320e+03,1.764705882352941e+00,16878200
7.855631463125276e+03,7.853206147617676e+03,5.882352941176471e-01,16878203
7.856627566602318e+03,7.854862860719965e+03,5.882352941176471e-01,16878204
7.857737835396392e+03,7.855973129514039e+03,5.882352941176471e-01,16878205
7.858037169342090e+03,7.856272463459737e+03,5.882352941176471e-01,16878206
7.859502541278745e+03,7.857721596401319e+03,5.882352941176471e-01,16878208
7.861703538553284e+03,7.858912306427529e+03,5.882352941176471e-01,16878210
7.861921684249376e+03,7.856528700518966e+03,1.764705882352941e+00,16878207
7.863987163107168e+03,7.858693045460109e+03,1.764705882352941e+00,16878209
7.864629439444920e+03,7.862864733562567e+03,5.882352941176471e-01,16878214
7.867355580515394e+03,7.865590874633041e+03,5.882352941176471e-01,16878216
7.867507365869841e+03,7.861080962416967e+03,1.764705882352941e+00,16878213
7.868771571084728e+03,7.863477453437670e+03,1.764705882352941e+00,16878215
7.872649698162453e+03,7.866830734700932e+03,1.764705882352941e+00,16878217
7.872921152957284e+03,7.867627035310225e+03,1.764705882352941e+00,16878218
7.873509701835796e+03,7.871744995953443e+03,5.882352941176471e-01,16878219
7.874826695485477e+03,7.873061989603124e+03,5.882352941176471e-01,16878220
7.880335917866967e+03,7.875041800219908e+03,1.764705882352941e+00,16878221
7.881771833153729e+03,7.875500053631004e+03,1.764705882352941e+00,16878222
7.882558877160416e+03,7.877131552232929e+03,1.764705882352941e+00,16878224
7.883536539036082e+03,7.881521512380708e+03,5.882352941176471e-01,16878226
7.884515534515299e+03,7.882118694867480e+03,5.882352941176471e-01,16878227
7.886294600889671e+03,7.884529895007318e+03,5.882352941176471e-01,16878230
7.887065950800788e+03,7.881375097135798e+03,1.764705882352941e+00,16878225
7.888433920665210e+03,7.882942780105477e+03,1.764705882352941e+00,16878229
7.888830656683141e+03,7.886594941231722e+03,5.882352941176471e-01,16878234
7.890111433048320e+03,7.887650273983996e+03,5.882352941176471e-01,16878236
7.890111433048320e+03,7.887096471415360e+03,5.882352941176471e-01,16878235
7.892357000588746e+03,7.890592294706393e+03,5.882352941176471e-01,16878238
7.892360068447847e+03,7.885306712219638e+03,1.764705882352941e+00,16878231
7.893881275642063e+03,7.891094456266630e+03,5.882352941176471e-01,16878239
7.894124774330200e+03,7.889865549199913e+03,1.176470588235294e+00,16878237
7.896654437226368e+03,7.894889731344015e+03,5.882352941176471e-01,16878241
7.897410687406769e+03,7.891717734225293e+03,1.764705882352941e+00,16878240
7.897429357840858e+03,7.895664651958505e+03,5.882352941176471e-01,16878242
7.898419143108721e+03,7.895950722085413e+03,5.882352941176471e-01,16878243
7.902704805053827e+03,7.896895303171860e+03,1.764705882352941e+00,16878244
7.903183627500496e+03,7.901418921618143e+03,5.882352941176471e-01,16878246
7.903577234109603e+03,7.898283116462544e+03,1.764705882352941e+00,16878245
7.904828627771182e+03,7.901564791134421e+03,5.882352941176471e-01,16878247
7.907323863164491e+03,7.905559157282138e+03,5.882352941176471e-01,16878251
7.907931237149119e+03,7.906166531266766e+03,5.882352941176471e-01,16878252
7.908358039535888e+03,7.901755676945569e+03,1.764705882352941e+00,16878248
7.909088569046844e+03,7.907069717413564e+03,5.882352941176471e-01,16878253
7.911624934310311e+03,7.909860228427958e+03,5.882352941176471e-01,16878254
7.911842983323842e+03,7.910078277441489e+03,5.882352941176471e-01,16878255
7.912075867554977e+03,7.910311161672624e+03,5.882352941176471e-01,16878256
7.915154346075017e+03,7.910580606682793e+03,1.176470588235294e+00,16878257
7.918675847505007e+03,7.913381729857948e+03,1.764705882352941e+00,16878258
7.919648233439983e+03,7.914354115792924e+03,1.764705882352941e+00,16878259
7.920609893652409e+03,7.915315776005350e+03,1.764705882352941e+00,16878260
7.922205259269712e+03,7.918046638403926e+03,1.176470588235294e+00,16878261
7.923070756169775e+03,7.921306050287423e+03,5.882352941176471e-01,16878263
7.923177645204689e+03,7.919561485389839e+03,1.176470588235294e+00,16878262
7.928795286203008e+03,7.927030580320655e+03,5.882352941176471e-01,16878264
7.932690784030576e+03,7.927396666383517e+03,1.764705882352941e+00,16878265
7.933785161640628e+03,7.928491043993569e+03,1.764705882352941e+00,16878266
7.934844704454690e+03,7.933079998572337e+03,5.882352941176471e-01,16878268
7.937314573405334e+03,7.931991315741616e+03,1.764705882352941e+00,16878267
7.938484481825367e+03,7.936259400102121e+03,5.882352941176471e-01,16878271
7.939050139271028e+03,7.933113605283508e+03,1.764705882352941e+00,16878269
7.939140376988652e+03,7.937375671106299e+03,5.882352941176471e-01,16878272
7.940626292671494e+03,7.937806428398360e+03,5.882352941176471e-01,16878273
7.940964479924593e+03,7.939199774042240e+03,5.882352941176471e-01,16878276
7.944035209681646e+03,7.934955070060661e+03,1.764705882352941e+00,16878270
7.944493891689299e+03,7.937833501574866e+03,1.764705882352941e+00,16878274
7.945904575052150e+03,7.943310564682124e+03,5.882352941176471e-01,16878280
7.945904575052150e+03,7.943080987282598e+03,5.882352941176471e-01,16878279
7.947669280934503e+03,7.945685275783723e+03,5.882352941176471e-01,16878282
7.947934479232256e+03,7.940329442534088e+03,1.764705882352941e+00,16878277
7.949433986816856e+03,7.945173054749383e+03,1.176470588235294e+00,16878281
7.949699185114609e+03,7.947894488833380e+03,5.882352941176471e-01,16878283
7.951198692699209e+03,7.942479822775595e+03,1.764705882352941e+00,16878278
7.951375491564378e+03,7.947972213445661e+03,5.882352941176471e-01,16878284
7.952963398581562e+03,7.950467556024821e+03,5.882352941176471e-01,16878287
7.953140197446731e+03,7.948283115565480e+03,1.176470588235294e+00,16878285
7.954845970374027e+03,7.951892269902510e+03,5.882352941176471e-01,16878290
7.956610676256380e+03,7.953376341736788e+03,5.882352941176471e-01,16878292
7.956610676256380e+03,7.954329976220869e+03,5.882352941176471e-01,16878294
7.958375382138733e+03,7.955571717028174e+03,5.882352941176471e-01,16878297
7.958375382138733e+03,7.956494064318367e+03,5.882352941176471e-01,16878298
7.960140088021086e+03,7.957529671760451e+03,5.882352941176471e-01,16878299
7.960892081467811e+03,7.951862061981498e+03,1.176470588235294e+00,16878289
7.962406122867922e+03,7.959794547169714e+03,5.882352941176471e-01,16878301
7.962406122867922e+03,7.959628704549941e+03,5.882352941176471e-01,16878300
7.962656787350164e+03,7.951294002343153e+03,1.764705882352941e+00,16878288
7.964296160991396e+03,7.961637433034320e+03,5.882352941176471e-01,16878303
7.964296160991396e+03,7.961657851970049e+03,5.882352941176471e-01,16878304
7.964296160991396e+03,7.961892297445881e+03,5.882352941176471e-01,16878305
7.966060866873749e+03,7.964167984018603e+03,5.882352941176471e-01,16878307
7.966694757648127e+03,7.964930051765774e+03,5.882352941176471e-01,16878309
7.967825572756102e+03,7.965672918069216e+03,5.882352941176471e-01,16878310
7.969712318200659e+03,7.964418200553600e+03,1.764705882352941e+00,16878308
7.973401722197102e+03,7.968107604550043e+03,1.764705882352941e+00,16878311
7.975745984228816e+03,7.970451866581757e+03,1.764705882352941e+00,16878312
7.976117010691978e+03,7.970822893044919e+03,1.764705882352941e+00,16878313
7.977220912036488e+03,7.974925387676073e+03,5.882352941176471e-01,16878316
7.977881716574331e+03,7.975803875591977e+03,5.882352941176471e-01,16878317
7.979316020187763e+03,7.976310035548175e+03,5.882352941176471e-01,16878319
7.979316020187763e+03,7.976743361463026e+03,5.882352941176471e-01,16878320
7.981080726070115e+03,7.976188423344249e+03,1.176470588235294e+00,16878318
7.982845431952468e+03,7.980045986706850e+03,5.882352941176470e-01,16878322
7.982845431952468e+03,7.973941720518772e+03,1.764705882352941e+00,16878315
7.982845431952468e+03,7.973315352408983e+03,1.764705882352941e+00,16878314
7.986852700003330e+03,7.985087994120977e+03,5.882352941176471e-01,16878324
7.988522187812183e+03,7.983228070165124e+03,1.764705882352941e+00,16878323
7.989352498338186e+03,7.987587792455833e+03,5.882352941176471e-01,16878327
7.992042100941552e+03,7.985718369864644e+03,1.764705882352941e+00,16878325
7.992051599576889e+03,7.990125040743758e+03,5.882352941176471e-01,16878329
7.992881910102892e+03,7.986636262700851e+03,1.764705882352941e+00,16878326
7.993811556141574e+03,7.991824799873593e+03,5.882352941176471e-01,16878331
7.993811556141574e+03,7.991354197232220e+03,5.882352941176471e-01,16878330
7.995266380011033e+03,7.992118868026959e+03,5.882352941176471e-01,16878332
7.995266380011033e+03,7.992339450285579e+03,5.882352941176471e-01,16878333
7.997031085893386e+03,7.992397828979228e+03,1.176470588235294e+00,16878334
7.997031085893386e+03,7.994119191312919e+03,5.882352941176471e-01,16878335
7.998795791775739e+03,7.987690677847976e+03,1.764705882352941e+00,16878328
8.000612609599360e+03,7.998847903717007e+03,5.882352941176471e-01,16878336
8.002264416421983e+03,8.000499710539630e+03,5.882352941176471e-01,16878337
8.005954935124242e+03,8.004190229241889e+03,5.882352941176471e-01,16878339
8.007195321060713e+03,8.005430615178360e+03,5.882352941176471e-01,16878340
8.007993490544981e+03,8.002699372897922e+03,1.764705882352941e+00,16878338
8.009072949553416e+03,8.007308243671063e+03,5.882352941176471e-01,16878342
8.010976384391009e+03,8.009211678508656e+03,5.882352941176471e-01,16878343
8.011006732759277e+03,8.009242026876924e+03,5.882352941176471e-01,16878344
8.011249052771301e+03,8.005739119074495e+03,1.764705882352941e+00,16878341
8.016687875865365e+03,8.011393758218306e+03,1.764705882352941e+00,16878345
8.017213811596619e+03,8.015354587154811e+03,5.882352941176471e-01,16878351
8.020611739428511e+03,8.012793994243313e+03,1.764705882352941e+00,16878347
8.020611739428511e+03,8.011919693949560e+03,1.764705882352941e+00,16878346
8.021799758583750e+03,8.016022692702053e+03,1.764705882352941e+00,16878352
8.023564464466103e+03,8.021608666047440e+03,5.882352941176471e-01,16878356
8.024473460066193e+03,8.022538528135384e+03,5.882352941176471e-01,16878357
8.025783668148501e+03,8.022888915771174e+03,5.882352941176471e-01,16878359
8.026893269989700e+03,8.018442617867747e+03,1.176470588235294e+00,16878353
8.027654949756867e+03,8.025890243874514e+03,5.882352941176471e-01,16878361
8.028657975872053e+03,8.018854529077693e+03,1.764705882352941e+00,16878354
8.030593955269279e+03,8.027977172169095e+03,5.882352941176471e-01,16878364
8.030803521637990e+03,8.029000522901800e+03,5.882352941176471e-01,16878366
8.032515835928165e+03,8.029667553090320e+03,5.882352941176471e-01,16878368
8.032742603252921e+03,8.022888160428939e+03,1.764705882352941e+00,16878358
8.036120836801123e+03,8.026235042486563e+03,1.764705882352941e+00,16878362
8.036120836801123e+03,8.026260760296731e+03,1.764705882352941e+00,16878363
8.036120836801123e+03,8.029494142946808e+03,1.764705882352941e+00,16878367
8.038148332350518e+03,8.035107586934952e+03,5.882352941176471e-01,16878373
8.039913038232871e+03,8.033975808011751e+03,1.176470588235294e+00,16878372
8.041677744115224e+03,8.033036394707328e+03,1.764705882352941e+00,16878371
8.041726226457028e+03,8.039362397176467e+03,5.882352941176471e-01,16878377
8.043478811753930e+03,8.040058485258283e+03,5.882352941176471e-01,16878379
8.043478811753930e+03,8.041124013589440e+03,5.882352941176471e-01,16878381
8.045243517636283e+03,8.042041129914927e+03,5.882352941176471e-01,16878383
8.047192172818312e+03,8.039210018244544e+03,1.764705882352941e+00,16878376
8.047192172818312e+03,8.037171995469292e+03,1.764705882352941e+00,16878375
8.048956878700665e+03,8.047184336015275e+03,5.882352941176471e-01,16878388
8.050721584583018e+03,8.044030659652960e+03,1.764705882352941e+00,16878384
8.051851038156873e+03,8.050086332274520e+03,5.882352941176471e-01,16878389
8.052436384738933e+03,8.045742227311083e+03,1.764705882352941e+00,16878386
8.056227418414315e+03,8.054462712531962e+03,5.882352941176471e-01,16878390
8.059346149872131e+03,8.057581443989778e+03,5.882352941176471e-01,16878393
8.060318887971813e+03,8.055024770324755e+03,1.764705882352941e+00,16878391
8.060898944113637e+03,8.055604826466579e+03,1.764705882352941e+00,16878392
8.063531279878767e+03,8.061766573996414e+03,5.882352941176471e-01,16878397
8.063848299736519e+03,8.059694302222475e+03,1.176470588235294e+00,16878396
8.064814343694362e+03,8.057769247285731e+03,1.764705882352941e+00,16878394
8.065295985761120e+03,8.063475454834283e+03,5.882352941176471e-01,16878398
8.067294669153723e+03,8.065529963271370e+03,5.882352941176471e-01,16878400
8.067445496566112e+03,8.063916084801406e+03,1.176470588235294e+00,16878399
8.067826647686959e+03,8.066061941804606e+03,5.882352941176471e-01,16878401
8.069059375036076e+03,8.066261957198479e+03,5.882352941176471e-01,16878402
8.069253063134387e+03,8.067488357252035e+03,5.882352941176471e-01,16878403
8.070447035105971e+03,8.068682329223618e+03,5.882352941176471e-01,16878404
8.072376126472843e+03,8.070611420590490e+03,5.882352941176471e-01,16878405
8.073804641823339e+03,8.072039935940986e+03,5.882352941176471e-01,16878407
8.075541242715077e+03,8.073776536832724e+03,5.882352941176471e-01,16878408
8.077174827927487e+03,8.071880710280428e+03,1.764705882352941e+00,16878406
8.079026947589802e+03,8.076235220977275e+03,5.882352941176471e-01,16878411
8.079026947589802e+03,8.076554532156936e+03,5.882352941176471e-01,16878412
8.079301090507146e+03,8.074006972860087e+03,1.764705882352941e+00,16878409
8.081893844900165e+03,8.080129139017812e+03,5.882352941176471e-01,16878415
8.082556359354507e+03,8.077384895555197e+03,1.176470588235294e+00,16878414
8.082556359354507e+03,8.074917398093644e+03,1.764705882352941e+00,16878410
8.083989808009689e+03,8.080953083759512e+03,5.882352941176471e-01,16878416
8.085241261744005e+03,8.083476555861652e+03,5.882352941176471e-01,16878418
8.087519219774395e+03,8.081149647741677e+03,1.764705882352941e+00,16878417
8.089914609466720e+03,8.084620491819661e+03,1.764705882352941e+00,16878419
8.090041641421055e+03,8.088276935538702e+03,5.882352941176471e-01,16878421
8.090735858909076e+03,8.087206447144370e+03,1.176470588235294e+00,16878420
8.091679315349073e+03,8.089873629985890e+03,5.882352941176471e-01,16878422
8.091824350005374e+03,8.090059644123021e+03,5.882352941176471e-01,16878423
8.092500564791428e+03,8.090447025948014e+03,5.882352941176471e-01,16878424
8.093444021231426e+03,8.090803671246747e+03,5.882352941176471e-01,16878425
8.094142914376465e+03,8.092378208494112e+03,5.882352941176471e-01,16878426
8.097272750773933e+03,8.095508044891580e+03,5.882352941176471e-01,16878429
8.099281671629231e+03,8.093987553982172e+03,1.764705882352941e+00,16878427
8.099368549050558e+03,8.094074431403499e+03,1.764705882352941e+00,16878428
8.101089816222248e+03,8.098561951879084e+03,5.882352941176471e-01,16878432
8.102854522104600e+03,8.100514431487839e+03,5.882352941176471e-01,16878434
8.103288536774705e+03,8.097994419127646e+03,1.764705882352941e+00,16878430
8.104619227986953e+03,8.101839017556290e+03,5.882352941176471e-01,16878436
8.104619227986953e+03,8.101394840052362e+03,5.882352941176471e-01,16878435
8.107483294145535e+03,8.099965836356964e+03,1.764705882352941e+00,16878433
8.107483294145535e+03,8.098392072181531e+03,1.764705882352941e+00,16878431
8.110347827854640e+03,8.108583121972287e+03,5.882352941176471e-01,16878439
8.111012705910241e+03,8.104626371869442e+03,1.764705882352941e+00,16878437
8.111685195398854e+03,8.105887835156984e+03,1.764705882352941e+00,16878438
8.114234940105776e+03,8.112470234223423e+03,5.882352941176471e-01,16878441
8.115460948530338e+03,8.113696242647985e+03,5.882352941176471e-01,16878442
8.115641945501699e+03,8.108607144786156e+03,1.764705882352941e+00,16878440
8.117225654412691e+03,8.115364968166073e+03,5.882352941176471e-01,16878444
8.120340277210805e+03,8.115046159563746e+03,1.764705882352941e+00,16878443
8.121588668782734e+03,8.116294551135675e+03,1.764705882352941e+00,16878445
8.123256468427900e+03,8.121491762545547e+03,5.882352941176471e-01,16878447
8.125574602440833e+03,8.120280484793774e+03,1.764705882352941e+00,16878446
8.125920153576005e+03,8.124155447693652e+03,5.882352941176471e-01,16878448
8.130107045903928e+03,8.124812928256869e+03,1.764705882352941e+00,16878449
8.130868720087892e+03,8.125177518871687e+03,1.764705882352941e+00,16878450
8.130898997091774e+03,8.129134291209421e+03,5.882352941176471e-01,16878451
8.133126428639553e+03,8.131361722757200e+03,5.882352941176471e-01,16878453
8.134041859219155e+03,8.132277153336802e+03,5.882352941176471e-01,16878454
8.135065950318563e+03,8.132969863418148e+03,5.882352941176471e-01,16878455
8.135401163550987e+03,8.129857896530397e+03,1.764705882352941e+00,16878452
8.136998262817128e+03,8.134470681161950e+03,5.882352941176471e-01,16878458
8.137700224026100e+03,8.135935518143747e+03,5.882352941176471e-01,16878460
8.139942374348700e+03,8.138177668466347e+03,5.882352941176471e-01,16878461
8.140398721539595e+03,8.133476060232868e+03,1.764705882352941e+00,16878457
8.140527674581834e+03,8.134591270176945e+03,1.764705882352941e+00,16878459
8.144099486214518e+03,8.142251243065606e+03,5.882352941176471e-01,16878467
8.145446037509584e+03,8.139507003408993e+03,1.764705882352941e+00,16878462
8.145744455354264e+03,8.143834541787830e+03,5.882352941176471e-01,16878468
8.147359952314277e+03,8.142215043589558e+03,1.176470588235294e+00,16878466
8.147577281811613e+03,8.140361465376350e+03,1.764705882352941e+00,16878464
8.149124658196630e+03,8.146489646493024e+03,5.882352941176470e-01,16878469
8.149124658196630e+03,8.140570074449812e+03,1.764705882352941e+00,16878465
8.153145694610550e+03,8.151380988728197e+03,5.882352941176471e-01,16878470
8.154942127682368e+03,8.153177421800015e+03,5.882352941176471e-01,16878471
8.156502112100223e+03,8.154737406217870e+03,5.882352941176471e-01,16878473
8.157144085119692e+03,8.155379379237339e+03,5.882352941176471e-01,16878474
8.158389984140154e+03,8.156188700276137e+03,5.882352941176471e-01,16878475
8.158513150297732e+03,8.153219032650673e+03,1.764705882352941e+00,16878472
8.158908791002045e+03,8.157012587035412e+03,5.882352941176471e-01,16878477
8.161829342972892e+03,8.160064637090539e+03,5.882352941176471e-01,16878479
8.164171186132038e+03,8.158877068484980e+03,1.764705882352941e+00,16878478
8.165280463949700e+03,8.163515758067347e+03,5.882352941176471e-01,16878481
8.167713619915251e+03,8.162419502268192e+03,1.764705882352941e+00,16878480
8.167840270883105e+03,8.166075565000752e+03,5.882352941176471e-01,16878482
8.169478325797604e+03,8.167617311477514e+03,5.882352941176471e-01,16878484
8.170660891931471e+03,8.167131480166765e+03,1.176470588235294e+00,16878483
8.171774655036160e+03,8.170009949153807e+03,5.882352941176471e-01,16878485
8.172541771792661e+03,8.170777065910308e+03,5.882352941176471e-01,16878486
8.172565236958647e+03,8.170800531076294e+03,5.882352941176471e-01,16878487
8.177233836426735e+03,8.171939718779676e+03,1.764705882352941e+00,16878488
8.177835889439720e+03,8.172201284470393e+03,1.764705882352941e+00,16878489
8.179529001745898e+03,8.177764295863545e+03,5.882352941176471e-01,16878491
8.179685877303936e+03,8.177921171421583e+03,5.882352941176471e-01,16878492
8.180086231605154e+03,8.174792113958095e+03,1.764705882352941e+00,16878490
8.181293707628251e+03,8.178540072090931e+03,5.882352941176471e-01,16878493
8.182005102637244e+03,8.180240396754891e+03,5.882352941176471e-01,16878494
8.186607921082307e+03,8.184843215199954e+03,5.882352941176471e-01,16878497
8.186742257045490e+03,8.184919379786568e+03,5.882352941176471e-01,16878498
8.186783949721666e+03,8.181489832074607e+03,1.764705882352941e+00,16878495
8.189476441466590e+03,8.187711735584237e+03,5.882352941176471e-01,16878499
8.189960438839405e+03,8.188195732957052e+03,5.882352941176471e-01,16878500
8.190137332847013e+03,8.183212845280784e+03,1.764705882352941e+00,16878496
8.192417812161840e+03,8.190653106279487e+03,5.882352941176471e-01,16878502
8.195129355693291e+03,8.189835238046232e+03,1.764705882352941e+00,16878501
8.196091431131779e+03,8.194326725249426e+03,5.882352941176471e-01,16878503
8.196568129197847e+03,8.194803423315494e+03,5.882352941176471e-01,16878504
8.202821092134124e+03,8.201056386251771e+03,5.882352941176471e-01,16878507
8.204586526486654e+03,8.202384792505222e+03,5.882352941176471e-01,16878508
8.204587254956832e+03,8.199293137309773e+03,1.764705882352941e+00,16878505
8.205336964947006e+03,8.200042847299947e+03,1.764705882352941e+00,16878506
8.206351596604096e+03,8.203626447872113e+03,5.882352941176471e-01,16878510
8.208116302486449e+03,8.205434795378692e+03,5.882352941176471e-01,16878513
8.209881008368802e+03,8.204581574137699e+03,1.764705882352941e+00,16878511
8.211138398422610e+03,8.208359872842641e+03,5.882352941176471e-01,16878516
8.211755649220711e+03,8.209945338092277e+03,5.882352941176471e-01,16878518
8.213688660592114e+03,8.211923954709761e+03,5.882352941176471e-01,16878520
8.214557875217760e+03,8.205188973674862e+03,1.764705882352941e+00,16878512
8.215453366474466e+03,8.213462515759662e+03,5.882352941176471e-01,16878521
8.216535968154949e+03,8.213744853393016e+03,5.882352941176471e-01,16878522
8.216749355209785e+03,8.207053178909764e+03,1.764705882352941e+00,16878514
8.218853815941811e+03,8.217089110059458e+03,5.882352941176471e-01,16878524
8.218982778239172e+03,8.210977775716741e+03,1.764705882352941e+00,16878519
8.219771985588698e+03,8.218007279706345e+03,5.882352941176471e-01,16878525
8.220618521824164e+03,8.218600834281475e+03,5.882352941176471e-01,16878526
8.220834057007030e+03,8.219069351124677e+03,5.882352941176471e-01,16878527
8.222775672909229e+03,8.221010967026876e+03,5.882352941176471e-01,16878528
8.223657654843089e+03,8.221892948960737e+03,5.882352941176471e-01,16878530
8.226752624034963e+03,8.221458506387904e+03,1.764705882352941e+00,16878529
8.227904469018920e+03,8.225961640381994e+03,5.882352941176471e-01,16878534
8.229669174901273e+03,8.227656132833493e+03,5.882352941176471e-01,16878536
8.230503007242294e+03,8.224043242828875e+03,1.764705882352941e+00,16878531
8.231323275975180e+03,8.229041705218986e+03,5.882352941176471e-01,16878538
8.232267713124647e+03,8.229903458363013e+03,5.882352941176471e-01,16878540
8.235482312506197e+03,8.227194566920214e+03,1.764705882352941e+00,16878535
8.235482312506197e+03,8.224960769435883e+03,1.764705882352941e+00,16878533
8.239011724270903e+03,8.232384481555381e+03,1.764705882352941e+00,16878542
8.239011724270903e+03,8.230922004860422e+03,1.764705882352941e+00,16878541
8.242383729844031e+03,8.236113717477973e+03,1.764705882352941e+00,16878544
8.242383729844031e+03,8.234119598858143e+03,1.764705882352941e+00,16878543
8.243772425254023e+03,8.241546020443266e+03,5.882352941176471e-01,16878547
8.245535853844764e+03,8.243771147962412e+03,5.882352941176471e-01,16878548
8.245749219767483e+03,8.243984513885130e+03,5.882352941176471e-01,16878549
8.245913141608737e+03,8.240243013489317e+03,1.764705882352941e+00,16878546
8.248520146562230e+03,8.246755440679877e+03,5.882352941176471e-01,16878551
8.250284852444583e+03,8.248072052572814e+03,5.882352941176471e-01,16878553
8.251143828003960e+03,8.245849710356901e+03,1.764705882352941e+00,16878550
8.252049558326936e+03,8.249366632385172e+03,5.882352941176471e-01,16878554
8.252380314832758e+03,8.247086197185700e+03,1.764705882352941e+00,16878552
8.252908533886313e+03,8.250459317142907e+03,5.882352941176471e-01,16878555
8.253814264209289e+03,8.251146535954847e+03,5.882352941176471e-01,16878556
8.257821944224252e+03,8.252527826577193e+03,1.764705882352941e+00,16878557
8.258202651533372e+03,8.252843019441395e+03,1.764705882352941e+00,16878558
8.259586650106605e+03,8.257695981159406e+03,5.882352941176471e-01,16878563
8.260075412406927e+03,8.258310706524574e+03,5.882352941176471e-01,16878564
8.261122599230949e+03,8.259124402573337e+03,5.882352941176471e-01,16878565
8.261541709643518e+03,8.255404531247815e+03,1.176470588235294e+00,16878560
8.263306415525871e+03,8.253960982008375e+03,1.764705882352941e+00,16878559
8.264966343805082e+03,8.261954291144097e+03,5.882352941176471e-01,16878567
8.264966343805082e+03,8.261973726689415e+03,5.882352941176471e-01,16878568
8.265071121408224e+03,8.256065831027913e+03,1.764705882352941e+00,16878561
8.266731049687434e+03,8.264463331248218e+03,5.882352941176471e-01,16878572
8.266731049687434e+03,8.264367243983252e+03,5.882352941176471e-01,16878571
8.268495755569787e+03,8.266451555741783e+03,5.882352941176471e-01,16878574
8.268600533172930e+03,8.260517862327066e+03,1.764705882352941e+00,16878566
8.270260461452140e+03,8.267403691661727e+03,5.882352941176471e-01,16878576
8.270260461452140e+03,8.266756446497907e+03,5.882352941176471e-01,16878575
8.272028016327915e+03,8.268956655015904e+03,5.882352941176471e-01,16878577
8.272028016327915e+03,8.269371117900161e+03,5.882352941176471e-01,16878578
8.272129944937635e+03,8.266332749653274e+03,1.764705882352941e+00,16878573
8.273792722210268e+03,8.271061652542085e+03,5.882352941176471e-01,16878581
8.275557428092621e+03,8.273165705370066e+03,5.882352941176471e-01,16878584
8.276285349990615e+03,8.274053201939730e+03,5.882352941176471e-01,16878585
8.277390664247881e+03,8.275625958365528e+03,5.882352941176471e-01,16878586
8.279549277698354e+03,8.272755938225909e+03,1.764705882352941e+00,16878582
8.279549277698354e+03,8.270269008432406e+03,1.764705882352941e+00,16878580
8.279981920879679e+03,8.278217214997326e+03,5.882352941176471e-01,16878587
8.281313983580707e+03,8.279134957424104e+03,5.882352941176471e-01,16878588
8.281749822035981e+03,8.279942090892332e+03,5.882352941176471e-01,16878590
8.283223968948151e+03,8.279988311427577e+03,5.882352941176471e-01,16878592
8.283223968948151e+03,8.280922564092950e+03,5.882352941176471e-01,16878593
8.284988674830504e+03,8.282503969419687e+03,5.882352941176471e-01,16878595
8.286753380712857e+03,8.284373783858149e+03,5.882352941176470e-01,16878596
8.286753380712857e+03,8.280993791616559e+03,1.764705882352941e+00,16878594
8.286753380712857e+03,8.279487796898693e+03,1.764705882352941e+00,16878589
8.288518086595210e+03,8.285217717114862e+03,5.882352941176471e-01,16878597
8.288518086595210e+03,8.286657582064753e+03,5.882352941176471e-01,16878599
8.290282792477563e+03,8.286390097235740e+03,1.176470588235294e+00,16878598
8.292047498359916e+03,8.289737250894576e+03,5.882352941176471e-01,16878602
8.293247039631780e+03,8.290616615351232e+03,5.882352941176471e-01,16878603
8.293812204242269e+03,8.287947081034566e+03,1.764705882352941e+00,16878600
8.294004978939801e+03,8.291703286583702e+03,5.882352941176471e-01,16878604
8.295576910124622e+03,8.293548320051571e+03,5.882352941176471e-01,16878608
8.296927091606381e+03,8.292433047754980e+03,1.176470588235294e+00,16878606
8.297534390704507e+03,8.289717627867074e+03,1.764705882352941e+00,16878601
8.300699596207825e+03,8.298934890325472e+03,5.882352941176471e-01,16878609
8.300911693178945e+03,8.299146987296592e+03,5.882352941176471e-01,16878610
8.303967960517888e+03,8.302203254635535e+03,5.882352941176471e-01,16878612
8.305835951753046e+03,8.302306539988341e+03,1.176470588235294e+00,16878613
8.307438295315533e+03,8.302144177668474e+03,1.764705882352941e+00,16878611
8.307600657635399e+03,8.305702107581327e+03,5.882352941176471e-01,16878615
8.308289747012078e+03,8.306300822132817e+03,5.882352941176471e-01,16878616
8.309284182357819e+03,8.307092221906351e+03,5.882352941176471e-01,16878618
8.309284182357819e+03,8.306758663932071e+03,5.882352941176471e-01,16878617
8.311819158776783e+03,8.309943165911101e+03,5.882352941176471e-01,16878621
8.312813594122525e+03,8.310375531991860e+03,5.882352941176470e-01,16878622
8.312813594122525e+03,8.304760335247372e+03,1.764705882352941e+00,16878614
8.313877521085640e+03,8.312112815203287e+03,5.882352941176471e-01,16878623
8.314456322090946e+03,8.307695497912290e+03,1.176470588235294e+00,16878619
8.314578300004878e+03,8.312326317081350e+03,5.882352941176471e-01,16878624
8.318751032687326e+03,8.316779658525646e+03,5.882352941176471e-01,16878628
8.319171638732699e+03,8.312863294721165e+03,1.764705882352941e+00,16878625
8.319441059118899e+03,8.317676353236546e+03,5.882352941176471e-01,16878629
8.320561545786686e+03,8.317699839270027e+03,5.882352941176471e-01,16878630
8.320936344615051e+03,8.318819743512836e+03,5.882352941176471e-01,16878633
8.321651698770805e+03,8.315683028225512e+03,1.176470588235294e+00,16878627
8.321651698770805e+03,8.315221620922620e+03,1.176470588235294e+00,16878626
8.323190625838802e+03,8.321425919956449e+03,5.882352941176471e-01,16878634
8.324307006775749e+03,8.322542300893396e+03,5.882352941176471e-01,16878636
8.326336285296926e+03,8.324571579414573e+03,5.882352941176471e-01,16878637
8.326968620872763e+03,8.321674503225704e+03,1.764705882352941e+00,16878635
8.330324622605780e+03,8.325030504958721e+03,1.764705882352941e+00,16878638
8.332816845007439e+03,8.331052139125086e+03,5.882352941176471e-01,16878639
8.333738193680828e+03,8.331973487798475e+03,5.882352941176471e-01,16878640
8.335464039549046e+03,8.333699333666693e+03,5.882352941176471e-01,16878641
8.335678925775249e+03,8.333914219892896e+03,5.882352941176471e-01,16878642
8.336208523655275e+03,8.334443817772922e+03,5.882352941176471e-01,16878643
8.337228745431399e+03,8.334963192651063e+03,5.882352941176471e-01,16878644
8.339545004920569e+03,8.337780299038216e+03,5.882352941176471e-01,16878645
8.340610090232649e+03,8.338845384350296e+03,5.882352941176471e-01,16878647
8.341318437584926e+03,8.337789025820220e+03,1.176470588235294e+00,16878646
8.342462338061233e+03,8.340697632178880e+03,5.882352941176471e-01,16878648
8.342843422677904e+03,8.341078716795551e+03,5.882352941176471e-01,16878649
8.344406504522159e+03,8.341393498328060e+03,5.882352941176471e-01,16878651
8.344608128560257e+03,8.342821259218379e+03,5.882352941176471e-01,16878653
8.346612555231985e+03,8.341198943950071e+03,1.764705882352941e+00,16878650
8.347853138823770e+03,8.346088432941417e+03,5.882352941176471e-01,16878654
8.349540773616436e+03,8.347776067734083e+03,5.882352941176471e-01,16878655
8.349723552276376e+03,8.347958846394024e+03,5.882352941176471e-01,16878657
8.351415226631581e+03,8.347885814866875e+03,1.176470588235294e+00,16878656
8.351531268755107e+03,8.349766562872754e+03,5.882352941176471e-01,16878659
8.354592299591386e+03,8.352827593709033e+03,5.882352941176471e-01,16878660
8.354834891263495e+03,8.349535630041900e+03,1.764705882352941e+00,16878658
8.355610245999423e+03,8.353845540117070e+03,5.882352941176471e-01,16878661
8.356357005473739e+03,8.354483089674073e+03,5.882352941176471e-01,16878662
8.357374951881776e+03,8.355355666749739e+03,5.882352941176471e-01,16878664
8.359921137918494e+03,8.358156432036141e+03,5.882352941176471e-01,16878666
8.360458127199785e+03,8.355164009552727e+03,1.764705882352941e+00,16878663
8.361685843800847e+03,8.358624663167417e+03,5.882352941176471e-01,16878667
8.361801992920251e+03,8.356507875273192e+03,1.764705882352941e+00,16878665
8.363987538964491e+03,8.362126758307966e+03,5.882352941176471e-01,16878672
8.365522466579333e+03,8.362315806800973e+03,5.882352941176471e-01,16878673
8.365522466579333e+03,8.362567310203753e+03,5.882352941176471e-01,16878674
8.367287172461686e+03,8.364463375993413e+03,5.882352941176471e-01,16878677
8.369934231285216e+03,8.360376616042808e+03,1.764705882352941e+00,16878668
8.369934231285216e+03,8.361432156672114e+03,1.764705882352941e+00,16878669
8.369934231285216e+03,8.361450586651552e+03,1.764705882352941e+00,16878670
8.371792903215969e+03,8.370028197333616e+03,5.882352941176471e-01,16878680
8.373463643049921e+03,8.369816813552897e+03,1.176470588235294e+00,16878679
8.375228348932274e+03,8.368107766249621e+03,1.764705882352941e+00,16878678
8.376299273205658e+03,8.374534567323305e+03,5.882352941176471e-01,16878682
8.376993054814627e+03,8.374721599956314e+03,5.882352941176471e-01,16878683
8.378063979088011e+03,8.375926684861795e+03,5.882352941176471e-01,16878684
8.378757760696980e+03,8.376601290727759e+03,5.882352941176471e-01,16878685
8.379038660054150e+03,8.373744542407091e+03,1.764705882352941e+00,16878681
8.380011173300814e+03,8.377217371565151e+03,5.882352941176471e-01,16878686
8.380803365936503e+03,8.378821863261844e+03,5.882352941176471e-01,16878692
8.384083929626471e+03,8.378307296861944e+03,1.764705882352941e+00,16878690
8.384645011015443e+03,8.382880305133090e+03,5.882352941176471e-01,16878693
8.386953392970078e+03,8.383423981205372e+03,1.176470588235294e+00,16878694
8.388821302480646e+03,8.387056596598293e+03,5.882352941176471e-01,16878696
8.390227114804694e+03,8.388462408922341e+03,5.882352941176471e-01,16878697
8.390383287142589e+03,8.388618581260236e+03,5.882352941176471e-01,16878698
8.390586008362999e+03,8.388735656571931e+03,5.882352941176471e-01,16878699
8.392095935578977e+03,8.389027039704627e+03,5.882352941176471e-01,16878700
8.392299209652104e+03,8.386802370784635e+03,1.176470588235294e+00,16878695
8.393860641461330e+03,8.389701754291491e+03,1.176470588235294e+00,16878701
8.395625347343683e+03,8.393366979621316e+03,5.882352941176471e-01,16878705
8.397686138787029e+03,8.395921432904676e+03,5.882352941176471e-01,16878706
8.398272473837178e+03,8.392978356190119e+03,1.764705882352941e+00,16878703
8.398616923251017e+03,8.393322805603958e+03,1.764705882352941e+00,16878704
8.401872186535208e+03,8.396760473146566e+03,1.176470588235294e+00,16878707
8.403575126757631e+03,8.400503218580466e+03,5.882352941176471e-01,16878712
8.403575126757631e+03,8.401296927627182e+03,5.882352941176471e-01,16878713
8.403636892417561e+03,8.397386094248363e+03,1.764705882352941e+00,16878708
8.405339832639984e+03,8.398688969690793e+03,1.176470588235294e+00,16878710
8.406880789255312e+03,8.405116083372959e+03,5.882352941176471e-01,16878715
8.407104538522337e+03,8.399922183673065e+03,1.764705882352941e+00,16878711
8.408792948836753e+03,8.407028242954400e+03,5.882352941176471e-01,16878716
8.411302752877084e+03,8.409538046994731e+03,5.882352941176471e-01,16878718
8.411736542633270e+03,8.409971836750917e+03,5.882352941176471e-01,16878719
8.413113671771329e+03,8.411348965888976e+03,5.882352941176471e-01,16878720
8.413356350358205e+03,8.408062232711146e+03,1.764705882352941e+00,16878717
8.417132887023091e+03,8.415368181140738e+03,5.882352941176471e-01,16878721
8.417626101775961e+03,8.415861395893608e+03,5.882352941176471e-01,16878722
8.418897592905444e+03,8.416700910952146e+03,5.882352941176471e-01,16878724
8.421139498317665e+03,8.418897406079632e+03,5.882352941176471e-01,16878727
8.421139498317665e+03,8.418856416497945e+03,5.882352941176471e-01,16878726
8.421652680369826e+03,8.416358562722768e+03,1.764705882352941e+00,16878723
8.423212113431315e+03,8.420091056732629e+03,5.882352941176471e-01,16878728
8.424976819313668e+03,8.422422067389880e+03,5.882352941176471e-01,16878733
8.426782493045523e+03,8.423457920528330e+03,5.882352941176471e-01,16878734
8.426823460895026e+03,8.420208712801712e+03,1.764705882352941e+00,16878729
8.426823460895026e+03,8.418087286082826e+03,1.764705882352941e+00,16878725
8.430547366518010e+03,8.428782660635657e+03,5.882352941176471e-01,16878736
8.432260057211118e+03,8.430495351328765e+03,5.882352941176471e-01,16878738
8.434347421655671e+03,8.432582715773318e+03,5.882352941176471e-01,16878740
8.434975558326276e+03,8.429681440679217e+03,1.764705882352941e+00,16878737
8.435049302001059e+03,8.432894037776095e+03,5.882352941176471e-01,16878741
8.437459906457670e+03,8.435695200575317e+03,5.882352941176471e-01,16878742
8.437876833420377e+03,8.431519890236353e+03,1.764705882352941e+00,16878739
8.438881643705453e+03,8.437116937823100e+03,5.882352941176471e-01,16878743
8.445022311217016e+03,8.441492899452310e+03,1.176470588235294e+00,16878744
8.445133218315170e+03,8.443368512432817e+03,5.882352941176471e-01,16878746
8.446953228552738e+03,8.441659110905679e+03,1.764705882352941e+00,16878745
8.448307474784965e+03,8.446542768902612e+03,5.882352941176471e-01,16878748
8.448634828708406e+03,8.446762486454422e+03,5.882352941176471e-01,16878750
8.450334063806071e+03,8.447134151864762e+03,5.882352941176471e-01,16878751
8.450334063806071e+03,8.447375971552094e+03,5.882352941176471e-01,16878753
8.454015675351889e+03,8.451113305871374e+03,5.882352941176471e-01,16878760
8.454015675351889e+03,8.451232434419477e+03,5.882352941176471e-01,16878761
8.455780381234242e+03,8.453282433895437e+03,5.882352941176471e-01,16878765
8.455780381234242e+03,8.453508610542068e+03,5.882352941176471e-01,16878766
8.459329554772504e+03,8.457463165057578e+03,5.882352941176471e-01,16878770
8.459329554772504e+03,8.457361124606025e+03,5.882352941176471e-01,16878769
8.460265891963814e+03,8.444653466610529e+03,1.764705882352941e+00,16878747
8.461304782678555e+03,8.459540076796202e+03,5.882352941176471e-01,16878771
8.463069488560908e+03,8.460673410489799e+03,5.882352941176471e-01,16878772
8.463631466697805e+03,8.449817456368431e+03,1.764705882352941e+00,16878757
8.463631466697805e+03,8.448997544740465e+03,1.764705882352941e+00,16878756
8.465357498725799e+03,8.463592792843446e+03,5.882352941176471e-01,16878773
8.465640564707401e+03,8.463875858825048e+03,5.882352941176471e-01,16878774
8.465885166823971e+03,8.464120460941618e+03,5.882352941176471e-01,16878775
8.468452717291108e+03,8.466688011408755e+03,5.882352941176471e-01,16878776
8.470948508119524e+03,8.469183802237171e+03,5.882352941176471e-01,16878779
8.471453197440710e+03,8.467923785676005e+03,1.176470588235294e+00,16878778
8.472690639277651e+03,8.467396521630592e+03,1.764705882352941e+00,16878777
8.474032116588872e+03,8.472267410706519e+03,5.882352941176471e-01,16878780
8.474129256729368e+03,8.472364550847015e+03,5.882352941176471e-01,16878781
8.474455345160004e+03,8.472521384846717e+03,5.882352941176471e-01,16878782
8.475796822471224e+03,8.473022636389235e+03,5.882352941176471e-01,16878783
8.476722420065512e+03,8.474957714183159e+03,5.882352941176471e-01,16878784
8.482366594049077e+03,8.477072476402018e+03,1.764705882352941e+00,16878785
8.483939639246525e+03,8.481229813345999e+03,5.882352941176471e-01,16878788
8.484253011139996e+03,8.482224420687581e+03,5.882352941176471e-01,16878789
8.486501495018643e+03,8.482237350655153e+03,1.176470588235294e+00,16878790
8.488266200900996e+03,8.483247013884504e+03,1.176470588235294e+00,16878791
8.488266200900996e+03,8.480845310583857e+03,1.764705882352941e+00,16878787
8.488266200900996e+03,8.480410227481819e+03,1.764705882352941e+00,16878786
8.490030906783349e+03,8.487769909821967e+03,5.882352941176471e-01,16878793
8.490030906783349e+03,8.487132058869082e+03,5.882352941176471e-01,16878792
8.493893622750033e+03,8.488599505102974e+03,1.764705882352941e+00,16878794
8.496273311593302e+03,8.494508605710949e+03,5.882352941176471e-01,16878797
8.497211791094097e+03,8.495447085211744e+03,5.882352941176471e-01,16878798
8.498126896440927e+03,8.492832778793868e+03,1.764705882352941e+00,16878795
8.499031058870033e+03,8.496422101212939e+03,5.882352941176471e-01,16878799
8.499742894899639e+03,8.493622550871023e+03,1.764705882352941e+00,16878796
8.500343683537833e+03,8.497845871877020e+03,5.882352941176471e-01,16878802
8.500343683537833e+03,8.497320914881262e+03,5.882352941176471e-01,16878801
8.502804913593161e+03,8.501040207710808e+03,5.882352941176471e-01,16878803
8.503115527943731e+03,8.501350822061379e+03,5.882352941176471e-01,16878805
8.504702777979388e+03,8.501401908146995e+03,5.882352941176471e-01,16878806
8.506467483861741e+03,8.503929727099109e+03,5.882352941176471e-01,16878809
8.506644939708437e+03,8.501306524718557e+03,1.764705882352941e+00,16878804
8.508432184675569e+03,8.506469582116132e+03,5.882352941176471e-01,16878813
8.509996895626447e+03,8.507422651488648e+03,5.882352941176471e-01,16878816
8.509996895626447e+03,8.506690017877995e+03,5.882352941176471e-01,16878815
8.512407249473725e+03,8.510300647937197e+03,5.882352941176471e-01,16878821
8.513526307391153e+03,8.511081767418535e+03,5.882352941176471e-01,16878822
8.514079719932518e+03,8.503760797958010e+03,1.176470588235294e+00,16878808
8.515291013273506e+03,8.513493124766601e+03,5.882352941176471e-01,16878823
8.515844425814871e+03,8.502541373819317e+03,1.764705882352941e+00,16878807
8.516651954708863e+03,8.513803628602383e+03,5.882352941176471e-01,16878825
8.516651954708863e+03,8.513552782717023e+03,5.882352941176471e-01,16878824
8.518930262013169e+03,8.517165556130816e+03,5.882352941176471e-01,16878827
8.523268685793484e+03,8.517974568146425e+03,1.764705882352941e+00,16878828
8.523455565701034e+03,8.521690859818681e+03,5.882352941176471e-01,16878830
8.524566641057666e+03,8.519272523410607e+03,1.764705882352941e+00,16878829
8.526333935292188e+03,8.524569229409835e+03,5.882352941176471e-01,16878833
8.527396759433390e+03,8.525604236222390e+03,5.882352941176471e-01,16878834
8.528562803440542e+03,8.523202130008373e+03,1.764705882352941e+00,16878831
8.529863347056894e+03,8.523867347668684e+03,1.764705882352941e+00,16878832
8.532966271031292e+03,8.531201565148940e+03,5.882352941176471e-01,16878836
8.533017183620238e+03,8.527723065973179e+03,1.764705882352941e+00,16878835
8.536659389432550e+03,8.534894683550197e+03,5.882352941176471e-01,16878840
8.537634057922949e+03,8.532339940275890e+03,1.764705882352941e+00,16878837
8.538413916297082e+03,8.533003157879888e+03,1.764705882352941e+00,16878838
8.538911429560102e+03,8.536310536660816e+03,5.882352941176471e-01,16878842
8.542192084693298e+03,8.539721483643400e+03,5.882352941176471e-01,16878845
8.542845868366457e+03,8.533246618437979e+03,1.764705882352941e+00,16878839
8.544283682412230e+03,8.537698818997382e+03,1.764705882352941e+00,16878843
8.546048388294583e+03,8.544241561171810e+03,5.882352941176471e-01,16878852
8.547011383174430e+03,8.544840808188572e+03,5.882352941176471e-01,16878853
8.547787913312612e+03,8.543481971409724e+03,1.176470588235294e+00,16878849
8.547787913312612e+03,8.541360116609955e+03,1.176470588235294e+00,16878846
8.548829416478286e+03,8.547064710595933e+03,5.882352941176471e-01,16878854
8.549552619194965e+03,8.547288644442419e+03,5.882352941176471e-01,16878856
8.549552619194965e+03,8.547183670842269e+03,5.882352941176471e-01,16878855
8.550955723718978e+03,8.548699364259443e+03,5.882352941176471e-01,16878858
8.554485135483684e+03,8.548308686415229e+03,1.764705882352941e+00,16878857
8.556653423842722e+03,8.551359306195663e+03,1.764705882352941e+00,16878859
8.556917661215176e+03,8.555152955332823e+03,5.882352941176471e-01,16878861
8.559988035204426e+03,8.557107515102044e+03,5.882352941176471e-01,16878865
8.560447072979882e+03,8.554540766043327e+03,1.764705882352941e+00,16878860
8.561752741086779e+03,8.559432470282864e+03,5.882352941176471e-01,16878866
8.562079660176008e+03,8.555210815448508e+03,1.764705882352941e+00,16878862
8.565148765574477e+03,8.563384059692124e+03,5.882352941176471e-01,16878869
8.566232985101808e+03,8.560938867454749e+03,1.764705882352941e+00,16878867
8.566730594835996e+03,8.563732139360525e+03,5.882352941176471e-01,16878871
8.566730594835996e+03,8.563715228416559e+03,5.882352941176471e-01,16878870
8.568957219867850e+03,8.567192513985497e+03,5.882352941176471e-01,16878872
8.569762396866514e+03,8.563018306450456e+03,1.764705882352941e+00,16878868
8.570800972866874e+03,8.567967660377287e+03,5.882352941176471e-01,16878875
8.570800972866874e+03,8.567333483779570e+03,5.882352941176471e-01,16878874
8.572581194835944e+03,8.570816488953591e+03,5.882352941176471e-01,16878878
8.573291808631220e+03,8.567311084660503e+03,1.764705882352941e+00,16878873
8.574338142674938e+03,8.571311467597850e+03,5.882352941176471e-01,16878879
8.576821220395926e+03,8.572838296121568e+03,1.176470588235294e+00,16878881
8.577867554439644e+03,8.571529220755859e+03,1.764705882352941e+00,16878880
8.577867554439644e+03,8.570792002343765e+03,1.764705882352941e+00,16878877
8.579109093300138e+03,8.575267835440551e+03,5.882352941176471e-01,16878882
8.580015180794208e+03,8.578250474911855e+03,5.882352941176471e-01,16878884
8.581770530454445e+03,8.580005824572092e+03,5.882352941176471e-01,16878885
8.582638505064844e+03,8.576683647455433e+03,1.764705882352941e+00,16878883
8.585326323376593e+03,8.581796911611887e+03,1.176470588235294e+00,16878886
8.586657338624692e+03,8.584892632742339e+03,5.882352941176471e-01,16878888
8.587419615981355e+03,8.585654910099002e+03,5.882352941176471e-01,16878889
8.588422044507045e+03,8.586655628011101e+03,5.882352941176471e-01,16878890
8.589536038124278e+03,8.584241920477219e+03,1.764705882352941e+00,16878887
8.590340837467665e+03,8.588576131585312e+03,5.882352941176471e-01,16878892
8.592173292263122e+03,8.590408586380769e+03,5.882352941176471e-01,16878893
8.592713733628414e+03,8.587135735719018e+03,1.764705882352941e+00,16878891
8.592744754072054e+03,8.590980048189701e+03,5.882352941176471e-01,16878894
8.595085108177410e+03,8.593320402295057e+03,5.882352941176471e-01,16878896
8.595584118373520e+03,8.593819412491167e+03,5.882352941176471e-01,16878897
8.596500542473541e+03,8.592971130708836e+03,1.176470588235294e+00,16878895
8.599535365853781e+03,8.597770659971428e+03,5.882352941176471e-01,16878900
8.600512902648468e+03,8.595218785001409e+03,1.764705882352941e+00,16878898
8.600878236020579e+03,8.595574161045866e+03,1.764705882352941e+00,16878899
8.601313563110291e+03,8.597803542944981e+03,5.882352941176471e-01,16878901
8.603021172664174e+03,8.601256466781821e+03,5.882352941176471e-01,16878905
8.604414096479850e+03,8.602045412484959e+03,5.882352941176471e-01,16878908
8.604414096479850e+03,8.601567755953320e+03,5.882352941176471e-01,16878907
8.605039878236422e+03,8.603268367397172e+03,5.882352941176471e-01,16878909
8.607045903905172e+03,8.605281198022819e+03,5.882352941176471e-01,16878910
8.607943508244556e+03,8.601510466471716e+03,1.764705882352941e+00,16878906
8.607943508244556e+03,8.599555602915017e+03,1.764705882352941e+00,16878904
8.608966142010415e+03,8.605708104954163e+03,5.882352941176471e-01,16878911
8.609708214126909e+03,8.607822803633612e+03,5.882352941176471e-01,16878917
8.611472920009262e+03,8.607240319183784e+03,1.176470588235294e+00,16878916
8.612495553775120e+03,8.608105227331362e+03,1.176470588235294e+00,16878918
8.613853354622462e+03,8.612088648740109e+03,5.882352941176471e-01,16878920
8.616366982134041e+03,8.611072864486982e+03,1.764705882352941e+00,16878919
8.618334468571144e+03,8.613040350924086e+03,1.764705882352941e+00,16878921
8.619103365873493e+03,8.617338659991140e+03,5.882352941176471e-01,16878923
8.620122836323118e+03,8.618358130440765e+03,5.882352941176471e-01,16878924
8.620805867140205e+03,8.615511749493146e+03,1.764705882352941e+00,16878922
8.623841066076804e+03,8.622076360194452e+03,5.882352941176471e-01,16878926
8.624004035094396e+03,8.622239329212043e+03,5.882352941176471e-01,16878927
8.624650016132513e+03,8.619355898485454e+03,1.764705882352941e+00,16878925
8.629132095089940e+03,8.627367389207587e+03,5.882352941176471e-01,16878930
8.630596476334001e+03,8.628131249211452e+03,5.882352941176471e-01,16878932
8.631928907544612e+03,8.626224910204070e+03,1.176470588235294e+00,16878928
8.633693613426965e+03,8.627067064569295e+03,1.764705882352941e+00,16878929
8.634953463512288e+03,8.629154490068199e+03,1.764705882352941e+00,16878933
8.634953463512288e+03,8.627643197585175e+03,1.764705882352941e+00,16878931
8.636718169394641e+03,8.634385114978047e+03,5.882352941176471e-01,16878935
8.637223025191671e+03,8.632784894121541e+03,1.176470588235294e+00,16878934
8.641554798606553e+03,8.639790092724200e+03,5.882352941176471e-01,16878936
8.643364684374199e+03,8.641599978491846e+03,5.882352941176471e-01,16878937
8.644605397244491e+03,8.642840691362138e+03,5.882352941176471e-01,16878939
8.645619520405053e+03,8.643717573431080e+03,5.882352941176471e-01,16878942
8.646370103126844e+03,8.644102627838933e+03,5.882352941176471e-01,16878943
8.647227383477375e+03,8.642916034642250e+03,1.176470588235294e+00,16878940
8.647227383477375e+03,8.642090108640347e+03,1.176470588235294e+00,16878938
8.649001109865399e+03,8.647236403983046e+03,5.882352941176471e-01,16878944
8.651568001289220e+03,8.649579394980741e+03,5.882352941176471e-01,16878948
8.652883756115470e+03,8.647589638468411e+03,1.764705882352941e+00,16878945
8.654471844755141e+03,8.651845981923464e+03,5.882352941176471e-01,16878952
8.656236550637494e+03,8.654379274906138e+03,5.882352941176471e-01,16878953
8.656712468584244e+03,8.648259532908766e+03,1.764705882352941e+00,16878947
8.656712468584244e+03,8.648038589524514e+03,1.764705882352941e+00,16878946
8.658358194979910e+03,8.654577063831164e+03,5.882352941176471e-01,16878954
8.658358194979910e+03,8.656161101760400e+03,5.882352941176471e-01,16878956
8.660122900862262e+03,8.657878831577633e+03,5.882352941176471e-01,16878958
8.660244400456982e+03,8.658479694574629e+03,5.882352941176471e-01,16878959
8.661922825284861e+03,8.658620568735610e+03,5.882352941176471e-01,16878960
8.661958043825106e+03,8.651326165136247e+03,1.764705882352941e+00,16878951
8.664356335022632e+03,8.662591629140279e+03,5.882352941176471e-01,16878963
8.665894625754180e+03,8.664129919871827e+03,5.882352941176471e-01,16878964
8.666818798109937e+03,8.665054092227585e+03,5.882352941176471e-01,16878965
8.667297675202333e+03,8.662003557555274e+03,1.764705882352941e+00,16878962
8.668079461340473e+03,8.665126562422507e+03,5.882352941176471e-01,16878966
8.668583503992290e+03,8.666734885162059e+03,5.882352941176471e-01,16878968
8.669384174394382e+03,8.667619468512029e+03,5.882352941176471e-01,16878969
8.671760819381153e+03,8.669996113498800e+03,5.882352941176471e-01,16878972
8.673174961192551e+03,8.670908669158973e+03,5.882352941176471e-01,16878974
8.673174961192551e+03,8.670769609264802e+03,5.882352941176471e-01,16878973
8.673656234486251e+03,8.668362116839192e+03,1.764705882352941e+00,16878970
8.676704372957257e+03,8.669294985356890e+03,1.764705882352941e+00,16878971
8.677306084995493e+03,8.675541379113140e+03,5.882352941176471e-01,16878976
8.678469078839610e+03,8.672883137635048e+03,1.764705882352941e+00,16878975
8.680796732948355e+03,8.677267321183649e+03,1.176470588235294e+00,16878977
8.681084430252536e+03,8.677555018487830e+03,1.176470588235294e+00,16878978
8.682561438830708e+03,8.679689713468104e+03,5.882352941176471e-01,16878980
8.682993143061828e+03,8.681228437179475e+03,5.882352941176471e-01,16878981
8.684326144713061e+03,8.682209648232967e+03,5.882352941176471e-01,16878982
8.684754066183953e+03,8.679459948536894e+03,1.764705882352941e+00,16878979
8.686090850595414e+03,8.683631172964933e+03,5.882352941176471e-01,16878984
8.686685366821239e+03,8.684920660938886e+03,5.882352941176471e-01,16878985
8.687855556477767e+03,8.685238577062414e+03,5.882352941176471e-01,16878986
8.688361570116862e+03,8.683067452469803e+03,1.764705882352941e+00,16878983
8.689035167531856e+03,8.686339054402965e+03,5.882352941176471e-01,16878988
8.689035167531856e+03,8.686274880212990e+03,5.882352941176471e-01,16878987
8.690126275999215e+03,8.687950031004064e+03,5.882352941176471e-01,16878989
8.691592327564230e+03,8.689827621681877e+03,5.882352941176471e-01,16878990
8.691619214197566e+03,8.689854508315213e+03,5.882352941176471e-01,16878991
8.691890981881567e+03,8.689857272777380e+03,5.882352941176471e-01,16878992
8.693357033446583e+03,8.690859152991822e+03,5.882352941176471e-01,16878993
8.693430423519100e+03,8.691665717636747e+03,5.882352941176471e-01,16878994
8.695420393646273e+03,8.691675320247945e+03,1.176470588235294e+00,16878995
8.698487278468011e+03,8.696722572585658e+03,5.882352941176471e-01,16878997
8.699299592871638e+03,8.697534886989285e+03,5.882352941176471e-01,16878998
8.699534627909825e+03,8.694240510262766e+03,1.764705882352941e+00,16878996
8.700842612079620e+03,8.699077906197267e+03,5.882352941176471e-01,16878999
8.701645316190626e+03,8.699880610308273e+03,5.882352941176471e-01,16879001
8.703392150369087e+03,8.699862738604381e+03,1.176470588235294e+00,16879000
8.705810933209406e+03,8.704046227327053e+03,5.882352941176471e-01,16879002
8.709478716085427e+03,8.705949304320721e+03,1.176470588235294e+00,16879003
8.712254977382968e+03,8.706960859735909e+03,1.764705882352941e+00,16879004
8.712629207527823e+03,8.710446296019328e+03,5.882352941176471e-01,16879008
8.714206798337748e+03,8.709085729668672e+03,1.176470588235294e+00,16879006
8.714772833732485e+03,8.707335089880764e+03,1.764705882352941e+00,16879005
8.715971504220101e+03,8.709533629672234e+03,1.764705882352941e+00,16879007
8.719783933682176e+03,8.713462334653812e+03,1.764705882352941e+00,16879010
8.719783933682176e+03,8.713177167873135e+03,1.764705882352941e+00,16879009
8.721265621867160e+03,8.715342512828812e+03,1.764705882352941e+00,16879011
8.725632081772415e+03,8.720337964125357e+03,1.764705882352941e+00,16879012
8.725826986340605e+03,8.722819020384914e+03,5.882352941176471e-01,16879016
8.725826986340605e+03,8.722569809023667e+03,5.882352941176471e-01,16879015
8.727494239938863e+03,8.725003352687902e+03,5.882352941176471e-01,16879019
8.727494239938863e+03,8.724435810024776e+03,5.882352941176471e-01,16879018
8.730158770105024e+03,8.722257627096403e+03,1.764705882352941e+00,16879013
8.732788357585922e+03,8.727431730340030e+03,1.764705882352941e+00,16879020
8.735727472203762e+03,8.733102294595708e+03,5.882352941176471e-01,16879027
8.739696771905206e+03,8.728352935979165e+03,1.764705882352941e+00,16879021
8.739696771905206e+03,8.729911198428611e+03,1.764705882352941e+00,16879022
8.739696771905206e+03,8.730096022267228e+03,1.764705882352941e+00,16879023
8.741642973619183e+03,8.737283099154093e+03,5.882352941176471e-01,16879030
8.741642973619183e+03,8.737317035587773e+03,5.882352941176471e-01,16879031
8.741642973619183e+03,8.738246265334688e+03,5.882352941176471e-01,16879032
8.743407679501536e+03,8.741417228784498e+03,5.882352941176471e-01,16879035
8.745274584516098e+03,8.741714483273687e+03,5.882352941176471e-01,16879037
8.745274584516098e+03,8.742006404044850e+03,5.882352941176471e-01,16879039
8.747039290398451e+03,8.743816476030373e+03,5.882352941176471e-01,16879041
8.749789052606508e+03,8.734842542194886e+03,1.764705882352941e+00,16879029
8.749789052606508e+03,8.733595767025536e+03,1.764705882352941e+00,16879028
8.751249435929212e+03,8.748632129797498e+03,5.882352941176471e-01,16879044
8.751553758488861e+03,8.749578832848460e+03,5.882352941176471e-01,16879047
8.753318464371214e+03,8.746916345058939e+03,1.764705882352941e+00,16879042
8.754937122824087e+03,8.752190058417655e+03,5.882352941176471e-01,16879051
8.755160215296365e+03,8.753395509414012e+03,5.882352941176471e-01,16879055
8.756799193659427e+03,8.754136624976722e+03,5.882352941176471e-01,16879057
8.757705887838850e+03,8.751069532002296e+03,1.176470588235294e+00,16879048
8.759470593721203e+03,8.751284687460590e+03,1.764705882352941e+00,16879050
8.760781952513844e+03,8.753887280711991e+03,1.764705882352941e+00,16879056
8.760781952513844e+03,8.753242741623975e+03,1.764705882352941e+00,16879054
8.764473406733077e+03,8.762708700850724e+03,5.882352941176471e-01,16879060
8.764764711368262e+03,8.758495169271213e+03,1.764705882352941e+00,16879059
8.766595185254647e+03,8.764830479372294e+03,5.882352941176471e-01,16879062
8.768327101182614e+03,8.766562395300261e+03,5.882352941176471e-01,16879063
8.768900771812570e+03,8.763606654165511e+03,1.764705882352941e+00,16879061
8.768966658842281e+03,8.767201952959928e+03,5.882352941176471e-01,16879064
8.771179730198800e+03,8.769415024316447e+03,5.882352941176471e-01,16879065
8.774060868349768e+03,8.772296162467415e+03,5.882352941176471e-01,16879067
8.777331142325760e+03,8.773044879390401e+03,1.176470588235294e+00,16879069
8.777590280114474e+03,8.772037024678701e+03,1.764705882352941e+00,16879066
8.777790722599701e+03,8.772496604952642e+03,1.764705882352941e+00,16879068
8.779095848208113e+03,8.777137468644391e+03,5.882352941176471e-01,16879070
8.780645102501747e+03,8.778880396619394e+03,5.882352941176471e-01,16879071
8.780662032296187e+03,8.778897326413834e+03,5.882352941176471e-01,16879072
8.781880633684403e+03,8.780115927802050e+03,5.882352941176471e-01,16879073
8.784182979163673e+03,8.780267856538140e+03,1.176470588235294e+00,16879074
8.785947685046026e+03,8.784105780170285e+03,5.882352941176470e-01,16879078
8.785947685046026e+03,8.780508167039507e+03,1.764705882352941e+00,16879075
8.787459981904059e+03,8.784595864342424e+03,5.882352941176471e-01,16879079
8.787712390928379e+03,8.783719719389114e+03,1.176470588235294e+00,16879077
8.789392960469292e+03,8.786097850075207e+03,5.882352941176471e-01,16879080
8.789392960469292e+03,8.786488840805072e+03,5.882352941176471e-01,16879081
8.789477096810732e+03,8.782165864257000e+03,1.764705882352941e+00,16879076
8.791185711798791e+03,8.787907978601260e+03,5.882352941176471e-01,16879083
8.792950417681144e+03,8.791149995664227e+03,5.882352941176471e-01,16879087
8.792974234989863e+03,8.791209529107510e+03,5.882352941176471e-01,16879088
8.794715123563497e+03,8.791876421937496e+03,5.882352941176471e-01,16879090
8.796479829445850e+03,8.793825566173873e+03,5.882352941176471e-01,16879092
8.798244535328203e+03,8.788983078170136e+03,1.764705882352941e+00,16879085
8.798244535328203e+03,8.787934787932553e+03,1.764705882352941e+00,16879084
8.800183047974025e+03,8.797001249736256e+03,5.882352941176471e-01,16879093
8.800183047974025e+03,8.797345818412954e+03,5.882352941176471e-01,16879094
8.800356854737494e+03,8.790529280134204e+03,1.764705882352941e+00,16879086
8.801947753856378e+03,8.799537984902712e+03,5.882352941176471e-01,16879098
8.801947753856378e+03,8.798889523020483e+03,5.882352941176471e-01,16879097
8.804467002234597e+03,8.802702296352244e+03,5.882352941176471e-01,16879099
8.804825202957920e+03,8.803060497075567e+03,5.882352941176471e-01,16879100
8.805207683659969e+03,8.803442977777616e+03,5.882352941176471e-01,16879101
8.806580736554836e+03,8.804816030672484e+03,5.882352941176471e-01,16879102
8.806613928815691e+03,8.804849222933338e+03,5.882352941176471e-01,16879103
8.808362038567616e+03,8.805670659033178e+03,5.882352941176471e-01,16879106
8.808362038567616e+03,8.805347505121020e+03,5.882352941176471e-01,16879105
8.808815997352240e+03,8.806889159298501e+03,5.882352941176471e-01,16879107
8.810126744449969e+03,8.807917100700033e+03,5.882352941176471e-01,16879109
8.812345409116946e+03,8.805286585587534e+03,1.764705882352941e+00,16879104
8.813965700553398e+03,8.812200994671045e+03,5.882352941176471e-01,16879114
8.816190551073841e+03,8.807767899959516e+03,1.764705882352941e+00,16879108
8.817325037339268e+03,8.814311103101688e+03,5.882352941176471e-01,16879118
8.819089743221621e+03,8.816814996660192e+03,5.882352941176471e-01,16879119
8.819566581292517e+03,8.812973776574591e+03,1.764705882352941e+00,16879115
8.819566581292517e+03,8.811462305571668e+03,1.764705882352941e+00,16879113
8.823498196879314e+03,8.821733490996961e+03,5.882352941176471e-01,16879125
8.824437337166581e+03,8.817420425897840e+03,1.764705882352941e+00,16879120
8.824860698939575e+03,8.819161044952156e+03,1.764705882352941e+00,16879124
8.826319272215208e+03,8.823566113736150e+03,5.882352941176471e-01,16879130
8.826625404821928e+03,8.824613180915992e+03,5.882352941176471e-01,16879133
8.827078546286647e+03,8.825023568181222e+03,5.882352941176471e-01,16879134
8.828083978097561e+03,8.822510505194132e+03,1.176470588235294e+00,16879126
8.828424029422880e+03,8.826659323540527e+03,5.882352941176471e-01,16879135
8.832246960767794e+03,8.830482254885441e+03,5.882352941176471e-01,16879138
8.833716160186997e+03,8.828422042539938e+03,1.764705882352941e+00,16879136
8.834040097194949e+03,8.832275391312596e+03,5.882352941176471e-01,16879139
8.835627405496821e+03,8.832513166063580e+03,5.882352941176471e-01,16879140
8.835700675210557e+03,8.830406557563498e+03,1.764705882352941e+00,16879137
8.836730168402582e+03,8.834965462520229e+03,5.882352941176471e-01,16879143
8.837591464465078e+03,8.835826758582725e+03,5.882352941176471e-01,16879144
8.840179572059583e+03,8.838414866177230e+03,5.882352941176471e-01,16879145
8.843479862250173e+03,8.841715156367820e+03,5.882352941176471e-01,16879146
8.845049646766491e+03,8.843284940884138e+03,5.882352941176471e-01,16879147
8.846261618642271e+03,8.844496912759918e+03,5.882352941176471e-01,16879148
8.848370470812703e+03,8.846605764930350e+03,5.882352941176471e-01,16879150
8.850150699918143e+03,8.848385994035791e+03,5.882352941176471e-01,16879151
8.851368471331153e+03,8.846074353684094e+03,1.764705882352941e+00,16879149
8.852148149836464e+03,8.849729237505342e+03,5.882352941176471e-01,16879154
8.853912855718817e+03,8.852143193131027e+03,5.882352941176471e-01,16879156
8.854897883095859e+03,8.848735110089743e+03,1.764705882352941e+00,16879152
8.855677561601170e+03,8.849648131147861e+03,1.764705882352941e+00,16879153
8.855733710985264e+03,8.852322671245191e+03,5.882352941176471e-01,16879157
8.858486831194650e+03,8.854025154487004e+03,1.176470588235294e+00,16879159
8.860479350292301e+03,8.858714644409948e+03,5.882352941176471e-01,16879162
8.860971679248229e+03,8.855016955764030e+03,1.764705882352941e+00,16879161
8.864066799915502e+03,8.861365565422530e+03,5.882352941176471e-01,16879167
8.864501091012935e+03,8.858830720126938e+03,1.764705882352941e+00,16879163
8.867740975379352e+03,8.859638840395392e+03,1.764705882352941e+00,16879164
8.867740975379352e+03,8.859943458759821e+03,1.764705882352941e+00,16879165
8.867740975379352e+03,8.861180883950306e+03,1.764705882352941e+00,16879166
8.869505681261705e+03,8.865307278949921e+03,5.882352941176471e-01,16879169
8.869505681261705e+03,8.865249709702798e+03,5.882352941176471e-01,16879168
8.870015192524787e+03,8.868250486642434e+03,5.882352941176471e-01,16879170
8.874799798908764e+03,8.868478767912431e+03,1.764705882352941e+00,16879172
8.874799798908764e+03,8.868287251510165e+03,1.764705882352941e+00,16879171
8.876248468381684e+03,8.873221047385916e+03,5.882352941176471e-01,16879175
8.878013174264037e+03,8.876084804846524e+03,5.882352941176471e-01,16879176
8.878241122233594e+03,8.870866262294749e+03,1.764705882352941e+00,16879173
8.878329210673470e+03,8.872719056616978e+03,1.764705882352941e+00,16879174
8.879777880146390e+03,8.877179007540751e+03,5.882352941176471e-01,16879177
8.880119917951841e+03,8.878355212069489e+03,5.882352941176471e-01,16879178
8.883307291911096e+03,8.878616755475821e+03,1.176470588235294e+00,16879180
8.883539248556073e+03,8.881774542673721e+03,5.882352941176471e-01,16879181
8.883856297656013e+03,8.878562180008954e+03,1.764705882352941e+00,16879179
8.885071997793449e+03,8.881889990252246e+03,5.882352941176471e-01,16879182
8.887699918030170e+03,8.885935212147817e+03,5.882352941176471e-01,16879183
8.887945274385808e+03,8.886180568503455e+03,5.882352941176471e-01,16879184
8.891658342029006e+03,8.886364224381948e+03,1.764705882352941e+00,16879185
8.895798954573587e+03,8.892269542808881e+03,1.176470588235294e+00,16879187
8.896135684714000e+03,8.894370978831647e+03,5.882352941176471e-01,16879188
8.897260983383346e+03,8.891966865736287e+03,1.764705882352941e+00,16879186
8.898729433960637e+03,8.896964728078284e+03,5.882352941176471e-01,16879190
8.900109168245590e+03,8.898344462363237e+03,5.882352941176471e-01,16879191
8.901093072220646e+03,8.895225870272543e+03,1.764705882352941e+00,16879189
8.901234539609662e+03,8.899469833727309e+03,5.882352941176471e-01,16879192
8.904251427310410e+03,8.900722015545705e+03,1.176470588235294e+00,16879193
8.905505665743192e+03,8.903740959860839e+03,5.882352941176471e-01,16879194
8.908435740296309e+03,8.906671034413956e+03,5.882352941176471e-01,16879196
8.910363571926614e+03,8.905069454279555e+03,1.764705882352941e+00,16879195
8.911112935305141e+03,8.909348229422788e+03,5.882352941176471e-01,16879198
8.911768107138758e+03,8.909847900947766e+03,5.882352941176471e-01,16879199
8.912128277808967e+03,8.908238695374052e+03,1.176470588235294e+00,16879197
8.912877641187494e+03,8.910741920816417e+03,5.882352941176471e-01,16879200
8.914700201626385e+03,8.912935495744032e+03,5.882352941176471e-01,16879201
8.916254448721420e+03,8.914489742839067e+03,5.882352941176471e-01,16879202
8.916369265786218e+03,8.914604559903865e+03,5.882352941176471e-01,16879203
8.918736877787602e+03,8.916972171905249e+03,5.882352941176471e-01,16879205
8.919290839591256e+03,8.917526133708903e+03,5.882352941176471e-01,16879206
8.919480389223364e+03,8.915950977458658e+03,1.176470588235294e+00,16879204
8.920501583669955e+03,8.917893976853903e+03,5.882352941176471e-01,16879207
8.921055545473609e+03,8.919043261370387e+03,5.882352941176471e-01,16879208
8.922299320608516e+03,8.920534614726164e+03,5.882352941176471e-01,16879210
8.924567645164820e+03,8.922802939282468e+03,5.882352941176471e-01,16879211
8.924901602126666e+03,8.919607484479607e+03,1.764705882352941e+00,16879209
8.925610075476825e+03,8.923845369594472e+03,5.882352941176471e-01,16879212
8.929287419645289e+03,8.927522713762936e+03,5.882352941176471e-01,16879213
8.930301101721119e+03,8.928536395838766e+03,5.882352941176471e-01,16879215
8.932864012222581e+03,8.927569894575522e+03,1.764705882352941e+00,16879214
8.935667105791047e+03,8.930372988143988e+03,1.764705882352941e+00,16879216
8.935808189376380e+03,8.934043483494027e+03,5.882352941176471e-01,16879217
8.936781774727120e+03,8.935017068844767e+03,5.882352941176471e-01,16879218
8.937431811673400e+03,8.935248804408257e+03,5.882352941176471e-01,16879219
8.943799000846125e+03,8.942034294963772e+03,5.882352941176471e-01,16879220
8.943861708581694e+03,8.942097002699341e+03,5.882352941176471e-01,16879221
8.945563706728477e+03,8.943103180828125e+03,5.882352941176471e-01,16879223
8.945923069822399e+03,8.944158363940046e+03,5.882352941176471e-01,16879224
8.947372698753068e+03,8.945607992870715e+03,5.882352941176471e-01,16879225
8.947831507582043e+03,8.942537389934984e+03,1.764705882352941e+00,16879222
8.949294943111263e+03,8.947179652115122e+03,5.882352941176471e-01,16879228
8.949596213464395e+03,8.945769510149682e+03,1.176470588235294e+00,16879226
8.952824354875969e+03,8.946152583880215e+03,1.764705882352941e+00,16879227
8.954432960332334e+03,8.952668254449981e+03,5.882352941176471e-01,16879229
8.956197666214687e+03,8.954189752791429e+03,5.882352941176471e-01,16879232
8.956906920420351e+03,8.954912989474790e+03,5.882352941176471e-01,16879233
8.958931328998918e+03,8.957166623116565e+03,5.882352941176471e-01,16879234
8.959583451200883e+03,8.954145706775314e+03,1.764705882352941e+00,16879231
8.959583451200883e+03,8.953377508655646e+03,1.764705882352941e+00,16879230
8.961399399796826e+03,8.959634693914474e+03,5.882352941176471e-01,16879238
8.962723420567649e+03,8.960691657359435e+03,5.882352941176471e-01,16879239
8.963138484322384e+03,8.957773727291883e+03,1.176470588235294e+00,16879235
8.964488126450002e+03,8.962371833583893e+03,5.882352941176471e-01,16879240
8.964903190204737e+03,8.959456688606969e+03,1.764705882352941e+00,16879237
8.966676874584485e+03,8.964912168702132e+03,5.882352941176471e-01,16879241
8.967123443042313e+03,8.965358737159960e+03,5.882352941176471e-01,16879242
8.967571347680191e+03,8.965806641797838e+03,5.882352941176471e-01,16879243
8.969036859641423e+03,8.967272153759071e+03,5.882352941176471e-01,16879244
8.970526813463633e+03,8.968762107581280e+03,5.882352941176471e-01,16879245
8.970980933933342e+03,8.969216228050989e+03,5.882352941176471e-01,16879246
8.971562260498395e+03,8.969797554616042e+03,5.882352941176471e-01,16879247
8.972641713483510e+03,8.970877007601157e+03,5.882352941176471e-01,16879248
8.974984100205009e+03,8.973219394322656e+03,5.882352941176471e-01,16879251
8.976169985067708e+03,8.974224717750534e+03,5.882352941176471e-01,16879252
8.978274959038908e+03,8.972742288461042e+03,1.764705882352941e+00,16879250
8.978274959038908e+03,8.972640573303002e+03,1.764705882352941e+00,16879249
8.981238768882042e+03,8.979474062999689e+03,5.882352941176471e-01,16879254
8.981464102714767e+03,8.975514025111696e+03,1.764705882352941e+00,16879253
8.982392152638184e+03,8.980627446755831e+03,5.882352941176471e-01,16879255
8.983003474764395e+03,8.980792246835987e+03,5.882352941176471e-01,16879256
8.983355485322893e+03,8.981590779440540e+03,5.882352941176471e-01,16879257
8.984156858520537e+03,8.982306227854947e+03,5.882352941176471e-01,16879258
8.985378500098388e+03,8.983613794216035e+03,5.882352941176471e-01,16879259
8.989447189228011e+03,8.987682483345658e+03,5.882352941176471e-01,16879261
8.989650365879246e+03,8.987885659996893e+03,5.882352941176471e-01,16879262
8.989726938044829e+03,8.984432820397771e+03,1.764705882352941e+00,16879260
8.991659373799059e+03,8.989894667916706e+03,5.882352941176471e-01,16879263
8.994764160506799e+03,8.992999454624446e+03,5.882352941176471e-01,16879264
8.996730115411660e+03,8.994653735127174e+03,5.882352941176471e-01,16879268
8.996730115411660e+03,8.994430343787041e+03,5.882352941176471e-01,16879267
8.998297546333119e+03,8.995271440999247e+03,5.882352941176471e-01,16879269
9.002709311039001e+03,8.993401952669463e+03,1.764705882352941e+00,16879265
9.002709311039001e+03,8.994373584646624e+03,1.764705882352941e+00,16879266
9.002709311039001e+03,8.995421483212409e+03,1.764705882352941e+00,16879270
9.005125409777658e+03,9.000383010280060e+03,5.882352941176471e-01,16879273
9.005125409777658e+03,9.000950571660661e+03,5.882352941176471e-01,16879274
9.005125409777658e+03,9.001056059198240e+03,5.882352941176471e-01,16879275
9.006890115660011e+03,9.004337793179761e+03,5.882352941176471e-01,16879278
9.006890115660011e+03,9.004707020581319e+03,5.882352941176471e-01,16879280
9.009095998012952e+03,9.006464942601001e+03,5.882352941176471e-01,16879282
9.009095998012952e+03,9.006827170779477e+03,5.882352941176471e-01,16879283
9.010860703895305e+03,9.005802287292740e+03,1.176470588235294e+00,16879281
9.012625409777658e+03,9.004502858967788e+03,1.764705882352941e+00,16879279
9.012625409777658e+03,8.996976255830944e+03,1.764705882352941e+00,16879272
9.016154821542364e+03,9.013345136408448e+03,5.882352941176471e-01,16879290
9.016336766329922e+03,9.009819008857585e+03,1.764705882352941e+00,16879285
9.017987756720051e+03,9.015039239203071e+03,5.882352941176471e-01,16879291
9.018010499818496e+03,9.011133621076642e+03,1.764705882352941e+00,16879288
9.019018409141018e+03,9.017253703258665e+03,5.882352941176471e-01,16879295
9.019898815912594e+03,9.018134110030241e+03,5.882352941176471e-01,16879296
9.019911999118079e+03,9.018147293235726e+03,5.882352941176471e-01,16879297
9.022560135689050e+03,9.020795429806697e+03,5.882352941176471e-01,16879298
9.024926843345197e+03,9.023162137462844e+03,5.882352941176471e-01,16879299
9.026407986420849e+03,9.024643280538496e+03,5.882352941176471e-01,16879300
9.026989596026446e+03,9.025224890144093e+03,5.882352941176471e-01,16879301
9.029447564140388e+03,9.025918152375682e+03,1.176470588235294e+00,16879302
9.030865638906946e+03,9.028491204171765e+03,5.882352941176471e-01,16879307
9.034094291259481e+03,9.026433948905727e+03,1.764705882352941e+00,16879303
9.034094291259481e+03,9.026774699991158e+03,1.764705882352941e+00,16879304
9.034094291259481e+03,9.028037821854986e+03,1.764705882352941e+00,16879305
9.036020863735233e+03,9.034256157852880e+03,5.882352941176471e-01,16879308
9.037623703024187e+03,9.028439388743331e+03,1.764705882352941e+00,16879306
9.039550275499939e+03,9.035799936743456e+03,1.176470588235294e+00,16879310
9.040605993644264e+03,9.035311875997205e+03,1.764705882352941e+00,16879309
9.041624731568636e+03,9.039860025686283e+03,5.882352941176471e-01,16879311
9.044179679437586e+03,9.042414973555233e+03,5.882352941176471e-01,16879312
9.044720343124859e+03,9.042955637242506e+03,5.882352941176471e-01,16879313
9.046059643086302e+03,9.043200180497176e+03,5.882352941176471e-01,16879315
9.046485049007212e+03,9.044410194970313e+03,5.882352941176471e-01,16879317
9.047824348968655e+03,9.045284535653907e+03,5.882352941176471e-01,16879318
9.048264071595811e+03,9.046074956696929e+03,5.882352941176471e-01,16879319
9.048278388302058e+03,9.042984270655000e+03,1.764705882352941e+00,16879314
9.049589054851008e+03,9.047359817594125e+03,5.882352941176471e-01,16879321
9.050535201466175e+03,9.048770495583822e+03,5.882352941176471e-01,16879322
9.050580633933538e+03,9.048815928051185e+03,5.882352941176471e-01,16879323
9.051903818098561e+03,9.050139112216209e+03,5.882352941176471e-01,16879324
9.054061356703979e+03,9.052296650821626e+03,5.882352941176471e-01,16879325
9.055001801150668e+03,9.053237095268315e+03,5.882352941176471e-01,16879327
9.055826062586331e+03,9.053753722034502e+03,5.882352941176471e-01,16879328
9.057657983149052e+03,9.052363865501993e+03,1.764705882352941e+00,16879326
9.058900584853988e+03,9.057135878971635e+03,5.882352941176471e-01,16879329
9.061378678631663e+03,9.059613972749310e+03,5.882352941176471e-01,16879332
9.061680908935074e+03,9.059619598642107e+03,5.882352941176471e-01,16879333
9.062984143915135e+03,9.059938820218504e+03,5.882352941176471e-01,16879334
9.064748849797488e+03,9.062861431765597e+03,5.882352941176471e-01,16879337
9.064748849797488e+03,9.062429034389186e+03,5.882352941176471e-01,16879336
9.065584383426836e+03,9.058151497170368e+03,1.764705882352941e+00,16879330
9.066513555679841e+03,9.059966717436049e+03,1.176470588235294e+00,16879335
9.066513555679841e+03,9.064436602950262e+03,5.882352941176471e-01,16879338
9.068415179185207e+03,9.066650473302854e+03,5.882352941176471e-01,16879339
9.069803447505342e+03,9.068038741622989e+03,5.882352941176471e-01,16879340
9.074359155453974e+03,9.072594449571621e+03,5.882352941176471e-01,16879341
9.075362457118690e+03,9.073597751236337e+03,5.882352941176471e-01,16879342
9.076068243499029e+03,9.074303537616676e+03,5.882352941176471e-01,16879343
9.077549295978584e+03,9.075784590096231e+03,5.882352941176471e-01,16879344
9.079317167774915e+03,9.076494350985393e+03,5.882352941176471e-01,16879348
9.079317167774915e+03,9.076310620779453e+03,5.882352941176471e-01,16879347
9.081180145161113e+03,9.079415439278760e+03,5.882352941176471e-01,16879351
9.082135500484573e+03,9.076130303782466e+03,1.764705882352941e+00,16879346
9.082135500484573e+03,9.075788811314869e+03,1.764705882352941e+00,16879345
9.083956587448899e+03,9.082191881566546e+03,5.882352941176471e-01,16879353
9.084219088390949e+03,9.082454382508596e+03,5.882352941176471e-01,16879354
9.085721293331252e+03,9.083923198026209e+03,5.882352941176471e-01,16879356
9.087006183539190e+03,9.083288164466496e+03,1.176470588235294e+00,16879355
9.087748500155655e+03,9.081712065892131e+03,1.764705882352941e+00,16879352
9.089765248913965e+03,9.086235837149259e+03,1.176470588235294e+00,16879357
9.089987161004423e+03,9.088222455122070e+03,5.882352941176471e-01,16879358
9.092124048580435e+03,9.090359342698082e+03,5.882352941176471e-01,16879361
9.093430728544797e+03,9.091666022662444e+03,5.882352941176471e-01,16879362
9.093669129735011e+03,9.088375012087952e+03,1.764705882352941e+00,16879359
9.094542094444969e+03,9.091976339096273e+03,5.882352941176471e-01,16879364
9.094542094444969e+03,9.091846731192105e+03,5.882352941176471e-01,16879363
9.097198541499717e+03,9.095258919980604e+03,5.882352941176471e-01,16879367
9.097935438343548e+03,9.089699980520530e+03,1.764705882352941e+00,16879360
9.098517376795872e+03,9.095764713394603e+03,5.882352941176471e-01,16879368
9.102638172275593e+03,9.093903875291709e+03,1.764705882352941e+00,16879366
9.102638172275593e+03,9.093554179454771e+03,1.764705882352941e+00,16879365
9.104205750252941e+03,9.095923646400329e+03,1.764705882352941e+00,16879369
9.104624649654613e+03,9.100904388314653e+03,5.882352941176471e-01,16879372
9.106179905836130e+03,9.103121209146294e+03,5.882352941176471e-01,16879377
9.107944611718483e+03,9.105568299450615e+03,5.882352941176471e-01,16879378
9.108154061419319e+03,9.101197167276434e+03,1.764705882352941e+00,16879373
9.109709317600836e+03,9.103081715268928e+03,1.764705882352941e+00,16879376
9.112567485480058e+03,9.109038073715352e+03,1.176470588235294e+00,16879380
9.113238729365542e+03,9.107269201021866e+03,1.764705882352941e+00,16879379
9.113841317129549e+03,9.112076611247196e+03,5.882352941176471e-01,16879381
9.114585695700967e+03,9.112820989818614e+03,5.882352941176471e-01,16879382
9.115606023011902e+03,9.113362914465234e+03,5.882352941176471e-01,16879384
9.116768141130248e+03,9.114696417954127e+03,5.882352941176471e-01,16879386
9.118323977239137e+03,9.116293401908828e+03,5.882352941176471e-01,16879388
9.119135434776608e+03,9.113112978338555e+03,1.764705882352941e+00,16879383
9.120088683121490e+03,9.114114377427814e+03,1.176470588235294e+00,16879385
9.121853389003843e+03,9.115861388847023e+03,1.764705882352941e+00,16879387
9.122013650741704e+03,9.120248944859351e+03,5.882352941176471e-01,16879389
9.123618094886196e+03,9.121742313090800e+03,5.882352941176471e-01,16879391
9.123783217472703e+03,9.122018511590350e+03,5.882352941176471e-01,16879392
9.124975682016739e+03,9.122924985595796e+03,5.882352941176471e-01,16879393
9.127147506650901e+03,9.121446270252034e+03,1.764705882352941e+00,16879390
9.128035374957362e+03,9.126270669075009e+03,5.882352941176471e-01,16879395
9.130676918415607e+03,9.124721781733507e+03,1.764705882352941e+00,16879394
9.130687275776150e+03,9.128922569893797e+03,5.882352941176471e-01,16879397
9.131780605262919e+03,9.126404606266269e+03,1.764705882352941e+00,16879396
9.132448529204989e+03,9.130235796655841e+03,5.882352941176471e-01,16879399
9.133545311145272e+03,9.130806032557255e+03,5.882352941176471e-01,16879401
9.134213235087342e+03,9.132168841309453e+03,5.882352941176471e-01,16879403
9.135310017027625e+03,9.132735732141597e+03,5.882352941176471e-01,16879405
9.137742646852048e+03,9.131843941048133e+03,1.764705882352941e+00,16879402
9.137742646852048e+03,9.129390597821153e+03,1.764705882352941e+00,16879398
9.140518128739678e+03,9.138753422857325e+03,5.882352941176471e-01,16879408
9.140631489504311e+03,9.137102077739606e+03,1.176470588235294e+00,16879406
9.142459816499590e+03,9.140695110617237e+03,5.882352941176471e-01,16879409
9.143089253189083e+03,9.137795135542024e+03,1.764705882352941e+00,16879407
9.144431994318974e+03,9.141615781596306e+03,5.882352941176471e-01,16879412
9.144853959071436e+03,9.143063119268711e+03,5.882352941176471e-01,16879413
9.146196700201327e+03,9.144260386436615e+03,5.882352941176471e-01,16879414
9.146314730301618e+03,9.144550024419265e+03,5.882352941176471e-01,16879415
9.146618664953788e+03,9.144802950462914e+03,5.882352941176471e-01,16879416
9.148164980906062e+03,9.141110054491298e+03,1.176470588235294e+00,16879410
9.148383370836141e+03,9.146603849846092e+03,5.882352941176471e-01,16879418
9.149726111966032e+03,9.145303108085736e+03,1.176470588235294e+00,16879417
9.151678774858991e+03,9.149914068976639e+03,5.882352941176471e-01,16879420
9.151741666828327e+03,9.149976960945974e+03,5.882352941176471e-01,16879421
9.153474926726012e+03,9.150357550471682e+03,5.882352941176471e-01,16879422
9.153474926726012e+03,9.150809741962286e+03,5.882352941176471e-01,16879423
9.153584623135879e+03,9.148290505488820e+03,1.764705882352941e+00,16879419
9.155271774223644e+03,9.153507068341291e+03,5.882352941176471e-01,16879424
9.157310275016300e+03,9.155545569133947e+03,5.882352941176471e-01,16879425
9.162442066968693e+03,9.160677361086340e+03,5.882352941176471e-01,16879427
9.162907406303657e+03,9.157613288656598e+03,1.764705882352941e+00,16879426
9.164439442518528e+03,9.162114240080626e+03,5.882352941176471e-01,16879429
9.165592401928592e+03,9.162062990163887e+03,1.176470588235294e+00,16879428
9.166204148400881e+03,9.162300323287587e+03,1.176470588235294e+00,16879430
9.166204148400881e+03,9.164124124670777e+03,5.882352941176471e-01,16879431
9.168508742493716e+03,9.166744036611363e+03,5.882352941176471e-01,16879432
9.171665998010939e+03,9.169901292128586e+03,5.882352941176471e-01,16879435
9.173430703893292e+03,9.171662119355645e+03,5.882352941176471e-01,16879437
9.174375083339860e+03,9.170031000673181e+03,1.176470588235294e+00,16879436
9.174905993477007e+03,9.169080965692801e+03,1.764705882352941e+00,16879433
9.175347402895278e+03,9.173582697012925e+03,5.882352941176471e-01,16879438
9.177683532185381e+03,9.175918826303028e+03,5.882352941176471e-01,16879440
9.177904495104566e+03,9.174062960207511e+03,1.176470588235294e+00,16879439
9.178590116250095e+03,9.176825410367742e+03,5.882352941176471e-01,16879441
9.183125410584296e+03,9.181360704701943e+03,5.882352941176471e-01,16879443
9.185459765538614e+03,9.183695059656261e+03,5.882352941176471e-01,16879444
9.186039440164529e+03,9.180745322517470e+03,1.764705882352941e+00,16879442
9.187255594170338e+03,9.184465430945195e+03,5.882352941176471e-01,16879446
9.189535960654214e+03,9.187518778313356e+03,5.882352941176471e-01,16879450
9.189568851929234e+03,9.184241843007155e+03,1.764705882352941e+00,16879445
9.191128779669393e+03,9.188181613180261e+03,5.882352941176471e-01,16879452
9.191128779669393e+03,9.187853279336588e+03,5.882352941176471e-01,16879451
9.191333557811587e+03,9.189539502275703e+03,5.882352941176471e-01,16879454
9.193758909877991e+03,9.191994203995638e+03,5.882352941176471e-01,16879455
9.194658191434098e+03,9.186774423494012e+03,1.764705882352941e+00,16879449
9.194658191434098e+03,9.185522011037356e+03,1.764705882352941e+00,16879448
9.195973256538398e+03,9.192531260125622e+03,5.882352941176471e-01,16879456
9.198258293462458e+03,9.196493587580105e+03,5.882352941176471e-01,16879459
9.199502668303104e+03,9.193031107482676e+03,1.764705882352941e+00,16879457
9.199704533237511e+03,9.196983021427487e+03,5.882352941176471e-01,16879460
9.201787705227164e+03,9.196175121472805e+03,1.764705882352941e+00,16879458
9.203737612271069e+03,9.201972906388716e+03,5.882352941176471e-01,16879462
9.205505123106722e+03,9.203740417224370e+03,5.882352941176471e-01,16879463
9.205724129857146e+03,9.203959423974793e+03,5.882352941176471e-01,16879464
9.206198906557489e+03,9.200904788910431e+03,1.764705882352941e+00,16879461
9.207379332364287e+03,9.204834577008355e+03,5.882352941176471e-01,16879465
9.207963612439842e+03,9.206180802893699e+03,5.882352941176471e-01,16879467
9.209144038246640e+03,9.205340267844530e+03,1.176470588235294e+00,16879466
9.213288834153246e+03,9.211524128270893e+03,5.882352941176471e-01,16879469
9.213926153867804e+03,9.208632036220746e+03,1.764705882352941e+00,16879468
9.215291006002086e+03,9.213526300119733e+03,5.882352941176471e-01,16879471
9.216462173081843e+03,9.214697467199490e+03,5.882352941176471e-01,16879472
9.218756323318153e+03,9.213462205671094e+03,1.764705882352941e+00,16879470
9.219393329257654e+03,9.216819636300934e+03,5.882352941176471e-01,16879476
9.220170316456094e+03,9.217884378494207e+03,5.882352941176471e-01,16879478
9.222604238052609e+03,9.216233246624490e+03,1.764705882352941e+00,16879474
9.222604238052609e+03,9.215608162374042e+03,1.764705882352941e+00,16879473
9.225023895151386e+03,9.223259189269033e+03,5.882352941176471e-01,16879480
9.225464434103153e+03,9.220133617740018e+03,1.764705882352941e+00,16879479
9.227082293668250e+03,9.224664657487543e+03,5.882352941176471e-01,16879483
9.228846999550603e+03,9.225774148578637e+03,5.882352941176471e-01,16879485
9.229086632239050e+03,9.223792514591991e+03,1.764705882352941e+00,16879481
9.230611705432956e+03,9.223992320877086e+03,1.764705882352941e+00,16879482
9.232328084466734e+03,9.230563378584381e+03,5.882352941176471e-01,16879487
9.233731279250254e+03,9.231966573367901e+03,5.882352941176471e-01,16879488
9.234141117197662e+03,9.228345168976642e+03,1.764705882352941e+00,16879486
9.237027238266804e+03,9.235262532384451e+03,5.882352941176471e-01,16879490
9.238472092122452e+03,9.233177974475393e+03,1.764705882352941e+00,16879489
9.238791944149157e+03,9.236579744666150e+03,5.882352941176471e-01,16879492
9.241170547215046e+03,9.235876429567987e+03,1.764705882352941e+00,16879491
9.241226319660637e+03,9.239461613778284e+03,5.882352941176471e-01,16879494
9.242127751820965e+03,9.240363045938612e+03,5.882352941176471e-01,16879495
9.244028969236183e+03,9.242264263353830e+03,5.882352941176471e-01,16879496
9.244573711045944e+03,9.238067206108391e+03,1.764705882352941e+00,16879493
9.245120882937038e+03,9.243356177054685e+03,5.882352941176471e-01,16879497
9.246121322194202e+03,9.244356616311849e+03,5.882352941176471e-01,16879498
9.249650733958907e+03,9.247567931446259e+03,5.882352941176471e-01,16879502
9.249867828693003e+03,9.244519831796393e+03,1.764705882352941e+00,16879499
9.250534423123452e+03,9.245240305476393e+03,1.764705882352941e+00,16879500
9.251525967228351e+03,9.248831397886704e+03,5.882352941176471e-01,16879503
9.251632534575356e+03,9.249816525039543e+03,5.882352941176471e-01,16879506
9.252299129005805e+03,9.250277776224663e+03,5.882352941176471e-01,16879507
9.253290673110704e+03,9.245981972854881e+03,1.176470588235294e+00,16879501
9.257758719692987e+03,9.255994013810635e+03,5.882352941176471e-01,16879509
9.257973825841451e+03,9.256209119959098e+03,5.882352941176471e-01,16879510
9.261179019889863e+03,9.255483420439246e+03,1.764705882352941e+00,16879508
9.262651355536488e+03,9.257357237889429e+03,1.764705882352941e+00,16879511
9.262867631616246e+03,9.260526184698953e+03,5.882352941176471e-01,16879513
9.264708431654569e+03,9.259338219851540e+03,1.764705882352941e+00,16879512
9.266288905341073e+03,9.262980749351160e+03,5.882352941176471e-01,16879516
9.267263374380174e+03,9.261390607910863e+03,1.176470588235294e+00,16879514
9.268183587721425e+03,9.266418881839072e+03,5.882352941176471e-01,16879518
9.269028080262527e+03,9.266465363507905e+03,5.882352941176470e-01,16879519
9.269028080262527e+03,9.262659337203457e+03,1.764705882352941e+00,16879515
9.271583022988132e+03,9.263765108023705e+03,1.764705882352941e+00,16879517
9.276669608797770e+03,9.271375491150711e+03,1.764705882352941e+00,16879520
9.277653721258154e+03,9.275381018434980e+03,5.882352941176471e-01,16879526
9.277653721258154e+03,9.275057150480509e+03,5.882352941176471e-01,16879525
9.278684815206054e+03,9.276920109323701e+03,5.882352941176471e-01,16879527
9.279769035223652e+03,9.272159248581365e+03,1.176470588235294e+00,16879521
9.281533741106004e+03,9.272559958640826e+03,1.764705882352941e+00,16879522
9.283298446988357e+03,9.281079825364648e+03,5.882352941176471e-01,16879531
9.283699191042723e+03,9.281769138122291e+03,5.882352941176471e-01,16879532
9.285263524897893e+03,9.282728224278477e+03,5.882352941176471e-01,16879534
9.285263524897893e+03,9.282483944528397e+03,5.882352941176471e-01,16879533
9.285743638735466e+03,9.278480187687409e+03,1.764705882352941e+00,16879528
9.287028230780246e+03,9.283999085214161e+03,5.882352941176471e-01,16879535
9.289915346522562e+03,9.280590751224272e+03,1.764705882352941e+00,16879530
9.289915346522562e+03,9.280169779278018e+03,1.764705882352941e+00,16879529
9.290557642544952e+03,9.284790097725682e+03,1.764705882352941e+00,16879536
9.295423562843751e+03,9.287794317652616e+03,1.764705882352941e+00,16879537
9.295423562843751e+03,9.288102891680439e+03,1.764705882352941e+00,16879538
9.295423562843751e+03,9.289744417339076e+03,1.764705882352941e+00,16879539
9.297484961831107e+03,9.292370005813195e+03,5.882352941176471e-01,16879540
9.297484961831107e+03,9.292465863768953e+03,5.882352941176471e-01,16879541
9.297484961831107e+03,9.293073478959097e+03,5.882352941176471e-01,16879542
9.299629250754848e+03,9.297864544872495e+03,5.882352941176471e-01,16879546
9.302968870998860e+03,9.296787583381674e+03,1.764705882352941e+00,16879545
9.302968870998860e+03,9.296610335263764e+03,1.764705882352941e+00,16879544
9.304543785360519e+03,9.298828327484169e+03,1.764705882352941e+00,16879547
9.306003524439638e+03,9.304238818557285e+03,5.882352941176471e-01,16879549
9.306438986222364e+03,9.304393650685491e+03,5.882352941176471e-01,16879551
9.306438986222364e+03,9.304268943912309e+03,5.882352941176471e-01,16879550
9.309532936204344e+03,9.307726931104361e+03,5.882352941176471e-01,16879555
9.309968397987070e+03,9.302974821947405e+03,1.764705882352941e+00,16879548
9.312013276602621e+03,9.305110359478838e+03,1.764705882352941e+00,16879553
9.313452329832442e+03,9.311275177448965e+03,5.882352941176471e-01,16879559
9.313452329832442e+03,9.310924978783224e+03,5.882352941176471e-01,16879558
9.315217035714795e+03,9.313275827035217e+03,5.882352941176471e-01,16879561
9.316173963583625e+03,9.308764037571113e+03,1.764705882352941e+00,16879556
9.316392259410880e+03,9.314627553528527e+03,5.882352941176471e-01,16879562
9.316981741597147e+03,9.315195371108132e+03,5.882352941176471e-01,16879563
9.317938669465978e+03,9.315396459159646e+03,5.882352941176471e-01,16879564
9.318717548997454e+03,9.316952843115101e+03,5.882352941176471e-01,16879565
9.319274957713807e+03,9.317510251831454e+03,5.882352941176471e-01,16879566
9.321999059710617e+03,9.320234353828264e+03,5.882352941176471e-01,16879568
9.323376181615161e+03,9.318082063968103e+03,1.764705882352941e+00,16879567
9.323833536151078e+03,9.320658166844904e+03,5.882352941176471e-01,16879570
9.324624363674237e+03,9.322218629358781e+03,5.882352941176471e-01,16879576
9.324624363674237e+03,9.322086272908252e+03,5.882352941176471e-01,16879575
9.326389069556590e+03,9.324060346839235e+03,5.882352941176471e-01,16879578
9.328153775438943e+03,9.320578428086254e+03,1.764705882352941e+00,16879569
9.329918481321296e+03,9.327960671480170e+03,5.882352941176471e-01,16879583
9.329918481321296e+03,9.327498069134983e+03,5.882352941176471e-01,16879582
9.333250186205212e+03,9.323637874163302e+03,1.764705882352941e+00,16879577
9.333250186205212e+03,9.325395975422210e+03,1.764705882352941e+00,16879579
9.333250186205212e+03,9.326324513267015e+03,1.764705882352941e+00,16879580
9.335359442546513e+03,9.330565233348783e+03,5.882352941176471e-01,16879584
9.335359442546513e+03,9.331886969093100e+03,5.882352941176471e-01,16879586
9.337124148428866e+03,9.335275858156746e+03,5.882352941176471e-01,16879591
9.338888854311219e+03,9.336668146575294e+03,5.882352941176471e-01,16879593
9.341043681170621e+03,9.339278975288268e+03,5.882352941176471e-01,16879597
9.342347289692479e+03,9.331009482559409e+03,1.764705882352941e+00,16879585
9.342418266075925e+03,9.340294727510600e+03,5.882352941176471e-01,16879598
9.342808387052974e+03,9.341036120071900e+03,5.882352941176471e-01,16879599
9.344111995574832e+03,9.342304462829948e+03,5.882352941176471e-01,16879600
9.346160482425016e+03,9.335430418929958e+03,1.764705882352941e+00,16879592
9.346160482425016e+03,9.333939287123108e+03,1.764705882352941e+00,16879590
9.347641407339538e+03,9.338088624194872e+03,1.764705882352941e+00,16879596
9.347925188307369e+03,9.345457799864664e+03,5.882352941176471e-01,16879601
9.349689894189722e+03,9.345913779631094e+03,1.176470588235294e+00,16879602
9.351312709588160e+03,9.349213645383347e+03,5.882352941176471e-01,16879606
9.351312709588160e+03,9.349118526912725e+03,5.882352941176471e-01,16879605
9.353642835517326e+03,9.347162125000270e+03,1.176470588235294e+00,16879603
9.355407541399679e+03,9.348759406840367e+03,1.764705882352941e+00,16879604
9.356606827235218e+03,9.349748287131098e+03,1.764705882352941e+00,16879607
9.358371533117571e+03,9.356281847511451e+03,5.882352941176471e-01,16879612
9.358936953164385e+03,9.356851885337181e+03,5.882352941176471e-01,16879613
9.359374106220271e+03,9.350833574876147e+03,1.764705882352941e+00,16879609
9.361959971257625e+03,9.353812900442523e+03,1.176470588235294e+00,16879611
9.363752346344006e+03,9.361987640461653e+03,5.882352941176471e-01,16879624
9.364521296317288e+03,9.362682129075944e+03,5.882352941176471e-01,16879625
9.365540655532486e+03,9.363775949650133e+03,5.882352941176471e-01,16879627
9.366286002199641e+03,9.364288741496141e+03,5.882352941176471e-01,16879628
9.366585596987654e+03,9.364820891105302e+03,5.882352941176471e-01,16879629
9.368250437940670e+03,9.366011621869198e+03,5.882352941176471e-01,16879630
9.369267089088944e+03,9.357201196834455e+03,1.764705882352941e+00,16879614
9.370015143823023e+03,9.368083729251098e+03,5.882352941176471e-01,16879634
9.370015143823023e+03,9.367424655335413e+03,5.882352941176471e-01,16879633
9.371031794971297e+03,9.368435340311463e+03,5.882352941176471e-01,16879635
9.374052881161866e+03,9.360577663439697e+03,1.764705882352941e+00,16879622
9.374052881161866e+03,9.360632840725692e+03,1.764705882352941e+00,16879623
9.374052881161866e+03,9.362887945582634e+03,1.764705882352941e+00,16879626
9.376141747662513e+03,9.374377041780160e+03,5.882352941176471e-01,16879637
9.379110695075619e+03,9.377345989193266e+03,5.882352941176471e-01,16879638
9.379346998808924e+03,9.373216848561765e+03,1.764705882352941e+00,16879636
9.383813385585823e+03,9.382048679703470e+03,5.882352941176471e-01,16879641
9.385330851117095e+03,9.380036733470036e+03,1.764705882352941e+00,16879639
9.385718771551138e+03,9.380424653904080e+03,1.764705882352941e+00,16879640
9.389213013295104e+03,9.382583006674455e+03,1.764705882352941e+00,16879642
9.390525608333300e+03,9.388760902450947e+03,5.882352941176471e-01,16879647
9.392290314215653e+03,9.387994922576760e+03,1.176470588235294e+00,16879646
9.393015732641814e+03,9.390824747865612e+03,5.882352941176471e-01,16879650
9.394055020098006e+03,9.392205272374987e+03,5.882352941176471e-01,16879651
9.394780438524167e+03,9.392961023456313e+03,5.882352941176471e-01,16879652
9.395257561331930e+03,9.388994223514039e+03,1.764705882352941e+00,16879648
9.395845305350555e+03,9.393566424048999e+03,5.882352941176471e-01,16879653
9.400074556171226e+03,9.394106178838398e+03,1.764705882352941e+00,16879655
9.400116073049180e+03,9.398351367166827e+03,5.882352941176471e-01,16879657
9.400676803997551e+03,9.398503076709899e+03,5.882352941176471e-01,16879658
9.403603967935932e+03,9.397147392232845e+03,1.764705882352941e+00,16879656
9.405073274899405e+03,9.403072945209224e+03,5.882352941176471e-01,16879662
9.406837980781758e+03,9.404404084505316e+03,5.882352941176471e-01,16879663
9.406891149830984e+03,9.405126443948631e+03,5.882352941176471e-01,16879664
9.407533437985330e+03,9.401468425276482e+03,1.764705882352941e+00,16879659
9.410367392546464e+03,9.402754141541088e+03,1.764705882352941e+00,16879661
9.412132098428817e+03,9.406200022428303e+03,1.764705882352941e+00,16879665
9.414259576035186e+03,9.412494870152833e+03,5.882352941176471e-01,16879667
9.414804368680785e+03,9.413039662798432e+03,5.882352941176471e-01,16879668
9.416043207713549e+03,9.410749090066490e+03,1.764705882352941e+00,16879666
9.417798450697897e+03,9.415681565943597e+03,5.882352941176471e-01,16879672
9.417807913595902e+03,9.413718055143694e+03,1.176470588235294e+00,16879669
9.420447001181929e+03,9.418682295299576e+03,5.882352941176471e-01,16879673
9.420691847936306e+03,9.415397730289247e+03,1.764705882352941e+00,16879671
9.422791262185763e+03,9.420698298955997e+03,5.882352941176471e-01,16879677
9.426015919454274e+03,9.419261850421057e+03,1.764705882352941e+00,16879674
9.426015919454274e+03,9.420076207659411e+03,1.764705882352941e+00,16879675
9.426015919454274e+03,9.420085650453485e+03,1.764705882352941e+00,16879676
9.427780625336627e+03,9.423019994485869e+03,5.882352941176471e-01,16879678
9.427780625336627e+03,9.425094630564456e+03,5.882352941176471e-01,16879680
9.430141877140678e+03,9.428377171258325e+03,5.882352941176471e-01,16879682
9.431310037101333e+03,9.429454881555433e+03,5.882352941176470e-01,16879683
9.431310037101333e+03,9.424323983934345e+03,1.764705882352941e+00,16879679
9.433671288905383e+03,9.426825327022442e+03,1.764705882352941e+00,16879681
9.434389794237493e+03,9.432625088355140e+03,5.882352941176471e-01,16879685
9.436254895779092e+03,9.434490189896739e+03,5.882352941176471e-01,16879686
9.436301536529047e+03,9.434536830646695e+03,5.882352941176471e-01,16879687
9.436718115640869e+03,9.431423997993810e+03,1.764705882352941e+00,16879684
9.439144532695028e+03,9.437379826812676e+03,5.882352941176471e-01,16879689
9.439374561436498e+03,9.437609855554146e+03,5.882352941176471e-01,16879690
9.439784307543798e+03,9.435856116707676e+03,1.176470588235294e+00,16879688
9.440909238577381e+03,9.438813636108651e+03,5.882352941176471e-01,16879691
9.442730948464930e+03,9.440966242582577e+03,5.882352941176471e-01,16879694
9.444668679083557e+03,9.439151677412428e+03,1.764705882352941e+00,16879692
9.446081245040631e+03,9.440787127393572e+03,1.764705882352941e+00,16879693
9.446526631035039e+03,9.443665940106461e+03,5.882352941176471e-01,16879696
9.447383290789176e+03,9.444855171221815e+03,5.882352941176471e-01,16879698
9.450314534420203e+03,9.448549828537850e+03,5.882352941176471e-01,16879702
9.450885984328151e+03,9.443391218890662e+03,1.764705882352941e+00,16879695
9.453144790613208e+03,9.446553349260770e+03,1.764705882352941e+00,16879700
9.453144790613208e+03,9.445004055673346e+03,1.764705882352941e+00,16879699
9.454415396092857e+03,9.447208982070955e+03,1.764705882352941e+00,16879701
9.454909496495561e+03,9.451841555369564e+03,5.882352941176471e-01,16879704
9.454909496495561e+03,9.451369439714194e+03,5.882352941176471e-01,16879703
9.457785467467359e+03,9.456020761585006e+03,5.882352941176471e-01,16879705
9.459036918722854e+03,9.457272212840501e+03,5.882352941176471e-01,16879706
9.460298191525745e+03,9.458533485643392e+03,5.882352941176471e-01,16879707
9.460878568191699e+03,9.459113862309347e+03,5.882352941176471e-01,16879708
9.462370432397231e+03,9.460605726514878e+03,5.882352941176471e-01,16879709
9.462667771582015e+03,9.460903065699663e+03,5.882352941176471e-01,16879711
9.464298399064925e+03,9.460955095097018e+03,5.882352941176471e-01,16879712
9.467711522828879e+03,9.460823407562000e+03,1.764705882352941e+00,16879710
9.467827810829631e+03,9.461037453197548e+03,1.764705882352941e+00,16879713
9.468078177229826e+03,9.462784059582768e+03,1.764705882352941e+00,16879716
9.469534372711608e+03,9.464736193106585e+03,5.882352941176471e-01,16879717
9.471299078593961e+03,9.466759583570301e+03,1.176470588235294e+00,16879718
9.471975469917716e+03,9.470210764035363e+03,5.882352941176471e-01,16879721
9.473082072127676e+03,9.471317366245323e+03,5.882352941176471e-01,16879723
9.477189795124213e+03,9.468384553363810e+03,1.764705882352941e+00,16879719
9.478723127407811e+03,9.476532765351773e+03,5.882352941176471e-01,16879728
9.478765793703312e+03,9.468722771783901e+03,1.764705882352941e+00,16879720
9.480509166437915e+03,9.477420411434539e+03,5.882352941176471e-01,16879729
9.480509166437915e+03,9.478523337855836e+03,5.882352941176471e-01,16879730
9.480719206888919e+03,9.475193715643105e+03,1.764705882352941e+00,16879727
9.482343885803936e+03,9.478863046115828e+03,5.882352941176471e-01,16879731
9.482343885803936e+03,9.479954110506080e+03,5.882352941176471e-01,16879732
9.482343885803936e+03,9.480022672899590e+03,5.882352941176471e-01,16879733
9.484108591686289e+03,9.481860974433294e+03,5.882352941176471e-01,16879735
9.485873297568642e+03,9.482633605741736e+03,5.882352941176471e-01,16879738
9.487638003450994e+03,9.485022412814097e+03,5.882352941176471e-01,16879741
9.491196969918986e+03,9.488577383276080e+03,5.882352941176471e-01,16879745
9.491857172732871e+03,9.481751689412636e+03,1.764705882352941e+00,16879734
9.492961675801339e+03,9.489844226298594e+03,5.882352941176471e-01,16879747
9.493621878615224e+03,9.491288986093668e+03,5.882352941176471e-01,16879749
9.496931222775302e+03,9.484572394852864e+03,1.764705882352941e+00,16879740
9.496931222775302e+03,9.486300263465714e+03,1.764705882352941e+00,16879742
9.496931222775302e+03,9.487627702758036e+03,1.764705882352941e+00,16879743
9.498797545377054e+03,9.494051835365497e+03,5.882352941176471e-01,16879750
9.498797545377054e+03,9.494435172662587e+03,5.882352941176471e-01,16879751
9.498797545377054e+03,9.495227601263675e+03,5.882352941176471e-01,16879752
9.500562251259407e+03,9.497337689652898e+03,5.882352941176471e-01,16879754
9.504289884159337e+03,9.502457457608139e+03,5.882352941176471e-01,16879762
9.505856368906465e+03,9.497525711529381e+03,1.176470588235294e+00,16879755
9.505856368906465e+03,9.503256628332162e+03,5.882352941176471e-01,16879763
9.507621074788818e+03,9.497809744152595e+03,1.764705882352941e+00,16879756
9.508679898318230e+03,9.499369299827166e+03,1.176470588235294e+00,16879757
9.510444604200583e+03,9.500760472394631e+03,1.764705882352941e+00,16879759
9.510444604200583e+03,9.500282443383358e+03,1.764705882352941e+00,16879758
9.510536083260164e+03,9.508771377377811e+03,5.882352941176471e-01,16879764
9.512361723918752e+03,9.510597018036399e+03,5.882352941176471e-01,16879765
9.513391819287508e+03,9.511627113405155e+03,5.882352941176471e-01,16879766
9.514024713810120e+03,9.512260007927767e+03,5.882352941176471e-01,16879767
9.515630723084527e+03,9.513866017202174e+03,5.882352941176471e-01,16879768
9.517350533281350e+03,9.515585827398997e+03,5.882352941176471e-01,16879770
9.517872311976096e+03,9.514342900211390e+03,1.176470588235294e+00,16879769
9.519553389665581e+03,9.517623916662088e+03,5.882352941176471e-01,16879773
9.519637017858448e+03,9.517812563212336e+03,5.882352941176471e-01,16879774
9.520879945046056e+03,9.518577009476738e+03,5.882352941176471e-01,16879775
9.521318095547934e+03,9.519521507537173e+03,5.882352941176471e-01,16879776
9.523787893216958e+03,9.517033775277890e+03,1.764705882352941e+00,16879772
9.523787893216958e+03,9.516023977900875e+03,1.764705882352941e+00,16879771
9.525552599099311e+03,9.522645611837472e+03,5.882352941176471e-01,16879778
9.527764592630824e+03,9.522470474983766e+03,1.764705882352941e+00,16879777
9.529408433408741e+03,9.526287550272837e+03,5.882352941176471e-01,16879781
9.531220912126873e+03,9.528313222087516e+03,5.882352941176471e-01,16879782
9.531268684962653e+03,9.525949247882717e+03,1.764705882352941e+00,16879780
9.531268684962653e+03,9.525879021644035e+03,1.764705882352941e+00,16879779
9.533727672013177e+03,9.531962966130824e+03,5.882352941176471e-01,16879784
9.535611265092510e+03,9.532081853327804e+03,1.176470588235294e+00,16879785
9.535796838901504e+03,9.534032133019151e+03,5.882352941176471e-01,16879787
9.537547854866597e+03,9.535783148984244e+03,5.882352941176471e-01,16879788
9.538913754963190e+03,9.533619637316131e+03,1.764705882352941e+00,16879786
9.539823161183974e+03,9.538058455301621e+03,5.882352941176471e-01,16879789
9.539849530519323e+03,9.538084824636970e+03,5.882352941176471e-01,16879790
9.541180339864561e+03,9.539415633982208e+03,5.882352941176471e-01,16879791
9.541587867066327e+03,9.539741393721892e+03,5.882352941176471e-01,16879792
9.542957323600184e+03,9.541192617717831e+03,5.882352941176471e-01,16879794
9.544722029482537e+03,9.542954858644545e+03,5.882352941176471e-01,16879796
9.545303420294145e+03,9.543290772587735e+03,5.882352941176471e-01,16879797
9.545504263378214e+03,9.540210145731155e+03,1.764705882352941e+00,16879793
9.546874329239295e+03,9.543583675872784e+03,5.882352941176471e-01,16879798
9.548639035121648e+03,9.546817070334733e+03,5.882352941176471e-01,16879802
9.549033675142920e+03,9.541774008529439e+03,1.764705882352941e+00,16879795
9.550535287677758e+03,9.547602816532405e+03,5.882352941176471e-01,16879804
9.552374616339125e+03,9.550609910456772e+03,5.882352941176471e-01,16879806
9.552454974222004e+03,9.543857974386565e+03,1.176470588235294e+00,16879799
9.552555384786666e+03,9.550790678904314e+03,5.882352941176471e-01,16879807
9.554179501162917e+03,9.551543844257201e+03,5.882352941176471e-01,16879809
9.557708912927623e+03,9.550851933228805e+03,1.764705882352941e+00,16879808
9.557911256040868e+03,9.552617138393809e+03,1.764705882352941e+00,16879810
9.559473618809976e+03,9.553406285377124e+03,1.764705882352941e+00,16879811
9.561856109188913e+03,9.560091403306560e+03,5.882352941176471e-01,16879814
9.562627430891345e+03,9.560432323307734e+03,5.882352941176471e-01,16879815
9.562951721307953e+03,9.560873906004104e+03,5.882352941176471e-01,16879817
9.563703936740772e+03,9.561939230858419e+03,5.882352941176471e-01,16879818
9.564512721147249e+03,9.559086838131527e+03,1.176470588235294e+00,16879812
9.566277427029602e+03,9.559422309543247e+03,1.764705882352941e+00,16879813
9.566544456793541e+03,9.564779750911188e+03,5.882352941176471e-01,16879819
9.570021663952241e+03,9.568256958069888e+03,5.882352941176471e-01,16879823
9.571658148305391e+03,9.569109572750543e+03,5.882352941176471e-01,16879825
9.571658148305391e+03,9.568797562320302e+03,5.882352941176471e-01,16879824
9.572035208538195e+03,9.566452485728999e+03,1.764705882352941e+00,16879820
9.573548540932012e+03,9.570377352098161e+03,5.882352941176471e-01,16879826
9.573548540932012e+03,9.571070751893328e+03,5.882352941176471e-01,16879827
9.575313246814365e+03,9.573257561943723e+03,5.882352941176471e-01,16879829
9.577192539619419e+03,9.574236062468221e+03,5.882352941176471e-01,16879830
9.577307126542121e+03,9.568000515011481e+03,1.764705882352941e+00,16879822
9.577307126542121e+03,9.566780857349674e+03,1.764705882352941e+00,16879821
9.583069437013760e+03,9.581304731131407e+03,5.882352941176471e-01,16879833
9.584697359040445e+03,9.579403241393386e+03,1.764705882352941e+00,16879832
9.586462064922798e+03,9.584260735762886e+03,5.882352941176471e-01,16879836
9.587059899540857e+03,9.585131397010619e+03,5.882352941176471e-01,16879837
9.590290393996533e+03,9.587553580243933e+03,5.882352941176471e-01,16879841
9.590604412885407e+03,9.586167418883265e+03,1.176470588235294e+00,16879839
9.590918431774280e+03,9.583412650327487e+03,1.764705882352941e+00,16879834
9.593024341001142e+03,9.591259635118790e+03,5.882352941176471e-01,16879842
9.593281848382465e+03,9.591517142500112e+03,5.882352941176471e-01,16879843
9.593284548071176e+03,9.591519842188823e+03,5.882352941176471e-01,16879844
9.594789046883495e+03,9.592730861038111e+03,5.882352941176471e-01,16879845
9.597172134120537e+03,9.595407428238184e+03,5.882352941176471e-01,16879847
9.600579308155496e+03,9.596325903205511e+03,1.176470588235294e+00,16879849
9.600701545885243e+03,9.595285190508437e+03,1.764705882352941e+00,16879846
9.600765006859726e+03,9.595470889212668e+03,1.764705882352941e+00,16879848
9.602425505857680e+03,9.599780420052758e+03,5.882352941176471e-01,16879851
9.604190211740033e+03,9.602268271543382e+03,5.882352941176471e-01,16879855
9.604190211740033e+03,9.601282514198333e+03,5.882352941176471e-01,16879854
9.605094821638324e+03,9.599512507338988e+03,1.176470588235294e+00,16879850
9.605954917622386e+03,9.603736834030389e+03,5.882352941176471e-01,16879856
9.606859527520677e+03,9.604680931072648e+03,5.882352941176471e-01,16879858
9.607719623504739e+03,9.604102029460113e+03,1.176470588235294e+00,16879857
9.609484329387092e+03,9.607667811568479e+03,5.882352941176471e-01,16879863
9.609484329387092e+03,9.607274977187360e+03,5.882352941176471e-01,16879862
9.610772791910372e+03,9.609008086028019e+03,5.882352941176471e-01,16879864
9.611338982507678e+03,9.609574276625325e+03,5.882352941176471e-01,16879866
9.612564918173277e+03,9.610800212290924e+03,5.882352941176471e-01,16879867
9.612911967065698e+03,9.605846925054769e+03,1.176470588235294e+00,16879859
9.614503148501841e+03,9.611904758295680e+03,5.882352941176471e-01,16879868
9.614676672948051e+03,9.606214222005731e+03,1.764705882352941e+00,16879860
9.616267854384194e+03,9.613537156359378e+03,5.882352941176471e-01,16879870
9.616354616607299e+03,9.611944873098632e+03,1.176470588235294e+00,16879869
9.616354616607299e+03,9.609415012964026e+03,1.176470588235294e+00,16879865
9.618075941378099e+03,9.615379458359593e+03,5.882352941176471e-01,16879872
9.618075941378099e+03,9.615041290356915e+03,5.882352941176471e-01,16879871
9.618744063927575e+03,9.616979358045222e+03,5.882352941176471e-01,16879873
9.619840647260452e+03,9.617749296638741e+03,5.882352941176471e-01,16879874
9.620138131060240e+03,9.618373425177887e+03,5.882352941176471e-01,16879875
9.622949474713595e+03,9.619420062948889e+03,1.176470588235294e+00,16879876
9.625661193813586e+03,9.620367076166527e+03,1.764705882352941e+00,16879877
9.628900145714208e+03,9.623606028067149e+03,1.764705882352941e+00,16879878
9.631115956619664e+03,9.629351250737311e+03,5.882352941176471e-01,16879880
9.631555515236345e+03,9.626261397589286e+03,1.764705882352941e+00,16879879
9.633021136803947e+03,9.629759037643206e+03,5.882352941176471e-01,16879882
9.633320221118698e+03,9.629671956282481e+03,1.176470588235294e+00,16879881
9.634875958307920e+03,9.632850159766826e+03,5.882352941176471e-01,16879887
9.635084927001051e+03,9.633220270240314e+03,5.882352941176471e-01,16879888
9.636710320421317e+03,9.634777877316583e+03,5.882352941176471e-01,16879890
9.636710320421317e+03,9.634857878449545e+03,5.882352941176471e-01,16879891
9.638916202774258e+03,9.635392359458207e+03,5.882352941176471e-01,16879892
9.643504438068375e+03,9.631326668072560e+03,1.764705882352941e+00,16879885
9.643504438068375e+03,9.632843035869362e+03,1.764705882352941e+00,16879886
9.643504438068375e+03,9.633367625365108e+03,1.764705882352941e+00,16879889
9.645269143950728e+03,9.641205683275910e+03,5.882352941176471e-01,16879897
9.647033849833081e+03,9.638695648012539e+03,1.764705882352941e+00,16879896
9.647104742505087e+03,9.645340036622734e+03,5.882352941176471e-01,16879898
9.647206270708576e+03,9.645441564826223e+03,5.882352941176471e-01,16879899
9.650616431101791e+03,9.648335379941841e+03,5.882352941176471e-01,16879905
9.650908505606429e+03,9.649143799724076e+03,5.882352941176471e-01,16879906
9.652381136984144e+03,9.650233953762230e+03,5.882352941176471e-01,16879907
9.653076714899347e+03,9.645616110688499e+03,1.764705882352941e+00,16879900
9.654815786856242e+03,9.647388021129338e+03,1.176470588235294e+00,16879904
9.658227786767732e+03,9.651086704840755e+03,1.764705882352941e+00,16879909
9.658227786767732e+03,9.650934139531887e+03,1.764705882352941e+00,16879908
9.659476095473591e+03,9.654055468027842e+03,1.764705882352941e+00,16879912
9.660493886244524e+03,9.658729180362171e+03,5.882352941176471e-01,16879914
9.662258592126877e+03,9.660274921196539e+03,5.882352941176471e-01,16879916
9.663521904414790e+03,9.657033029780240e+03,1.764705882352941e+00,16879913
9.664001843259312e+03,9.659875465006320e+03,1.176470588235294e+00,16879915
9.666758215538899e+03,9.664993509656546e+03,5.882352941176471e-01,16879918
9.666955743285649e+03,9.661661625638591e+03,1.764705882352941e+00,16879917
9.667022706081754e+03,9.665258000199401e+03,5.882352941176471e-01,16879919
9.668720449168002e+03,9.666896930672740e+03,5.882352941176471e-01,16879921
9.670485155050355e+03,9.668631975044081e+03,5.882352941176471e-01,16879924
9.672184018350458e+03,9.668075315254078e+03,1.176470588235294e+00,16879922
9.673948724232811e+03,9.665770209955243e+03,1.764705882352941e+00,16879920
9.675134138783489e+03,9.669162495827501e+03,1.764705882352941e+00,16879925
9.675713430115164e+03,9.673872206114507e+03,5.882352941176471e-01,16879927
9.677671925217090e+03,9.675907219334737e+03,5.882352941176471e-01,16879928
9.678031277130482e+03,9.676266571248129e+03,5.882352941176471e-01,16879929
9.679161480974283e+03,9.673867363327225e+03,1.764705882352941e+00,16879926
9.679441336098640e+03,9.677676630216287e+03,5.882352941176471e-01,16879930
9.679795983012835e+03,9.677914342755431e+03,5.882352941176471e-01,16879931
9.681378839774167e+03,9.679614133891814e+03,5.882352941176471e-01,16879932
9.681643296820810e+03,9.679878590938457e+03,5.882352941176471e-01,16879933
9.685967428000944e+03,9.682438016236238e+03,1.176470588235294e+00,16879934
9.687336066178231e+03,9.685571360295878e+03,5.882352941176471e-01,16879936
9.687732133883297e+03,9.685593679231663e+03,5.882352941176471e-01,16879937
9.688331528471689e+03,9.683037410824630e+03,1.764705882352941e+00,16879935
9.689100772060584e+03,9.686646908533261e+03,5.882352941176471e-01,16879938
9.692874574670483e+03,9.691109868788130e+03,5.882352941176471e-01,16879941
9.693271272755923e+03,9.691130756657748e+03,5.882352941176471e-01,16879942
9.693445945308662e+03,9.688151827661603e+03,1.764705882352941e+00,16879939
9.696025146172790e+03,9.694260440290437e+03,5.882352941176471e-01,16879945
9.696403986435189e+03,9.689567188438478e+03,1.764705882352941e+00,16879940
9.696800684520629e+03,9.694275590418137e+03,5.882352941176471e-01,16879946
9.697979272186342e+03,9.695039303187302e+03,5.882352941176471e-01,16879947
9.699743978068695e+03,9.697410728475650e+03,5.882352941176471e-01,16879949
9.700330096285335e+03,9.693121443476513e+03,1.764705882352941e+00,16879944
9.701508683951048e+03,9.695879522478940e+03,1.764705882352941e+00,16879948
9.702684096000544e+03,9.700090651003945e+03,5.882352941176471e-01,16879952
9.703446726301026e+03,9.701573105307924e+03,5.882352941176471e-01,16879954
9.704448801882897e+03,9.698769126070075e+03,1.176470588235294e+00,16879950
9.706213507765250e+03,9.704153091372877e+03,5.882352941176470e-01,16879956
9.706213507765250e+03,9.700168029655508e+03,1.764705882352941e+00,16879953
9.707978213647603e+03,9.706184505765461e+03,5.882352941176471e-01,16879957
9.708435561729534e+03,9.706670855847181e+03,5.882352941176471e-01,16879958
9.708740843948085e+03,9.703250725049419e+03,1.764705882352941e+00,16879955
9.710328721229832e+03,9.708564015347479e+03,5.882352941176471e-01,16879960
9.711051680578091e+03,9.709286974695738e+03,5.882352941176471e-01,16879961
9.713807151738012e+03,9.707404925670229e+03,1.764705882352941e+00,16879959
9.715088018433541e+03,9.709793900786482e+03,1.764705882352941e+00,16879962
9.716750362518068e+03,9.714985656635716e+03,5.882352941176471e-01,16879964
9.717162083629971e+03,9.711867965982912e+03,1.764705882352941e+00,16879963
9.720382136080600e+03,9.715033183883724e+03,1.764705882352941e+00,16879965
9.722146841962953e+03,9.717538339591535e+03,1.176470588235294e+00,16879968
9.723132693662255e+03,9.717131513385119e+03,1.764705882352941e+00,16879967
9.723132693662255e+03,9.716430607012519e+03,1.764705882352941e+00,16879966
9.724404473694957e+03,9.721838821981021e+03,5.882352941176471e-01,16879970
9.725258271835499e+03,9.723493565953146e+03,5.882352941176471e-01,16879971
9.726381026255086e+03,9.724616320372733e+03,5.882352941176471e-01,16879972
9.727473927689466e+03,9.725709221807113e+03,5.882352941176471e-01,16879973
9.727933885459663e+03,9.720943658619860e+03,1.764705882352941e+00,16879969
9.729191141672536e+03,9.727426435790183e+03,5.882352941176471e-01,16879974
9.730373650321675e+03,9.728608944439322e+03,5.882352941176471e-01,16879976
9.732013746038411e+03,9.729544142128093e+03,5.882352941176471e-01,16879978
9.732752314645628e+03,9.729222902880922e+03,1.176470588235294e+00,16879977
9.733778451920764e+03,9.731296376323355e+03,5.882352941176471e-01,16879979
9.733903062086381e+03,9.728484334273705e+03,1.764705882352941e+00,16879975
9.736690338050786e+03,9.734925632168433e+03,5.882352941176471e-01,16879982
9.737307863685470e+03,9.732764702602884e+03,1.176470588235294e+00,16879981
9.738046432292687e+03,9.732555225155908e+03,1.764705882352941e+00,16879980
9.741505054689010e+03,9.739740348806657e+03,5.882352941176471e-01,16879985
9.741984455697845e+03,9.736258462452048e+03,1.764705882352941e+00,16879983
9.742853731597519e+03,9.739793233647057e+03,5.882352941176471e-01,16879986
9.743269760571363e+03,9.741357556602405e+03,5.882352941176471e-01,16879988
9.744618437479871e+03,9.742748936133566e+03,5.882352941176471e-01,16879989
9.745446219873786e+03,9.743681513991433e+03,5.882352941176471e-01,16879990
9.745513867462550e+03,9.739055788945573e+03,1.764705882352941e+00,16879984
9.746898045305997e+03,9.745133339423644e+03,5.882352941176471e-01,16879991
9.747244749550521e+03,9.745408673780243e+03,5.882352941176471e-01,16879993
9.747244749550521e+03,9.745154100228763e+03,5.882352941176471e-01,16879992
9.749547460643329e+03,9.747782754760976e+03,5.882352941176471e-01,16879994
9.749944801928968e+03,9.748180096046615e+03,5.882352941176471e-01,16879996
9.751761681984227e+03,9.749996976101874e+03,5.882352941176471e-01,16879998
9.753328039201152e+03,9.748033921554094e+03,1.764705882352941e+00,16879995
9.753526387866580e+03,9.751675067472263e+03,5.882352941176471e-01,16880000
9.755092745083505e+03,9.753234301379074e+03,5.882352941176471e-01,16880003
9.755505750611030e+03,9.753741044728677e+03,5.882352941176471e-01,16880004
9.756684998658260e+03,9.754720940750763e+03,5.882352941176471e-01,16880005
9.756956625298572e+03,9.749251367627215e+03,1.176470588235294e+00,16879997
9.758653424520847e+03,9.755618623606598e+03,5.882352941176471e-01,16880006
9.758721331180925e+03,9.751208472654276e+03,1.764705882352941e+00,16879999
9.760418130403200e+03,9.756961438210989e+03,5.882352941176471e-01,16880010
9.762182836285553e+03,9.759123560912298e+03,5.882352941176471e-01,16880012
9.762451857811318e+03,9.751903817608573e+03,1.764705882352941e+00,16880001
9.763947542167906e+03,9.757933867598942e+03,1.764705882352941e+00,16880011
9.764162759388518e+03,9.761212491295518e+03,5.882352941176471e-01,16880014
9.765712248050259e+03,9.762609486506879e+03,5.882352941176471e-01,16880018
9.765927465270870e+03,9.760669384570203e+03,1.176470588235294e+00,16880013
9.769345324426260e+03,9.767580618543907e+03,5.882352941176471e-01,16880021
9.770362974220684e+03,9.765068856573625e+03,1.764705882352941e+00,16880019
9.772775080194826e+03,9.769053618881190e+03,1.176470588235294e+00,16880022
9.772874736190966e+03,9.767480962547767e+03,1.764705882352941e+00,16880020
9.774596530071136e+03,9.771363846855237e+03,5.882352941176471e-01,16880025
9.774596530071136e+03,9.771215045093089e+03,5.882352941176471e-01,16880024
9.776404147955672e+03,9.771095490303408e+03,1.764705882352941e+00,16880023
9.777460316286442e+03,9.775695610404089e+03,5.882352941176471e-01,16880027
9.779805388825086e+03,9.778040682942733e+03,5.882352941176471e-01,16880028
9.783965539964097e+03,9.782200834081745e+03,5.882352941176471e-01,16880031
9.784015972916533e+03,9.778721855269474e+03,1.764705882352941e+00,16880029
9.785055964578991e+03,9.782238372431453e+03,5.882352941176471e-01,16880032
9.787494951728803e+03,9.781526552814285e+03,1.764705882352941e+00,16880030
9.788585376343697e+03,9.786052638579401e+03,5.882352941176471e-01,16880037
9.791182632720262e+03,9.784476523116890e+03,1.764705882352941e+00,16880034
9.791182632720262e+03,9.784276224138157e+03,1.764705882352941e+00,16880033
9.795159860516702e+03,9.785064872383186e+03,1.764705882352941e+00,16880035
9.796706042294755e+03,9.789015984762264e+03,1.764705882352941e+00,16880040
9.797624209964745e+03,9.792089032606864e+03,1.764705882352941e+00,16880042
9.800453978163761e+03,9.794403392798067e+03,1.764705882352941e+00,16880043
9.802000159941813e+03,9.795917414769908e+03,1.764705882352941e+00,16880044
9.803419082426429e+03,9.798124964779370e+03,1.764705882352941e+00,16880045
9.803953880039772e+03,9.801777083158332e+03,5.882352941176471e-01,16880048
9.803953880039772e+03,9.800940936151521e+03,5.882352941176471e-01,16880047
9.805183788308782e+03,9.803167562450060e+03,5.882352941176471e-01,16880049
9.806939468366544e+03,9.805174762484191e+03,5.882352941176471e-01,16880050
9.807483291804478e+03,9.800613482490672e+03,1.764705882352941e+00,16880046
9.807852266660950e+03,9.806087560778598e+03,5.882352941176471e-01,16880051
9.811928374266669e+03,9.808398962501963e+03,1.176470588235294e+00,16880053
9.812844451466638e+03,9.807550333819579e+03,1.764705882352941e+00,16880052
9.813693080149022e+03,9.810935611575499e+03,5.882352941176471e-01,16880056
9.814087608056537e+03,9.812147816424345e+03,5.882352941176471e-01,16880057
9.816113088585117e+03,9.808793490409479e+03,1.176470588235294e+00,16880054
9.817550143190599e+03,9.814752660914696e+03,5.882352941176471e-01,16880060
9.817550143190599e+03,9.815302222580217e+03,5.882352941176471e-01,16880061
9.817877794467470e+03,9.810452400060541e+03,1.764705882352941e+00,16880055
9.819314849072952e+03,9.816781514102964e+03,5.882352941176471e-01,16880063
9.819314849072952e+03,9.816193293367700e+03,5.882352941176471e-01,16880062
9.821079554955305e+03,9.818128956540368e+03,5.882352941176471e-01,16880065
9.822125733534917e+03,9.812332982044579e+03,1.176470588235294e+00,16880058
9.823367350127464e+03,9.818694997784985e+03,1.176470588235294e+00,16880066
9.823890439417270e+03,9.812914833659480e+03,1.764705882352941e+00,16880059
9.825132056009817e+03,9.818027244186584e+03,1.764705882352941e+00,16880064
9.825594207475056e+03,9.823829501592703e+03,5.882352941176471e-01,16880067
9.828084861840718e+03,9.826320155958365e+03,5.882352941176471e-01,16880068
9.828268064200976e+03,9.826503358318623e+03,5.882352941176471e-01,16880069
9.829892742796791e+03,9.827021326028259e+03,5.882352941176471e-01,16880071
9.831727462322413e+03,9.829359323428603e+03,5.882352941176471e-01,16880076
9.831727462322413e+03,9.828657590168579e+03,5.882352941176471e-01,16880075
9.831971275756345e+03,9.826677158109286e+03,1.764705882352941e+00,16880070
9.833614074921732e+03,9.830145305116197e+03,5.882352941176471e-01,16880077
9.833614074921732e+03,9.830558889592253e+03,5.882352941176471e-01,16880078
9.833614074921732e+03,9.831022733657367e+03,5.882352941176471e-01,16880079
9.835378780804085e+03,9.832062733491389e+03,5.882352941176471e-01,16880081
9.837143486686438e+03,9.828149624451298e+03,1.764705882352941e+00,16880074
9.838741048730428e+03,9.835211636965722e+03,1.176470588235294e+00,16880082
9.839867556321309e+03,9.836338144556603e+03,1.176470588235294e+00,16880083
9.841108987095555e+03,9.839344281213202e+03,5.882352941176471e-01,16880084
9.841856298921451e+03,9.840091593039098e+03,5.882352941176471e-01,16880085
9.843795933587466e+03,9.842031227705113e+03,5.882352941176471e-01,16880087
9.844323122651941e+03,9.842558416769588e+03,5.882352941176471e-01,16880088
9.846569452951862e+03,9.841275335304803e+03,1.764705882352941e+00,16880086
9.847952745674760e+03,9.846188039792407e+03,5.882352941176471e-01,16880089
9.848798932672317e+03,9.847034226789964e+03,5.882352941176471e-01,16880090
9.851212436835176e+03,9.847683025070470e+03,1.176470588235294e+00,16880091
9.853067214290018e+03,9.851302508407665e+03,5.882352941176471e-01,16880092
9.854882620534311e+03,9.853117914651958e+03,5.882352941176471e-01,16880093
9.855626877203240e+03,9.853862171320887e+03,5.882352941176471e-01,16880094
9.857672722431058e+03,9.855908016548705e+03,5.882352941176471e-01,16880096
9.861133287562812e+03,9.858306576404704e+03,5.882352941176471e-01,16880100
9.861133287562812e+03,9.858702398849995e+03,5.882352941176471e-01,16880101
9.861583432518049e+03,9.855770323282801e+03,1.764705882352941e+00,16880095
9.862897993445165e+03,9.859664710165987e+03,5.882352941176471e-01,16880102
9.864887771805136e+03,9.856657436209603e+03,1.764705882352941e+00,16880099
9.864887771805136e+03,9.856255614052940e+03,1.764705882352941e+00,16880098
9.868192111092224e+03,9.864578081068219e+03,1.176470588235294e+00,16880104
9.868417183569842e+03,9.862561776601519e+03,1.764705882352941e+00,16880103
9.870490628799844e+03,9.865196511152785e+03,1.764705882352941e+00,16880105
9.873535746855003e+03,9.868241629207944e+03,1.764705882352941e+00,16880106
9.873576631739133e+03,9.871811925856780e+03,5.882352941176471e-01,16880108
9.875320895179421e+03,9.873532456966645e+03,5.882352941176471e-01,16880113
9.875320895179421e+03,9.873527689663519e+03,5.882352941176471e-01,16880112
9.878740641451988e+03,9.876330812781180e+03,5.882352941176471e-01,16880117
9.879297116085143e+03,9.871190489728982e+03,1.764705882352941e+00,16880107
9.880505347334341e+03,9.877635399447893e+03,5.882352941176471e-01,16880118
9.880876330423111e+03,9.875159622676894e+03,1.176470588235294e+00,16880115
9.882517375275874e+03,9.879963606180886e+03,5.882352941176471e-01,16880120
9.882641036305464e+03,9.873883967502394e+03,1.764705882352941e+00,16880114
9.884282081158227e+03,9.882239467751417e+03,5.882352941176471e-01,16880123
9.886046787040580e+03,9.883015872807288e+03,5.882352941176471e-01,16880124
9.886046787040580e+03,9.883987838648086e+03,5.882352941176471e-01,16880125
9.886170448070170e+03,9.879731405780828e+03,1.764705882352941e+00,16880119
9.887873323437728e+03,9.884879529273192e+03,5.882352941176471e-01,16880126
9.887873323437728e+03,9.885562411337131e+03,5.882352941176471e-01,16880128
9.889638029320081e+03,9.886787402602580e+03,5.882352941176471e-01,16880131
9.889938707664965e+03,9.882112780431708e+03,1.176470588235294e+00,16880122
9.891402735202434e+03,9.889305379110561e+03,5.882352941176471e-01,16880133
9.891402735202434e+03,9.888474680127496e+03,5.882352941176471e-01,16880132
9.891703413547318e+03,9.889817271712959e+03,5.882352941176471e-01,16880134
9.893167441084787e+03,9.890390423968080e+03,5.882352941176471e-01,16880135
9.894932146967140e+03,9.886536875665812e+03,1.764705882352941e+00,16880130
9.895421054670414e+03,9.893656348788061e+03,5.882352941176471e-01,16880137
9.897301601148109e+03,9.892007483501050e+03,1.764705882352941e+00,16880136
9.897369185420448e+03,9.895604479538095e+03,5.882352941176471e-01,16880139
9.898636825679927e+03,9.896239882340440e+03,5.882352941176471e-01,16880140
9.899066307030461e+03,9.897047386745656e+03,5.882352941176471e-01,16880142
9.900831012912814e+03,9.898701182278390e+03,5.882352941176471e-01,16880144
9.900898597185154e+03,9.894681378708545e+03,1.764705882352941e+00,16880138
9.903930943326986e+03,9.898195834606805e+03,1.764705882352941e+00,16880143
9.911584253900383e+03,9.906290136253324e+03,1.764705882352941e+00,16880145
9.913342133960084e+03,9.908048016313025e+03,1.764705882352941e+00,16880146
9.914697441571974e+03,9.912141402579179e+03,5.882352941176471e-01,16880150
9.915113665665089e+03,9.908993925654451e+03,1.764705882352941e+00,16880147
9.916871545724790e+03,9.910010543259183e+03,1.764705882352941e+00,16880148
9.916878371547441e+03,9.914865231417201e+03,5.882352941176471e-01,16880153
9.918636251607143e+03,9.913812310654621e+03,1.176470588235294e+00,16880151
9.920851993023828e+03,9.919087287141475e+03,5.882352941176471e-01,16880157
9.921840160023999e+03,9.919770786086399e+03,5.882352941176471e-01,16880158
9.922165663371849e+03,9.915529997975130e+03,1.764705882352941e+00,16880154
9.923767617580277e+03,9.920986221922881e+03,5.882352941176471e-01,16880159
9.924292878600631e+03,9.917234055071219e+03,1.764705882352941e+00,16880155
9.925532323462630e+03,9.922960239184915e+03,5.882352941176471e-01,16880162
9.925532323462630e+03,9.922638428775779e+03,5.882352941176471e-01,16880161
9.926178898053465e+03,9.924107577093350e+03,5.882352941176471e-01,16880163
9.927620316640400e+03,9.924535505741593e+03,5.882352941176471e-01,16880165
9.927620316640400e+03,9.924544003808009e+03,5.882352941176471e-01,16880166
9.927620316640400e+03,9.924879254633985e+03,5.882352941176471e-01,16880167
9.931149728405106e+03,9.921393246125423e+03,1.764705882352941e+00,16880160
9.931149728405106e+03,9.917701764556167e+03,1.764705882352941e+00,16880156
9.932914434287459e+03,9.929896452266134e+03,5.882352941176471e-01,16880170
9.933093756243084e+03,9.927799638596025e+03,1.764705882352941e+00,16880169
9.936174522151097e+03,9.934409816268744e+03,5.882352941176471e-01,16880172
9.936651955283933e+03,9.931357837636874e+03,1.764705882352941e+00,16880171
9.939720032989159e+03,9.934425915342100e+03,1.764705882352941e+00,16880173
9.941468639798156e+03,9.935006037699677e+03,1.764705882352941e+00,16880174
9.941658519756693e+03,9.939199124043402e+03,5.882352941176471e-01,16880176
9.942092234997908e+03,9.939980704316930e+03,5.882352941176471e-01,16880179
9.943233345680509e+03,9.938562823233202e+03,1.176470588235294e+00,16880175
9.944651641227556e+03,9.942886935345203e+03,5.882352941176471e-01,16880180
9.946321535842592e+03,9.944556829960239e+03,5.882352941176471e-01,16880182
9.949438609432919e+03,9.945909197668213e+03,1.176470588235294e+00,16880183
9.949701576675681e+03,9.944407459028622e+03,1.764705882352941e+00,16880181
9.951334798936653e+03,9.949099314678915e+03,5.882352941176471e-01,16880186
9.951334798936653e+03,9.949069786760231e+03,5.882352941176471e-01,16880185
9.952110415461248e+03,9.946816297814189e+03,1.764705882352941e+00,16880184
9.953099504819006e+03,9.950190114881173e+03,5.882352941176471e-01,16880187
9.954864210701359e+03,9.950192943771522e+03,1.176470588235294e+00,16880188
9.954954652112507e+03,9.953189946230154e+03,5.882352941176471e-01,16880189
9.961311016049169e+03,9.959546310166816e+03,5.882352941176471e-01,16880190
9.963075721931522e+03,9.960537543137582e+03,5.882352941176471e-01,16880193
9.964066338518666e+03,9.960536926753960e+03,1.176470588235294e+00,16880192
9.965214605124276e+03,9.959920487477217e+03,1.764705882352941e+00,16880191
9.967142576605269e+03,9.965377870722916e+03,5.882352941176471e-01,16880194
9.969217124736371e+03,9.965687712971665e+03,1.176470588235294e+00,16880195
9.969596883044122e+03,9.967832177161769e+03,5.882352941176471e-01,16880196
9.970176537872698e+03,9.968411831990345e+03,5.882352941176471e-01,16880197
9.974033258880719e+03,9.972268552998366e+03,5.882352941176471e-01,16880200
9.974511242383430e+03,9.968997319530568e+03,1.764705882352941e+00,16880198
9.975797964763072e+03,9.973818672056331e+03,5.882352941176471e-01,16880201
9.976224711593707e+03,9.970930593946648e+03,1.764705882352941e+00,16880199
9.977776044060743e+03,9.975539396765197e+03,5.882352941176471e-01,16880203
9.979546928548167e+03,9.976688336303109e+03,5.882352941176471e-01,16880205
9.979805360030488e+03,9.974489416290881e+03,1.764705882352941e+00,16880202
9.983205556054033e+03,9.976713474822903e+03,1.764705882352941e+00,16880206
9.983205556054033e+03,9.975577336594588e+03,1.764705882352941e+00,16880204
9.984841046195225e+03,9.977794579875956e+03,1.764705882352941e+00,16880208
9.984970261936386e+03,9.983077554630875e+03,5.882352941176471e-01,16880210
9.984970261936386e+03,9.982215420718996e+03,5.882352941176471e-01,16880209
9.988435065830512e+03,9.985988754061882e+03,5.882352941176471e-01,16880214
9.988469241568643e+03,9.983663630406911e+03,1.176470588235294e+00,16880212
9.990216859581930e+03,9.987947873281563e+03,5.882352941176471e-01,16880215
9.990216859581930e+03,9.988262905710183e+03,5.882352941176471e-01,16880216
9.990233947450996e+03,9.983213409464525e+03,1.764705882352941e+00,16880211
9.992366939222505e+03,9.990602233340153e+03,5.882352941176471e-01,16880218
9.993746271346636e+03,9.984974005542069e+03,1.764705882352941e+00,16880213
9.995566722559211e+03,9.990943269981516e+03,1.176470588235294e+00,16880219
9.995896350987211e+03,9.994091601215092e+03,5.882352941176471e-01,16880222
9.997275683111342e+03,9.990172944885769e+03,1.764705882352941e+00,16880217
9.997331428441564e+03,9.995093114230392e+03,5.882352941176471e-01,16880223
9.997661056869564e+03,9.995886209308555e+03,5.882352941176471e-01,16880224
9.999042989270074e+03,9.997278283387721e+03,5.882352941176471e-01,16880225
